-0.556644 0.0008300738 -0.528986 0.06017824 1.290122 -0.6223552 0.008648512 1.346478 0 0
-0.5561908 -0.000546555 -0.5283038 0.05835744 1.288456 -0.6184515 0.008451474 1.341049 0 0
-0.5560122 -0.000576943 -0.5276878 0.05835327 1.288248 -0.6174967 0.008589905 1.338409 0 0
-0.5557275 -0.0005818447 -0.5280246 0.05822944 1.285653 -0.6165418 0.008582526 1.33643 0 0
-0.5556479 -0.0008855481 -0.5281678 0.05825458 1.286167 -0.6191334 0.008946334 1.341236 0 0
-0.5555962 -0.0008919029 -0.5282049 0.05825766 1.28607 -0.6189399 0.008164246 1.339299 0 0
-0.5551837 -0.0009694304 -0.5286384 0.05820647 1.285017 -0.6192188 0.008700427 1.339985 0 0
-0.555279 -0.000782645 -0.5285623 0.05789599 1.285227 -0.6147293 0.007092033 1.334287 0 0
-0.5549411 -0.0008251018 -0.5270652 0.05675434 1.283722 -0.6156665 0.007715984 1.334601 0 0
-0.5546407 -0.0009810547 -0.5274158 0.05797472 1.27994 -0.6162368 0.007835722 1.334539 0 0
-0.5666899 -0.01110038 -0.5309275 0.05771586 1.285096 -0.6272637 0.01398632 1.356179 0 0
-0.5544804 0.0001441993 -0.5286285 0.05681375 1.282315 -0.6157061 0.009494557 1.33381 0 0
-0.5569542 -0.006537332 -0.5291184 0.0557453 1.28198 -0.5964601 0.005430834 1.303517 0 0
-0.5649132 -0.006527131 -0.535751 0.05767419 1.28415 -0.6293308 0.0139196 1.36 0 0
-0.5727593 -0.01703597 -0.5347956 0.05763442 1.280736 -0.6320274 0.004215124 1.354233 0 0
-0.5672227 -0.01210589 -0.5359122 0.05709318 1.282147 -0.6315321 0.009194981 1.356441 0 0
-0.5532664 -0.006374438 -0.5289071 0.05036376 1.270846 -0.6166448 0.00210737 1.329045 0 0
-0.5547541 -0.0118874 -0.528716 0.04920284 1.270873 -0.6290578 -0.00198006 1.346222 0 0
-0.5520532 -0.009102508 -0.5255651 0.04834058 1.265074 -0.6172306 0.0006063021 1.3273 0 0
-0.5517338 -0.009188564 -0.5250227 0.04644504 1.263767 -0.6182539 -0.0006144767 1.327316 0 0
-0.5515324 -0.009269282 -0.5234547 0.04481615 1.26254 -0.6137175 -0.001173756 1.320571 0 0
-0.5510742 -0.00998777 -0.5254017 0.04559437 1.262148 -0.6115094 -0.003036831 1.321 0 0
-0.5522078 -0.008332074 -0.5249348 0.0456953 1.260134 -0.6170804 -0.001127673 1.323499 0 0
-0.5521903 -0.009179238 -0.5237647 0.04453586 1.25723 -0.6170341 -0.0009259149 1.325469 0 0
-0.5527339 -0.008721273 -0.5238979 0.0449126 1.257917 -0.5934523 -0.005924187 1.288429 0 0
-0.5531219 -0.008538864 -0.5239825 0.04616727 1.256221 -0.60782 -0.003853682 1.3067 0 0
-0.55317 -0.008494494 -0.5250775 0.04644137 1.257933 -0.6086596 -0.002789837 1.304833 0 0
-0.5511301 -0.009738226 -0.5248836 0.04674093 1.257697 -0.6062921 -0.00378164 1.306794 0 0
-0.5512784 -0.008958858 -0.5270048 0.0476379 1.258958 -0.6162781 0.003088631 1.32 0 0
-0.5509722 -0.009021958 -0.5263044 0.04711046 1.259386 -0.6160841 0.001322499 1.319941 0 0
-0.5510587 -0.008766073 -0.5263271 0.04721989 1.260519 -0.6120687 -0.000144939 1.313593 0 0
-0.5502614 -0.0128147 -0.5265289 0.0482264 1.260796 -0.6213836 0.007173743 1.333533 0 0
-0.5473651 -0.01317241 -0.5230695 0.04718873 1.260708 -0.6205353 0.001765355 1.331765 0 0
-0.5450904 -0.009988232 -0.5210501 0.04947235 1.259646 -0.6183282 0.005258375 1.335591 0 0
-0.5411282 -0.008753791 -0.5176039 0.04968532 1.263129 -0.601631 0.0001853391 1.307167 0 0
-0.535043 -0.008723632 -0.5219579 0.05382448 1.263677 -0.5945002 -0.01111495 1.324482 0 0
-0.5325646 -0.02631845 -0.4999396 0.05035448 1.263056 -0.5912043 0.0001123707 1.3375 0 0
-0.5292414 -0.02663912 -0.4871018 0.04749935 1.262932 -0.5914173 -0.00644848 1.349667 0 0
-0.5172702 -0.01607576 -0.4885042 0.05604613 1.264973 -0.5771437 -0.005476954 1.3136 0 0
-0.5117232 -0.011874 -0.4856002 0.0586091 1.266256 -0.5819739 -2.516015E-05 1.323969 0 0
-0.5060637 -0.009695318 -0.4844702 0.06241057 1.26735 -0.5609009 0.003528673 1.296929 0 0
-0.5015308 -0.007922436 -0.4810011 0.06540383 1.269883 -0.5603229 0.005055606 1.303926 0 0
-0.4954752 -0.006393958 -0.468362 0.06597389 1.26659 -0.5486002 0.008655609 1.293062 0 0
-0.490555 -0.002666457 -0.462685 0.0685387 1.271513 -0.5462183 0.01173903 1.298412 0 0
-0.4856704 -0.0005132615 -0.4558489 0.07152059 1.273335 -0.537446 0.0135079 1.292867 0 0
-0.4789918 0.002251524 -0.4442936 0.07320046 1.270433 -0.5298429 0.01547014 1.290735 0 0
-0.4722556 0.005074506 -0.4278779 0.07113381 1.269734 -0.5233486 0.02003207 1.290848 0 0
-0.4645701 0.009838455 -0.4210877 0.07734241 1.269764 -0.5174997 0.02525289 1.29176 0 0
-0.4569485 0.01311057 -0.41415 0.08344869 1.270401 -0.5093679 0.02779364 1.294032 0 0
-0.4491245 0.0158166 -0.4022453 0.08225121 1.278193 -0.5025711 0.03126711 1.296334 0 0
-0.4400494 0.01989122 -0.4012579 0.09058359 1.278913 -0.4933849 0.03257805 1.296357 0 0
-0.4323999 0.02304834 -0.3959036 0.09567306 1.279493 -0.4866033 0.03535565 1.300936 0 0
-0.4247058 0.02375602 -0.3839751 0.09436845 1.283264 -0.4787706 0.03712411 1.300652 0 0
-0.4167604 0.025452 -0.3797773 0.09603287 1.285832 -0.4693516 0.03507703 1.301965 0 0
-0.4082628 0.02317377 -0.3668733 0.09024069 1.286113 -0.4636502 0.03546468 1.305368 0 0
-0.4002409 0.01510555 -0.356418 0.08452898 1.287399 -0.4575151 0.02845955 1.308563 0 0
-0.3911151 0.007246772 -0.3414947 0.07096066 1.284796 -0.4453613 0.02091916 1.302305 0 0
-0.3852806 0.001304276 -0.3299066 0.06058916 1.286013 -0.4309514 0.03464929 1.375167 0 0
-0.3792408 -0.004497984 -0.3186135 0.05140514 1.285773 -0.4258967 0.03055459 1.3874 0 0
-0.3753796 -0.01220374 -0.311403 0.04330043 1.284811 -0.4057566 0.02675733 1.358364 0 0
-0.3714486 -0.01771768 -0.3090376 0.03846361 1.286395 -0.4169521 0.004734157 1.307811 0 0
-0.3698798 -0.02347884 -0.3044215 0.03139329 1.286881 -0.3985675 0.03490935 1.396 0 0
-0.3676133 -0.02775209 -0.3014941 0.02556284 1.285905 -0.3950966 0.02880201 1.402194 0 0
-0.3657976 -0.03238614 -0.2994705 0.02056961 1.284739 -0.4102558 -0.008510741 1.300378 0 0
-0.3647124 -0.03668479 -0.2967423 0.014113 1.285396 -0.4067855 -0.01214592 1.293813 0 0
-0.3635185 -0.03942816 -0.2961349 0.01058584 1.288149 -0.4090209 -0.0121085 1.304061 0 0
-0.3619632 -0.04246055 -0.293242 0.006629606 1.285497 -0.4052497 -0.01343212 1.29994 0 0
-0.3596465 -0.04328997 -0.291307 0.005305349 1.286783 -0.4046766 -0.01594252 1.298872 0 0
-0.3582959 -0.04516831 -0.2888533 0.002144483 1.288977 -0.398408 -0.01771441 1.294582 0 0
-0.3557556 -0.04754671 -0.2871234 -0.000492055 1.290881 -0.4012583 -0.01542881 1.306889 0 0
-0.3548232 -0.05043061 -0.2845258 -0.003974926 1.292297 -0.3948602 -0.02158364 1.296317 0 0
-0.3529331 -0.05320377 -0.2819805 -0.005888945 1.290885 -0.3965575 -0.02093338 1.305556 0 0
-0.3509502 -0.05633929 -0.2775868 -0.01345691 1.291532 -0.388973 -0.0261317 1.295304 0 0
-0.3495641 -0.05966708 -0.2762799 -0.01634102 1.293112 -0.3872656 -0.02811301 1.295952 0 0
-0.3480107 -0.06255369 -0.2739855 -0.02208778 1.295384 -0.3858872 -0.02953677 1.3005 0 0
-0.3471512 -0.06661443 -0.2736726 -0.02410798 1.293151 -0.3828473 -0.03345131 1.294366 0 0
-0.3461573 -0.07007562 -0.2728076 -0.03007094 1.295195 -0.3814459 -0.03562256 1.295625 0 0
-0.3431235 -0.07529324 -0.2701887 -0.03533064 1.293578 -0.3777727 -0.04013588 1.292 0 0
-0.3392609 -0.08333191 -0.2663216 -0.04573235 1.293877 -0.3712565 -0.04859935 1.287851 0 0
-0.3333261 -0.09418277 -0.256041 -0.0648542 1.290185 -0.3634294 -0.05726316 1.284372 0 0
-0.3287529 -0.1041378 -0.2542357 -0.07517319 1.29222 -0.3571033 -0.06661279 1.2815 0 0
-0.32635 -0.1111913 -0.2507298 -0.0872599 1.295281 -0.3535188 -0.07234793 1.2842 0 0
-0.3246292 -0.1149061 -0.245005 -0.09787053 1.293528 -0.3519642 -0.07405175 1.289422 0 0
-0.3238232 -0.1166448 -0.2454393 -0.1012434 1.295059 -0.3477054 -0.07422484 1.285543 0 0
-0.3231416 -0.1165709 -0.2424657 -0.1048228 1.293914 -0.3462243 -0.0724902 1.287632 0 0
-0.3230221 -0.1148229 -0.2422098 -0.1075687 1.296623 -0.3418053 -0.06759494 1.289435 0 0
-0.3218624 -0.1112709 -0.2425383 -0.104257 1.297014 -0.3396437 -0.06428661 1.289039 0 0
-0.3229028 -0.1055172 -0.2420268 -0.0971629 1.298875 -0.3382525 -0.05621184 1.29134 0 0
-0.3240973 -0.09669016 -0.2425105 -0.08986894 1.294202 -0.3403542 -0.04346599 1.297 0 0
-0.3263776 -0.0861676 -0.2424714 -0.07884245 1.293079 -0.340422 -0.03556347 1.291364 0 0
-0.3295626 -0.07364869 -0.2455647 -0.06371281 1.290545 -0.3448919 -0.02417373 1.290575 0 0
-0.3343149 -0.06093281 -0.2496939 -0.04872228 1.288369 -0.3535205 -0.009055519 1.294844 0 0
-0.3400432 -0.04609521 -0.2558007 -0.03101606 1.287298 -0.3597578 0.004431129 1.29335 0 0
-0.3470714 -0.03174803 -0.2643854 -0.01059275 1.285513 -0.3706597 0.01948382 1.298794 0 0
-0.3538379 -0.01772924 -0.2723389 0.008501538 1.283115 -0.3573127 0.02723855 1.340346 0 0
-0.3606177 -0.00746871 -0.2819896 0.0228492 1.281685 -0.3914521 0.03746492 1.292765 0 0
-0.3673322 0.001489138 -0.2868708 0.03343826 1.277039 -0.4007485 0.04443838 1.29203 0 0
-0.3727916 0.007980272 -0.2927479 0.0412662 1.274169 -0.3842127 0.05391458 1.322125 0 0
-0.3779976 0.01275007 -0.2991557 0.04711864 1.273456 -0.4142244 0.05697563 1.290391 0 0
-0.3809944 0.01615436 -0.3033561 0.05160281 1.272584 -0.4169499 0.0591085 1.287428 0 0
-0.3846028 0.01857032 -0.3075716 0.05527359 1.271776 -0.4200256 0.06235338 1.289333 0 0
-0.3873498 0.02110647 -0.3127745 0.05892999 1.272629 -0.4086621 0.06314705 1.326167 0 0
-0.3901472 0.02280538 -0.3183208 0.06490628 1.272854 -0.4197185 0.06428873 1.337375 0 0
-0.393357 0.02291995 -0.321666 0.06574178 1.272071 -0.4239959 0.0637481 1.3413 0 0
-0.3943875 0.02456267 -0.3267545 0.0704248 1.272653 -0.4227482 0.06231119 1.32885 0 0
-0.3969397 0.02496282 -0.3296808 0.0719295 1.270779 -0.4347647 0.06440504 1.352667 0 0
-0.4003214 0.02492306 -0.3353952 0.0755653 1.272705 -0.438073 0.06364377 1.349733 0 0
-0.4037756 0.02283657 -0.3410093 0.07801057 1.271963 -0.4410271 0.06915739 1.3625 0 0
-0.4064375 0.02253141 -0.3446555 0.08140817 1.266391 -0.4538134 0.05597097 1.293471 0 0
-0.4108476 0.02358604 -0.350669 0.08433522 1.268665 -0.4584098 0.04823909 1.281588 0 0
-0.416802 0.02485641 -0.3582345 0.0878093 1.267352 -0.4681425 0.04703243 1.286 0 0
-0.4246193 0.0263372 -0.3720299 0.09333087 1.266618 -0.4766201 0.04859251 1.283963 0 0
-0.435374 0.0274954 -0.3850447 0.09700395 1.258654 -0.4879392 0.04650992 1.28196 0 0
-0.4503504 0.02852348 -0.3990426 0.09888504 1.24336 -0.4817464 0.0609361 1.296318 0 0
-0.4685356 0.03505432 -0.4142688 0.1007171 1.224993 -0.4761651 0.1101975 1.309 0 0
-0.4875459 0.02877129 -0.458095 0.09700233 1.266044 -0.5214102 0.07408596 1.305 0 0
-0.5022661 0.02461528 -0.492599 0.09267659 1.267754 -0.5556622 0.0193611 1.290735 0 0
-0.5152899 0.01696537 -0.5098249 0.08393625 1.265586 -0.5683476 0.04521365 1.314727 0 0
-0.525615 0.0110096 -0.5222759 0.07405757 1.258591 -0.5772144 0.03171257 1.3055 0 0
-0.5320107 -0.0007448541 -0.5342647 0.06122806 1.254922 -0.5861568 -0.02229498 1.302809 0 0
-0.5381253 -0.008056688 -0.543466 0.05123106 1.25092 -0.5904212 -0.02755992 1.298145 0 0
-0.5410939 -0.02505578 -0.5463067 0.03959076 1.247308 -0.5989159 -0.03726754 1.316095 0 0
-0.5433316 -0.03787963 -0.547718 0.02796468 1.243375 -0.6014981 -0.03791086 1.308893 0 0
-0.5340189 -0.06624897 -0.5297882 0.007963097 1.23759 -0.592393 -0.06168299 1.310448 0 0
-0.5332935 -0.07351185 -0.5363631 0.001339113 1.229913 -0.5930333 -0.06807718 1.31035 0 0
-0.5303405 -0.09536915 -0.5121505 -0.03434274 1.230805 -0.5853796 -0.1055698 1.329969 0 0
-0.5285195 -0.0998269 -0.5187922 -0.03646269 1.212453 -0.588701 -0.0922506 1.30975 0 0
-0.5265284 -0.1065174 -0.5216296 -0.04518458 1.208734 -0.5887319 -0.1051517 1.319435 0 0
-0.5260595 -0.1124535 -0.5197561 -0.06042416 1.201423 -0.590582 -0.105935 1.28775 0 0
-0.5197618 -0.125182 -0.5146604 -0.07757208 1.194639 -0.5835093 -0.1157225 1.282445 0 0
-0.5167383 -0.1326232 -0.5096205 -0.09214729 1.191226 -0.5847101 -0.1311641 1.276091 0 0
-0.5122911 -0.1486955 -0.5036879 -0.1092641 1.18763 -0.5852625 -0.1540321 1.301 0 0
-0.511161 -0.1619787 -0.4976726 -0.1267494 1.185273 -0.5851473 -0.1451994 1.310064 0 0
-0.4932102 -0.1705029 -0.4881513 -0.1496329 1.181237 -0.5631727 -0.1910181 1.320831 0 0
-0.4969709 -0.1862849 -0.4852887 -0.1633156 1.177402 -0.5627729 -0.2184238 1.312224 0 0
-0.4725789 -0.1732056 -0.484945 -0.1731306 1.170683 -0.5410288 -0.217633 1.309875 0 0
-0.4794172 -0.1805593 -0.4820248 -0.1941799 1.159523 -0.5512342 -0.2087045 1.2648 0 0
-0.4687902 -0.1906681 -0.4715939 -0.2200728 1.160401 -0.5407545 -0.2062821 1.2532 0 0
-0.4597401 -0.195256 -0.460029 -0.2335918 1.163055 -0.5209858 -0.2149257 1.247875 0 0
-0.4468084 -0.1932757 -0.4467084 -0.2401768 1.168311 -0.4914081 -0.2539783 1.2512 0 0
-0.4342207 -0.1863765 -0.4334865 -0.2388735 1.172629 -0.4942021 -0.1928261 1.216046 0 0
-0.4232681 -0.1713842 -0.4221972 -0.222444 1.168461 -0.4853205 -0.1842799 1.211778 0 0
-0.4137819 -0.156694 -0.404475 -0.2154676 1.163487 -0.4660047 -0.1553134 1.197714 0 0
-0.4031923 -0.1377052 -0.3929502 -0.1922893 1.152931 -0.457132 -0.1357832 1.189 0 0
-0.3954707 -0.117681 -0.3826416 -0.1698737 1.14961 -0.4487591 -0.116049 1.190071 0 0
-0.3884846 -0.09613418 -0.3753349 -0.1430951 1.142911 -0.4408481 -0.1008102 1.174769 0 0
-0.3821436 -0.07323014 -0.3674944 -0.1180569 1.141629 -0.4334481 -0.08147428 1.166083 0 0
-0.3786457 -0.04926354 -0.362864 -0.08504735 1.14768 -0.4322012 -0.06445538 1.172 0 0
-0.3762447 -0.02531225 -0.3632739 -0.05510504 1.147296 -0.4289913 -0.0380934 1.175333 0 0
-0.3732069 -0.00746261 -0.3586106 -0.03313668 1.153297 -0.4243405 -0.01436136 1.1794 0 0
-0.3713964 0.008555679 -0.3569708 -0.01449372 1.150823 -0.4240059 0.004327235 1.180071 0 0
-0.3673771 0.02064126 -0.3561837 0.003462232 1.153827 -0.395394 0.03175882 1.178 0 0
-0.3620088 0.03006927 -0.3502929 0.01932695 1.159876 -0.4139873 0.03588279 1.186437 0 0
-0.359383 0.03630459 -0.3346336 0.03410417 1.165458 -0.4020341 0.04955183 1.188435 0 0
-0.3601992 0.03243918 -0.3185118 0.05224762 1.173321 -0.3716637 0.07156382 1.249875 0 0
-0.352677 0.03495713 -0.2980718 0.06289111 1.173833 -0.3764264 0.06359712 1.20196 0 0
-0.3418365 0.03975049 -0.2848164 0.07652274 1.188349 -0.370593 0.06655221 1.217188 0 0
-0.3330162 0.04146134 -0.2720211 0.08533523 1.204373 -0.3588319 0.07354154 1.21485 0 0
-0.3250847 0.04045134 -0.2641082 0.09080745 1.219963 -0.3564547 0.07284872 1.2395 0 0
-0.31834 0.03607183 -0.2540198 0.08655977 1.230626 -0.3490113 0.07009886 1.246684 0 0
-0.3123046 0.0296732 -0.2441631 0.07969628 1.239873 -0.3447788 0.06401582 1.255119 0 0
-0.308075 0.0214449 -0.2365165 0.0704606 1.245819 -0.3477471 0.0561811 1.272261 0 0
-0.3043582 0.01423216 -0.2349447 0.06371075 1.254008 -0.3451644 0.04966577 1.279364 0 0
-0.3018233 0.004036782 -0.2316451 0.05324772 1.255677 -0.3371069 0.04063113 1.271444 0 0
-0.3002255 -0.007942554 -0.2272751 0.0353144 1.26148 -0.3300655 0.03156615 1.289304 0 0
-0.301072 -0.02350109 -0.2263212 0.01602596 1.261122 -0.3120927 0.02342503 1.35925 0 0
-0.3018586 -0.03939628 -0.2256864 -0.008484571 1.258493 -0.323221 0.0001145326 1.260404 0 0
-0.3042456 -0.05367757 -0.2232345 -0.02995584 1.254596 -0.3191879 -0.007079555 1.258894 0 0
-0.306063 -0.06779382 -0.2199208 -0.05330518 1.249786 -0.3177722 -0.02091273 1.261273 0 0
-0.315348 -0.1138342 -0.2404734 -0.1336011 1.24985 -0.3162812 -0.06589297 1.256652 0 0
-0.3208178 -0.1186501 -0.2503895 -0.1457005 1.246737 -0.3201908 -0.06843085 1.256 0 0
-0.3208657 -0.1160024 -0.2515882 -0.1402709 1.246868 -0.3212878 -0.06432869 1.255841 0 0
-0.3216318 -0.102572 -0.2517662 -0.1269538 1.2454 -0.3238124 -0.05056989 1.258872 0 0
-0.3217214 -0.09277344 -0.2500463 -0.1162071 1.246042 -0.3240438 -0.04062036 1.260754 0 0
-0.3211281 -0.08253861 -0.248404 -0.1049551 1.244031 -0.3242642 -0.02978877 1.260183 0 0
-0.3211455 -0.07411455 -0.2476973 -0.09569877 1.24632 -0.3272501 -0.01949897 1.260447 0 0
-0.3227488 -0.05632636 -0.2521609 -0.08007893 1.244101 -0.3256262 0.001737454 1.260558 0 0
-0.3253765 -0.04696387 -0.2546808 -0.07022166 1.240819 -0.3247836 0.01167572 1.261333 0 0
-0.3271426 -0.03714746 -0.2577457 -0.05999272 1.237549 -0.3288906 0.02478148 1.263306 0 0
-0.3303628 -0.02902415 -0.2608258 -0.04611358 1.235747 -0.3319168 0.02790067 1.257788 0 0
-0.3327949 -0.01725375 -0.2623658 -0.03556904 1.232939 -0.3315517 0.04047026 1.251659 0 0
-0.337643 -0.007175809 -0.2668084 -0.02332642 1.233173 -0.3410963 0.04916979 1.254 0 0
-0.3430426 0.001924221 -0.2708675 -0.01076734 1.230778 -0.3466712 0.05725421 1.254261 0 0
-0.3481717 0.009713126 -0.2763406 -4.312722E-06 1.230986 -0.356192 0.06330313 1.253643 0 0
-0.3528005 0.0176588 -0.2814699 0.01482401 1.231212 -0.3642603 0.0704017 1.254609 0 0
-0.3578315 0.02499818 -0.2857329 0.02636628 1.232223 -0.3730552 0.07764475 1.255778 0 0
-0.3780761 0.04496711 -0.30537 0.04928334 1.229681 -0.403533 0.09402059 1.256976 0 0
-0.4131445 0.06127913 -0.3485801 0.08596283 1.222698 -0.4392023 0.1076579 1.238641 0 0
-0.474927 0.02355394 -0.4270262 0.07848692 1.18325 -0.5190467 0.04358696 1.212308 0 0
-0.4764521 0.01467419 -0.4349516 0.07258207 1.177736 -0.5194318 0.03283421 1.206423 0 0
-0.4759107 0.009786666 -0.4474004 0.07285954 1.171578 -0.5213783 0.02766949 1.202 0 0
-0.4732167 0.0047706 -0.4483881 0.06543363 1.160753 -0.5225018 0.01690914 1.203208 0 0
-0.462894 -0.0007753188 -0.4443896 0.0602382 1.14504 -0.5122753 0.01288555 1.185407 0 0
-0.4546606 -0.0008108643 -0.4443659 0.06253645 1.145128 -0.502937 0.01210151 1.184 0 0
-0.4435242 -0.001836329 -0.4261659 0.06051289 1.132713 -0.487599 0.004916465 1.18075 0 0
-0.4322164 6.617831E-05 -0.4234851 0.06547758 1.129466 -0.4804178 0.008506765 1.174846 0 0
-0.4087972 0.005652481 -0.4017186 0.07116924 1.122698 -0.4593751 0.01474157 1.158625 0 0
-0.3961408 0.007426173 -0.3853455 0.07452351 1.111822 -0.4483874 0.01559092 1.151461 0 0
-0.3863722 0.009788197 -0.3657584 0.07421558 1.107134 -0.4360068 0.01363533 1.145429 0 0
-0.373504 0.01308593 -0.3550457 0.07685111 1.101662 -0.4230231 0.01368048 1.141938 0 0
-0.3624651 0.01268482 -0.3234381 0.06802946 1.094363 -0.4088655 0.02956063 1.131188 0 0
-0.3513532 0.01303343 -0.3251174 0.07602195 1.089247 -0.4039334 0.01622466 1.1306 0 0
-0.3427759 0.01210941 -0.3133745 0.07532987 1.079108 -0.3916649 0.01744476 1.126938 0 0
-0.3350143 0.01112762 -0.3067553 0.07562979 1.0832 -0.3825262 0.02425637 1.1204 0 0
-0.3230749 0.01185395 -0.2981359 0.07495059 1.073192 -0.3753071 0.009734504 1.114333 0 0
-0.3191778 0.007929008 -0.2924666 0.07197677 1.066116 -0.3687864 0.00657375 1.106 0 0
-0.3175285 0.007164729 -0.2908299 0.06869205 1.060119 -0.3682528 0.004884703 1.103118 0 0
-0.3164302 0.002815606 -0.2885138 0.06373375 1.05659 -0.3669608 0.005599477 1.0919 0 0
-0.315899 0.001343649 -0.2894832 0.06310592 1.04926 -0.3665389 0.001652273 1.094937 0 0
-0.3118284 -0.001132888 -0.2831778 0.05720652 1.042098 -0.3629719 0.0007763059 1.0815 0 0
-0.3052956 -0.009000764 -0.2686064 0.05047499 1.030554 -0.3561322 4.056733E-05 1.06625 0 0
-0.3049197 -0.009856942 -0.2662406 0.04835455 1.024891 -0.3555623 0.002001291 1.063091 0 0
-0.3041632 -0.01078824 -0.2666368 0.04764104 1.025791 -0.3549851 -0.005310574 1.068937 0 0
-0.3033423 -0.0108265 -0.2642684 0.04572627 1.023648 -0.3534377 -0.00416701 1.06425 0 0
-0.302202 -0.01242326 -0.2640016 0.04428534 1.022648 -0.3531508 -0.004549023 1.062176 0 0
-0.3015192 -0.01381864 -0.259761 0.04034394 1.024096 -0.355413 -0.000503608 1.063019 0 0
-0.301155 -0.01417589 -0.266073 0.04403597 1.019189 -0.352999 -0.004345329 1.058867 0 0
-0.3018073 -0.01538799 -0.261612 0.04135771 1.018654 -0.3514699 -0.007066251 1.055786 0 0
-0.3017956 -0.01763398 -0.2648729 0.04261359 1.01514 -0.3540514 -0.004339918 1.058445 0 0
-0.301612 -0.01592253 -0.2674265 0.04315751 1.011879 -0.3527079 -0.005764046 1.052143 0 0
-0.301801 -0.01721832 -0.2614215 0.03956454 1.013234 -0.344343 0.009684227 1.074546 0 0
-0.3025058 -0.01522586 -0.2646413 0.04094708 1.011689 -0.3491679 0.004510445 1.055588 0 0
-0.3027499 -0.01524184 -0.2612135 0.03927923 1.013616 -0.3534994 -0.006611221 1.053813 0 0
-0.3008075 -0.01231236 -0.2611744 0.04357274 1.008896 -0.3498947 -0.005489732 1.050077 0 0
-0.2918522 -0.01166063 -0.2493073 0.04744817 1.011361 -0.3243681 0.02234709 1.064 0 0
-0.2781938 -0.006958709 -0.2318182 0.05285292 1.019384 -0.3268068 0.0004693709 1.061467 0 0
-0.2621667 0.0002756713 -0.2181931 0.0660876 1.024681 -0.3051798 0.02085034 1.076278 0 0
-0.2435024 0.007342559 -0.1949095 0.07323501 1.025816 -0.2801043 0.04222544 1.119375 0 0
-0.224744 0.01088623 -0.176815 0.07669158 1.037966 -0.2633901 0.04053934 1.118083 0 0
-0.209819 0.01384825 -0.1567462 0.07537179 1.060557 -0.2413465 0.03085596 1.059 0 0
-0.1944506 0.01833378 -0.1462952 0.080641 1.06795 -0.2274957 0.05127266 1.1284 0 0
-0.1749547 0.02063839 -0.1283411 0.0809021 1.07987 -0.2026182 0.05843494 1.134875 0 0
-0.1702912 0.0208062 -0.122894 0.08119447 1.083656 -0.1997458 0.05707799 1.135451 0 0
-0.1668782 0.02128762 -0.1206986 0.08187718 1.090382 -0.1987883 0.04708212 1.128769 0 0
-0.1651565 0.02166096 -0.117805 0.08144883 1.09122 -0.208784 0.02939883 1.111684 0 0
-0.1647673 0.0207534 -0.1137998 0.07853897 1.093228 -0.2096359 0.02372551 1.098667 0 0
-0.1646481 0.02001206 -0.1136812 0.07847743 1.092046 -0.2102451 0.02092355 1.099143 0 0
-0.1644053 0.0200299 -0.1135191 0.07527421 1.087896 -0.2037319 0.03500875 1.116222 0 0
-0.1651243 0.01847771 -0.1186864 0.07567847 1.089531 -0.2093536 0.01503051 1.09625 0 0
-0.1645221 0.01705369 -0.1143578 0.07370387 1.086396 -0.1982553 0.04355431 1.129364 0 0
-0.1636496 0.01700973 -0.1125569 0.07184806 1.08815 -0.2045026 0.02846254 1.111 0 0
-0.16289 0.01582401 -0.1138278 0.07253022 1.084931 -0.1923976 0.04453837 1.1269 0 0
-0.1618814 0.01379004 -0.1112225 0.07062866 1.084652 -0.2062439 0.01554231 1.091429 0 0
-0.161806 0.01414533 -0.1113207 0.07069484 1.085569 -0.2001976 0.03692188 1.12375 0 0
-0.1611633 0.01278514 -0.1111775 0.06960806 1.08407 -0.2037587 0.01904605 1.099696 0 0
-0.1605623 0.01298067 -0.1101515 0.06954785 1.083783 -0.2025003 0.02520204 1.107162 0 0
-0.1596268 0.01191436 -0.1103788 0.06935008 1.08051 -0.2036726 0.01068081 1.087818 0 0
-0.1594801 0.01087063 -0.1079509 0.06743683 1.079341 -0.1878337 0.04513623 1.129857 0 0
-0.1588475 0.01072438 -0.1088841 0.06736796 1.078967 -0.2042543 0.01278031 1.08865 0 0
-0.1583861 0.0117047 -0.1092278 0.06772321 1.074439 -0.192932 0.02982108 1.098435 0 0
-0.1580506 0.01151908 -0.1090572 0.06761929 1.072739 -0.2034057 0.01242483 1.0856 0 0
-0.1568306 0.01194968 -0.106251 0.06594008 1.074244 -0.2019208 0.01217478 1.083105 0 0
-0.1558122 0.01271063 -0.1032811 0.06533679 1.074047 -0.2016 0.01245491 1.082194 0 0
-0.1561181 0.01241453 -0.1031142 0.06522594 1.072147 -0.1911455 0.0342432 1.1134 0 0
-0.1567398 0.01129507 -0.1058855 0.06746618 1.070342 -0.2012887 0.0117115 1.082091 0 0
-0.1558943 0.01226458 -0.1066566 0.06885536 1.072604 -0.1979482 0.02390589 1.098179 0 0
-0.1557315 0.01218991 -0.1065242 0.06876601 1.071331 -0.2048873 0.01911845 1.092332 0 0
-0.1558819 0.01247597 -0.1091905 0.07013414 1.069486 -0.203511 0.01895213 1.093769 0 0
-0.1557104 0.01246927 -0.10835 0.07015941 1.068691 -0.2004696 0.01351314 1.083261 0 0
-0.1554948 0.01270395 -0.1069024 0.07020721 1.072085 -0.1837839 0.04997061 1.1245 0 0
-0.1561027 0.01358801 -0.1041405 0.06886711 1.072577 -0.1871386 0.0431312 1.115 0 0
-0.1564803 0.01433692 -0.1061375 0.07118621 1.072855 -0.1895136 0.04419038 1.120842 0 0
-0.1567389 0.01584443 -0.1057106 0.07300161 1.068571 -0.1981311 0.03277965 1.103 0 0
-0.1582124 0.01746318 -0.10614 0.07365841 1.073146 -0.2035402 0.02104396 1.082238 0 0
-0.1587819 0.01873848 -0.1059033 0.07390579 1.070837 -0.20463 0.02328493 1.08125 0 0
-0.1603651 0.0209026 -0.1091181 0.07820653 1.07373 -0.2037769 0.02490711 1.084391 0 0
-0.1620805 0.02330595 -0.1092682 0.08140347 1.068892 -0.2073995 0.02760975 1.079474 0 0
-0.163733 0.02870668 -0.1141338 0.08754664 1.070851 -0.1922431 0.06413073 1.112769 0 0
-0.1677418 0.03354134 -0.1177262 0.09457329 1.067001 -0.2006282 0.06724676 1.116286 0 0
-0.1719439 0.03972125 -0.124491 0.1024847 1.067683 -0.2155332 0.05547768 1.096077 0 0
-0.1780892 0.04601266 -0.1289646 0.1099071 1.066279 -0.2132105 0.07291881 1.106667 0 0
-0.1852712 0.05265288 -0.1364149 0.1154951 1.072852 -0.2273802 0.057394 1.073217 0 0
-0.193946 0.06003182 -0.142667 0.1209253 1.078214 -0.2373854 0.07204858 1.084421 0 0
-0.2038135 0.06593495 -0.1545119 0.130813 1.08023 -0.2458935 0.07484829 1.076857 0 0
-0.2137378 0.07129131 -0.166632 0.1369712 1.082701 -0.2434753 0.103853 1.108867 0 0
-0.2233021 0.07592957 -0.1807203 0.144179 1.081038 -0.2579505 0.1064513 1.121455 0 0
-0.2331169 0.07839011 -0.1911962 0.146251 1.081157 -0.2548608 0.1214712 1.1364 0 0
-0.2430325 0.08158202 -0.2004882 0.1495465 1.083992 -0.2852738 0.08337098 1.086357 0 0
-0.2534863 0.083828 -0.2101914 0.1509881 1.092792 -0.298891 0.09866043 1.115286 0 0
-0.2626581 0.08629655 -0.2213502 0.155078 1.092318 -0.304001 0.1090878 1.13925 0 0
-0.2713896 0.08806061 -0.2278101 0.1579621 1.10218 -0.3123998 0.09152939 1.100964 0 0
-0.2802851 0.0892084 -0.2330459 0.1582158 1.109423 -0.3222001 0.1113915 1.122909 0 0
-0.2889112 0.09432738 -0.2463768 0.1675973 1.115453 -0.33007 0.10765 1.121789 0 0
-0.2969911 0.09867511 -0.2553537 0.1722828 1.120856 -0.3281371 0.1314235 1.154545 0 0
-0.3068252 0.1045718 -0.2662071 0.1770442 1.122823 -0.34449 0.1173595 1.12831 0 0
-0.3164395 0.107603 -0.2732585 0.1780906 1.130668 -0.3526807 0.1168512 1.123912 0 0
-0.3279552 0.1158871 -0.2976678 0.1910623 1.130543 -0.3658053 0.115324 1.113417 0 0
-0.3394241 0.1209042 -0.3035429 0.1941434 1.133406 -0.363132 0.1623625 1.179818 0 0
-0.3490744 0.1249884 -0.3158526 0.1994718 1.135966 -0.376345 0.1569682 1.175625 0 0
-0.3583388 0.1270942 -0.3228558 0.1989396 1.136284 -0.4044473 0.1529834 1.1905 0 0
-0.3648222 0.131474 -0.337172 0.2046274 1.140529 -0.3921629 0.1760824 1.177429 0 0
-0.3676679 0.1330541 -0.3388603 0.2091044 1.14614 -0.4147941 0.1318516 1.139454 0 0
-0.3686482 0.133772 -0.3340196 0.2071997 1.153303 -0.4093152 0.1715576 1.20025 0 0
-0.3665833 0.1329556 -0.3215595 0.2099944 1.164412 -0.4033497 0.1421546 1.141963 0 0
-0.3621754 0.1324461 -0.3162307 0.2096757 1.169849 -0.4006755 0.1423498 1.143345 0 0
-0.3575231 0.129151 -0.3070596 0.2060385 1.179055 -0.3908875 0.1437083 1.148423 0 0
-0.350881 0.1259971 -0.2979475 0.198727 1.186014 -0.385484 0.1441977 1.154044 0 0
-0.3406929 0.1215649 -0.2807115 0.1913747 1.193157 -0.3383095 0.1613913 1.234857 0 0
-0.3333422 0.1113117 -0.2733165 0.1848107 1.199255 -0.3037413 0.15834 1.248 0 0
-0.325233 0.1003157 -0.2680661 0.1681768 1.210499 -0.3498216 0.1350959 1.175526 0 0
-0.3181347 0.08853532 -0.2473217 0.1561624 1.216213 -0.3396033 0.1270674 1.189632 0 0
-0.3101123 0.08552004 -0.2348905 0.125848 1.217167 -0.3261878 0.1325863 1.204 0 0
-0.3103666 0.07587076 -0.2367832 0.09571578 1.230647 -0.3114399 0.1295896 1.209655 0 0
-0.3104223 0.0721244 -0.2340949 0.09086473 1.234793 -0.3082739 0.1237493 1.209605 0 0
-0.3110325 0.07097982 -0.2384688 0.08668609 1.231704 -0.3122707 0.1215478 1.224667 0 0
-0.3116107 0.07197577 -0.2371956 0.08093599 1.22977 -0.3017418 0.1254137 1.212676 0 0
-0.3142613 0.07402843 -0.2384904 0.08119318 1.229436 -0.3037927 0.1261644 1.216582 0 0
-0.314876 0.0759801 -0.2358016 0.07375623 1.225797 -0.3012397 0.1292951 1.217334 0 0
-0.3180369 0.07741698 -0.2388268 0.07468969 1.223531 -0.3072707 0.1275156 1.213864 0 0
-0.3212225 0.07937353 -0.2399298 0.06827062 1.218193 -0.3043898 0.1328986 1.209258 0 0
-0.3269885 0.08191869 -0.2472841 0.07166605 1.214999 -0.3156609 0.1347169 1.208076 0 0
-0.3335223 0.08576674 -0.2529903 0.07617301 1.214272 -0.2996944 0.1389828 1.200333 0 0
-0.3395605 0.0907786 -0.2595185 0.08080305 1.212677 -0.3063768 0.1440413 1.20205 0 0
-0.345142 0.09688139 -0.2664949 0.08821489 1.209683 -0.3342618 0.1502577 1.213256 0 0
-0.3512518 0.1040088 -0.2758411 0.1016911 1.210428 -0.3407818 0.1585626 1.216637 0 0
-0.356979 0.1104687 -0.2781502 0.1084302 1.20953 -0.3230204 0.1653294 1.203 0 0
-0.363876 0.1191974 -0.2809479 0.1159504 1.208494 -0.3314762 0.1735268 1.204808 0 0
-0.3710345 0.126797 -0.2939174 0.1325915 1.208235 -0.3723511 0.1836282 1.2245 0 0
-0.3793241 0.135346 -0.3003454 0.1395312 1.205516 -0.3504165 0.1883855 1.205868 0 0
-0.3882422 0.1427022 -0.3096965 0.1516985 1.210238 -0.3584955 0.1980615 1.209568 0 0
-0.396214 0.1494428 -0.3147193 0.1614583 1.211953 -0.3671739 0.205158 1.212556 0 0
-0.4022209 0.1548974 -0.3212504 0.1669765 1.211024 -0.3752522 0.2112302 1.2138 0 0
-0.4156924 0.1668861 -0.3350264 0.1888947 1.217261 -0.3948076 0.2211547 1.221346 0 0
-0.4187745 0.1691258 -0.3367456 0.1891195 1.219861 -0.4013719 0.2221232 1.225255 0 0
-0.4213408 0.1711294 -0.3439124 0.1935619 1.222772 -0.4021616 0.2264654 1.226151 0 0
-0.4236038 0.1728156 -0.3521573 0.2023951 1.224701 -0.4076885 0.2262649 1.225479 0 0
-0.4248166 0.1741203 -0.348976 0.200159 1.225364 -0.4546184 0.2207844 1.249084 0 0
-0.4254049 0.1755011 -0.3495364 0.1998895 1.226195 -0.4119824 0.2290474 1.225712 0 0
-0.4260001 0.1776036 -0.3541439 0.2057799 1.228839 -0.4127086 0.2305353 1.22597 0 0
-0.4268501 0.1791125 -0.3559448 0.2075638 1.229026 -0.4137829 0.2318785 1.224974 0 0
-0.4251073 0.1821683 -0.3524284 0.2069087 1.228944 -0.4401831 0.2278999 1.235916 0 0
-0.4242482 0.1854294 -0.3532875 0.2099233 1.230214 -0.4350848 0.2362513 1.233429 0 0
-0.4257954 0.185454 -0.3562312 0.2119652 1.229878 -0.4308173 0.2344427 1.225417 0 0
-0.4263336 0.1875368 -0.3548279 0.2124946 1.232969 -0.4360875 0.2323763 1.225185 0 0
-0.4281598 0.1895839 -0.3641784 0.2202822 1.236002 -0.4382548 0.2351205 1.224519 0 0
-0.4287859 0.191677 -0.3670576 0.22608 1.238006 -0.4461384 0.2356595 1.23044 0 0
-0.4302675 0.1942535 -0.3645817 0.2291961 1.240802 -0.4400748 0.2400747 1.221391 0 0
-0.4320765 0.195464 -0.3684411 0.232928 1.240255 -0.4446563 0.2396757 1.220309 0 0
-0.4345811 0.1965891 -0.3711674 0.2363126 1.24275 -0.4485988 0.2408504 1.219091 0 0
-0.4363134 0.199256 -0.3738458 0.2419916 1.242871 -0.4556761 0.2407717 1.219344 0 0
-0.4379 0.2011122 -0.377461 0.2466713 1.241458 -0.4538979 0.2443496 1.20912 0 0
-0.4396487 0.2039782 -0.3825732 0.2500983 1.239283 -0.4602517 0.2476681 1.212091 0 0
-0.4424756 0.2041131 -0.3865952 0.2516342 1.235929 -0.4654785 0.2427985 1.210357 0 0
-0.4447404 0.2037057 -0.392454 0.2539766 1.230858 -0.4770983 0.2358865 1.236546 0 0
-0.4508914 0.2000673 -0.4019356 0.2499457 1.226048 -0.480825 0.2404277 1.267286 0 0
-0.4527425 0.201048 -0.4043095 0.2530376 1.222909 -0.483668 0.2469772 1.273667 0 0
-0.4544205 0.1998762 -0.4096951 0.2510459 1.216699 -0.4875452 0.2430253 1.268112 0 0
-0.4558267 0.2011184 -0.4124849 0.2518321 1.211383 -0.4914186 0.240247 1.2625 0 0
-0.4576511 0.1991851 -0.4133945 0.2489203 1.207054 -0.4959861 0.245679 1.269833 0 0
-0.4590316 0.198492 -0.4161832 0.2491513 1.201602 -0.4986276 0.2367506 1.262 0 0
-0.4583218 0.1990124 -0.4191419 0.2499377 1.191213 -0.4890969 0.2214449 1.17895 0 0
-0.4575391 0.1979429 -0.4162824 0.2467366 1.191464 -0.4906211 0.2184645 1.179652 0 0
-0.4596124 0.1951566 -0.4210224 0.2455717 1.189522 -0.4907933 0.2133786 1.176237 0 0
-0.4589578 0.192987 -0.4196956 0.2433058 1.18645 -0.4917651 0.2161883 1.190833 0 0
-0.4577793 0.1933914 -0.4129779 0.2453049 1.189331 -0.4934148 0.2127543 1.187475 0 0
-0.4587277 0.1901518 -0.4222081 0.2415246 1.18051 -0.4925699 0.2048188 1.169455 0 0
-0.4566247 0.1892938 -0.4169891 0.2420752 1.181369 -0.4947128 0.2016278 1.18 0 0
-0.4585073 0.1853456 -0.423569 0.2368132 1.177014 -0.4981644 0.1934338 1.172308 0 0
-0.4604602 0.1703199 -0.4228494 0.2409293 1.173872 -0.4939365 0.1764661 1.169384 0 0
-0.4577795 0.1688535 -0.4259232 0.2355934 1.171512 -0.4939876 0.1765516 1.178714 0 0
-0.4575914 0.1676511 -0.4259292 0.2339522 1.170814 -0.4938008 0.1747374 1.177034 0 0
-0.4565021 0.1655126 -0.424798 0.2337307 1.174057 -0.4947765 0.1679664 1.174536 0 0
-0.4558195 0.1647649 -0.4253419 0.2317741 1.169103 -0.4947706 0.1636887 1.178556 0 0
-0.4546323 0.1641725 -0.4271765 0.2321151 1.169687 -0.49279 0.1609111 1.167125 0 0
-0.4548428 0.1636113 -0.4252774 0.232742 1.170881 -0.4940978 0.1574976 1.16608 0 0
-0.4547307 0.1608885 -0.4249095 0.2296864 1.17109 -0.4932092 0.1594952 1.167704 0 0
-0.4557202 0.1605211 -0.4218127 0.2289414 1.172339 -0.4994555 0.1587109 1.175172 0 0
-0.4556978 0.1592621 -0.4220817 0.2296354 1.173672 -0.4980845 0.1593241 1.175948 0 0
-0.4556659 0.1573059 -0.4216694 0.2262238 1.172478 -0.500093 0.166322 1.203273 0 0
-0.455956 0.1564853 -0.4227552 0.2261475 1.172698 -0.5049013 0.1567309 1.191471 0 0
-0.4548051 0.1562443 -0.4198599 0.2253179 1.170986 -0.4961075 0.151284 1.168286 0 0
-0.4521912 0.1550449 -0.4176637 0.2231619 1.173722 -0.4975575 0.1569617 1.185372 0 0
-0.4481086 0.1525292 -0.4114329 0.2208829 1.172286 -0.486118 0.1492504 1.172826 0 0
-0.4415619 0.1498613 -0.4021005 0.2180745 1.179347 -0.4868777 0.1688584 1.24075 0 0
-0.4302515 0.1466559 -0.3925922 0.2161824 1.184239 -0.4658011 0.1787489 1.236667 0 0
-0.4121107 0.1462293 -0.3668225 0.2046689 1.197711 -0.4375136 0.161685 1.181 0 0
-0.4038126 0.1423794 -0.3564083 0.199575 1.205863 -0.4368779 0.1431493 1.179415 0 0
-0.3986556 0.138826 -0.3495152 0.1961289 1.211749 -0.4354665 0.1817854 1.271857 0 0
-0.3946168 0.1356883 -0.3456284 0.1941672 1.219247 -0.4422795 0.175281 1.291667 0 0
-0.3897995 0.1331601 -0.3419515 0.1935803 1.224695 -0.4230391 0.1383211 1.191511 0 0
-0.3870075 0.1296514 -0.3354749 0.1910942 1.230836 -0.4210992 0.1385894 1.197143 0 0
-0.3828584 0.126617 -0.3309299 0.1887425 1.234385 -0.4156976 0.1363255 1.197962 0 0
-0.3781957 0.1240671 -0.3248846 0.1852449 1.238381 -0.4118944 0.1348325 1.199119 0 0
-0.37423 0.1214192 -0.3172563 0.1816062 1.24235 -0.3936066 0.07756235 1.210377 0 0
-0.3713273 0.1170484 -0.310699 0.1752425 1.243847 -0.4015954 0.1312279 1.198926 0 0
-0.368255 0.111848 -0.3047327 0.1712044 1.248203 -0.3705545 0.1040902 1.214284 0 0
-0.3633162 0.1072441 -0.2987553 0.1587007 1.248952 -0.3617806 0.06994114 1.22071 0 0
-0.3615522 0.1011874 -0.2954591 0.1522459 1.249935 -0.2909938 0.09127809 1.224214 0 0
-0.3622105 0.09487868 -0.295148 0.1428835 1.252289 -0.308627 0.07053009 1.228026 0 0
-0.3616457 0.089828 -0.2966833 0.1309382 1.248814 -0.2973468 0.06675101 1.220552 0 0
-0.3634332 0.08426614 -0.2989752 0.1189358 1.246487 -0.300719 0.05694349 1.21324 0 0
-0.364691 0.07935998 -0.2977245 0.1151673 1.24518 -0.3054801 0.04855552 1.211793 0 0
-0.3675934 0.07409403 -0.301589 0.11197 1.241299 -0.3081169 0.04213774 1.206655 0 0
-0.3699354 0.0704772 -0.3009546 0.1103363 1.240742 -0.3137785 0.03758737 1.204934 0 0
-0.3717939 0.06778379 -0.2996911 0.1006171 1.238293 -0.3195048 0.03286577 1.202808 0 0
-0.3738261 0.06603444 -0.3019659 0.09219252 1.233716 -0.319618 0.02994984 1.196722 0 0
-0.372725 0.06619546 -0.3007665 0.08495318 1.227369 -0.3360852 0.02960473 1.197151 0 0
-0.3750947 0.0668149 -0.3010061 0.07880262 1.226081 -0.319979 0.03260713 1.2356 0 0
-0.3761954 0.06793063 -0.3046547 0.07474001 1.220612 -0.3134492 0.03467917 1.20315 0 0
-0.3780492 0.07049841 -0.3046765 0.07691722 1.216332 -0.3137201 0.03748574 1.195514 0 0
-0.3813104 0.0729904 -0.3100218 0.0773564 1.212798 -0.3193548 0.03942659 1.19178 0 0
-0.3847835 0.07770725 -0.309838 0.07967101 1.209379 -0.3233422 0.04349436 1.190976 0 0
-0.3879407 0.08310184 -0.3111564 0.0853645 1.205488 -0.3346205 0.04865595 1.190185 0 0
-0.3907696 0.08900537 -0.3128113 0.09432032 1.200648 -0.3352808 0.05309945 1.174394 0 0
-0.3949664 0.0954027 -0.3185583 0.1071166 1.19667 -0.3308197 0.06091511 1.171147 0 0
-0.4038303 0.09565674 -0.3234764 0.1049975 1.186544 -0.3397067 0.0601547 1.1596 0 0
-0.4103558 0.1008183 -0.3305844 0.1244501 1.188364 -0.3454218 0.07291824 1.165533 0 0
-0.4152121 0.1064392 -0.3405295 0.1374414 1.180815 -0.3615932 0.07704339 1.164044 0 0
-0.422341 0.1080743 -0.343551 0.1366063 1.169595 -0.3607056 0.06114076 1.143 0 0
-0.4305192 0.1068455 -0.362673 0.1401277 1.150381 -0.3718733 0.07533975 1.134462 0 0
-0.4393382 0.09877858 -0.3715332 0.1331612 1.132257 -0.3849177 0.05837646 1.120833 0 0
-0.4493964 0.08701836 -0.3825397 0.1245059 1.113276 -0.388949 0.04424113 1.1094 0 0
-0.4635797 0.0729724 -0.3888996 0.1127164 1.095121 -0.4072662 0.03665064 1.103923 0 0
-0.4837452 0.05747465 -0.4076392 0.1030455 1.0644 -0.4159377 0.0277904 1.084 0 0
-0.5167425 0.04123524 -0.4556215 0.08693468 1.063936 -0.4604972 0.02036808 1.0935 0 0
-0.5353788 0.03047812 -0.4946675 0.08101669 1.065064 -0.4688862 0.02243199 1.07775 0 0
-0.5476915 0.02309257 -0.5195968 0.07881561 1.057941 -0.482518 0.02768905 1.0732 0 0
-0.5465235 0.0215623 -0.5300332 0.08937195 1.044656 -0.4855511 0.04090145 1.067143 0 0
-0.5344877 0.02190254 -0.5274206 0.09001756 1.04587 -0.4836697 0.0451494 1.069429 0 0
-0.5176119 0.02366654 -0.5065171 0.08794023 1.055787 -0.4703302 0.01597802 1.077182 0 0
-0.4872273 0.01245961 -0.4513281 0.0778399 1.055231 -0.4433359 -0.003319434 1.100778 0 0
-0.4615449 0.01250559 -0.4186832 0.08018385 1.048852 -0.5028884 0.0163327 1.079063 0 0
-0.436334 0.01535769 -0.4118229 0.08460892 1.050545 -0.4824918 0.009415899 1.086062 0 0
-0.4179829 0.002992736 -0.3781784 0.06289725 1.068299 -0.4593935 0.01827756 1.1016 0 0
-0.4038274 -0.01944363 -0.3322906 0.02535279 1.069129 -0.4473312 -0.001605449 1.098187 0 0
-0.3951688 -0.04455781 -0.3131742 -0.005240244 1.070046 -0.4316806 -0.0154189 1.090385 0 0
-0.3991314 -0.07316763 -0.3161253 -0.0660996 1.075269 -0.4235046 -0.03900415 1.086632 0 0
-0.412898 -0.1017023 -0.3174419 -0.1246344 1.060693 -0.4276719 -0.05090112 1.086 0 0
-0.430191 -0.1206779 -0.3694517 -0.1671191 1.044304 -0.4410977 -0.06792398 1.078706 0 0
-0.4470237 -0.1293277 -0.3955543 -0.1837796 1.036432 -0.4488278 -0.07179996 1.076947 0 0
-0.4570852 -0.1317309 -0.414103 -0.1870421 1.044765 -0.4385812 -0.06961609 1.067923 0 0
-0.4568644 -0.1172919 -0.4162866 -0.1775846 1.046777 -0.4217515 -0.064043 1.066177 0 0
-0.4490694 -0.09331953 -0.4221284 -0.1626677 1.02954 -0.4144116 -0.04397063 1.072191 0 0
-0.4396687 -0.0610741 -0.4006893 -0.1208327 1.022673 -0.4047647 -0.01501467 1.071875 0 0
-0.4284579 -0.01765673 -0.3860959 -0.06140769 1.027361 -0.3862557 0.02149632 1.057353 0 0
-0.4250141 0.02440427 -0.3745925 0.005163122 1.040259 -0.3915472 0.05790498 1.06975 0 0
-0.4190214 0.06296243 -0.355609 0.092852 1.04658 -0.4039086 0.0949544 1.097333 0 0
-0.4178175 0.09501791 -0.3605023 0.09784088 1.056732 -0.3727289 0.1075833 1.096286 0 0
-0.4196694 0.1201734 -0.3620937 0.1416629 1.069731 -0.3589013 0.1639281 1.0894 0 0
-0.4201675 0.1427752 -0.3763172 0.1733302 1.071903 -0.3586487 0.197045 1.102 0 0
-0.4234382 0.1634919 -0.387742 0.1976846 1.068403 -0.3715994 0.22129 1.123933 0 0
-0.4246179 0.1809988 -0.3929049 0.2171351 1.064785 -0.3647891 0.2415798 1.124143 0 0
-0.4249772 0.1973869 -0.398969 0.2377244 1.063819 -0.3728575 0.2465882 1.13425 0 0
-0.4218855 0.217306 -0.398748 0.2562341 1.070763 -0.3738677 0.2555907 1.148286 0 0
-0.4191129 0.2271644 -0.3964642 0.2703326 1.078708 -0.3746434 0.2597504 1.151333 0 0
-0.4165909 0.2371825 -0.3948656 0.2821234 1.0838 -0.3797481 0.2548327 1.158813 0 0
-0.4115315 0.2404419 -0.3929827 0.2868136 1.084731 -0.3732689 0.2666038 1.16 0 0
-0.4040869 0.2321975 -0.3805505 0.2829343 1.088072 -0.3725403 0.2653937 1.149537 0 0
-0.4041343 0.2047341 -0.3684204 0.2670923 1.084494 -0.3848819 0.2190719 1.160111 0 0
-0.4029925 0.1951709 -0.3602488 0.2564095 1.089104 -0.4249218 0.2272194 1.168077 0 0
-0.3982222 0.1882202 -0.3535089 0.2458895 1.088321 -0.4060278 0.227839 1.1498 0 0
-0.391247 0.1735094 -0.3559685 0.2278538 1.080235 -0.4088559 0.2158434 1.148 0 0
-0.380424 0.1547215 -0.3563167 0.1996964 1.073649 -0.3990126 0.2079285 1.1368 0 0
-0.3612239 0.135951 -0.3540398 0.1686206 1.063367 -0.3718773 0.2031011 1.1105 0 0
-0.3414043 0.1217191 -0.3487668 0.1453224 1.070005 -0.3662667 0.1901282 1.1362 0 0
-0.323444 0.1019931 -0.3351423 0.1272538 1.075467 -0.3289654 0.1600146 1.1265 0 0
-0.3048744 0.08610446 -0.3112705 0.1111087 1.089307 -0.3052457 0.1392634 1.139923 0 0
-0.2814508 0.07585547 -0.2841103 0.09652684 1.091597 -0.2861964 0.1334044 1.14975 0 0
-0.2575624 0.06762196 -0.2578958 0.08770981 1.09634 -0.2648964 0.1263501 1.156125 0 0
-0.2349815 0.06124454 -0.2291865 0.07679714 1.108327 -0.2379562 0.1178995 1.1558 0 0
-0.2268258 0.05314687 -0.2022366 0.07753675 1.124851 -0.2223785 0.1176753 1.159417 0 0
-0.2196472 0.05303178 -0.1794049 0.0707131 1.13262 -0.2052048 0.1097384 1.162733 0 0
-0.2092064 0.05419492 -0.1623438 0.06535823 1.133942 -0.2007645 0.1020827 1.18255 0 0
-0.2013274 0.05643762 -0.1464658 0.06387582 1.146555 -0.1982135 0.09932676 1.197917 0 0
-0.1904768 0.06117341 -0.1371364 0.06645858 1.13916 -0.1771628 0.1085993 1.171667 0 0
-0.1871338 0.06673647 -0.1275882 0.07106837 1.138224 -0.1780242 0.1138977 1.182615 0 0
-0.1819147 0.07551298 -0.1241268 0.08052672 1.13032 -0.1697757 0.117142 1.173333 0 0
-0.1823399 0.0807256 -0.1252466 0.09206589 1.140568 -0.1689855 0.1262752 1.167818 0 0
-0.18224 0.08646242 -0.1274763 0.100096 1.133032 -0.1769186 0.1251904 1.172324 0 0
-0.1855616 0.09168021 -0.1327795 0.1044258 1.130103 -0.1774982 0.1308954 1.160267 0 0
-0.1899645 0.09281427 -0.1368452 0.1097023 1.124481 -0.198761 0.1238622 1.189333 0 0
-0.1933639 0.09446806 -0.1424342 0.1143546 1.119159 -0.2027676 0.1245645 1.18225 0 0
-0.1959204 0.09593742 -0.1467641 0.1082883 1.115846 -0.2041981 0.1293065 1.167556 0 0
-0.2005363 0.09619994 -0.1533842 0.1087475 1.101726 -0.200194 0.1363429 1.146286 0 0
-0.20742 0.09544346 -0.1580149 0.1082181 1.094705 -0.2063431 0.1380253 1.143333 0 0
-0.2136738 0.09508491 -0.1638147 0.1078676 1.096125 -0.2124122 0.1387686 1.13475 0 0
-0.2170182 0.09517168 -0.1706743 0.1069642 1.09093 -0.2129814 0.1359709 1.129444 0 0
-0.2212696 0.09351401 -0.176746 0.1121551 1.08049 -0.2179183 0.1375815 1.127857 0 0
-0.2242012 0.09663667 -0.1782082 0.1063598 1.079982 -0.2154367 0.1365624 1.118353 0 0
-0.2258874 0.09522251 -0.1808654 0.1077187 1.077085 -0.2210203 0.1380778 1.112909 0 0
-0.2267329 0.09559307 -0.1807873 0.1047904 1.074178 -0.2315921 0.1416525 1.122857 0 0
-0.2270961 0.09350747 -0.1791174 0.1033456 1.070455 -0.220448 0.1321595 1.110368 0 0
-0.2274266 0.09372962 -0.1792765 0.1058237 1.063721 -0.2237031 0.1386754 1.1035 0 0
-0.2268875 0.09393512 -0.1780978 0.1054745 1.060686 -0.2210944 0.1404969 1.094375 0 0
-0.2266136 0.09438253 -0.1790305 0.1059928 1.05408 -0.2143568 0.135263 1.098 0 0
-0.2258582 0.09527662 -0.1804848 0.1056302 1.053805 -0.2223505 0.1385011 1.104181 0 0
-0.2249227 0.09524251 -0.178531 0.105515 1.04958 -0.2186784 0.1366359 1.093187 0 0
-0.223465 0.09529813 -0.1771691 0.104344 1.046749 -0.2152064 0.137077 1.091588 0 0
-0.2226097 0.09495614 -0.1747311 0.1055175 1.04745 -0.2199671 0.1390083 1.084727 0 0
-0.221071 0.09574527 -0.1726934 0.1050212 1.047637 -0.217984 0.138149 1.091791 0 0
-0.2191257 0.09585677 -0.1735025 0.1077527 1.043585 -0.2124319 0.137067 1.086053 0 0
-0.2184272 0.09543888 -0.1714218 0.1045564 1.049524 -0.2164074 0.1384349 1.087466 0 0
-0.2170269 0.09589022 -0.1722411 0.1052975 1.043674 -0.2122319 0.1369248 1.08974 0 0
-0.2157839 0.09506729 -0.1690744 0.1074291 1.038967 -0.2139462 0.1378603 1.085462 0 0
-0.2144332 0.09422867 -0.1697468 0.1047697 1.043012 -0.2042204 0.1357068 1.083647 0 0
-0.2142985 0.09446142 -0.1689433 0.1046369 1.043552 -0.2002233 0.1362542 1.078375 0 0
-0.2141938 0.09353058 -0.1685433 0.1000792 1.040602 -0.2056026 0.1442688 1.046 0 0
-0.2125742 0.09301721 -0.1668804 0.1011381 1.042014 -0.2074756 0.137881 1.073267 0 0
-0.2121272 0.0925108 -0.1680754 0.09996009 1.043891 -0.2064664 0.136378 1.076375 0 0
-0.2120707 0.09121538 -0.1667023 0.09634616 1.038776 -0.2079506 0.1366617 1.075209 0 0
-0.2113995 0.09049437 -0.1659052 0.09762471 1.038309 -0.2024765 0.1310223 1.080045 0 0
-0.2094394 0.08952223 -0.1659584 0.09453704 1.037658 -0.2034796 0.1299262 1.0795 0 0
-0.2050561 0.08626314 -0.163808 0.09018484 1.038038 -0.1973571 0.1293381 1.074852 0 0
-0.2024958 0.08319551 -0.1587784 0.08331432 1.040673 -0.1966283 0.1264086 1.067214 0 0
-0.1962855 0.08049288 -0.1515239 0.07744753 1.042466 -0.1927175 0.1291845 1.054111 0 0
-0.1882749 0.07336621 -0.139458 0.06869875 1.056665 -0.1767534 0.1178916 1.050875 0 0
-0.1777238 0.06420262 -0.1241283 0.05202813 1.061608 -0.164274 0.1053074 1.073222 0 0
-0.1673853 0.05696497 -0.1077326 0.04240805 1.062921 -0.1454078 0.09581581 1.070286 0 0
-0.1538977 0.04720911 -0.09159052 0.03634323 1.073527 -0.1270468 0.08309909 1.083714 0 0
-0.1405943 0.03713496 -0.07572933 0.02638222 1.076546 -0.1126719 0.07272732 1.079 0 0
-0.1275067 0.02527823 -0.05939207 0.007124114 1.073312 -0.1011543 0.06309937 1.081667 0 0
-0.117627 0.01354913 -0.04953675 -0.004898257 1.075619 -0.09345263 0.05437917 1.09475 0 0
-0.1134314 0.005121613 -0.04312136 -0.01667784 1.076721 -0.08688179 0.04760475 1.087333 0 0
-0.1111625 -0.0007322011 -0.04131809 -0.02490451 1.075519 -0.08763181 0.04354767 1.084667 0 0
-0.1112692 -0.00490398 -0.0413033 -0.03026476 1.076985 -0.08708888 0.03267604 1.0976 0 0
-0.1111083 -0.009019951 -0.04474128 -0.03299654 1.078777 -0.09842016 0.02322903 1.104727 0 0
-0.1115227 -0.01026997 -0.04603057 -0.03136769 1.076015 -0.08951537 0.03166309 1.0835 0 0
-0.1123721 -0.01110665 -0.04662877 -0.03316191 1.076514 -0.1049757 0.026528 1.11388 0 0
-0.113666 -0.01119617 -0.04553628 -0.031296 1.068982 -0.1008689 0.02662355 1.100135 0 0
-0.1128746 -0.01173603 -0.0484627 -0.03147955 1.069313 -0.09120345 0.03269032 1.0685 0 0
-0.1062081 -0.0148654 -0.03825716 -0.03000011 1.055874 -0.08928772 0.0318686 1.057333 0 0
-0.09701137 -0.02014832 -0.02976544 -0.03460032 1.061684 -0.1074244 0.02338269 1.065417 0 0
-0.09715386 -0.02520814 -0.02685158 -0.03215467 1.071975 -0.1247856 0.006869409 1.049308 0 0
-0.1032382 -0.03208517 -0.03566912 -0.03354117 1.074575 -0.1330316 -0.010492 1.034929 0 0
-0.1304662 -0.05203495 -0.04944121 -0.04957728 1.049081 -0.1034212 -0.01637826 1.059227 0 0
-0.1467651 -0.07296591 -0.06583307 -0.06781226 1.036444 -0.1685539 -0.05642886 1.012417 0 0
-0.1553916 -0.09390166 -0.0758705 -0.08937398 1.029747 -0.1821572 -0.08068501 1.005273 0 0
-0.1683333 -0.1132605 -0.08681189 -0.1086654 1.026462 -0.1906516 -0.1013188 0.9953334 0 0
-0.1826191 -0.1296159 -0.09736872 -0.1281897 1.022504 -0.2011386 -0.1196099 0.9907272 0 0
-0.1944109 -0.1448491 -0.1162622 -0.1423513 1.030859 -0.2094774 -0.1349534 0.9897143 0 0
-0.2024644 -0.1576445 -0.1225187 -0.1583541 1.027164 -0.2155572 -0.1468031 0.9863333 0 0
-0.20751 -0.1674661 -0.1275396 -0.1737922 1.029819 -0.2201475 -0.1569867 0.9832001 0 0
-0.2131511 -0.1754079 -0.1346904 -0.1825733 1.033923 -0.2223508 -0.1639049 0.979 0 0
-0.2196964 -0.1815138 -0.1399275 -0.1905975 1.030948 -0.225871 -0.1711535 0.9790667 0 0
-0.2212426 -0.1859019 -0.1428925 -0.1947269 1.026387 -0.2295329 -0.175223 0.9732858 0 0
-0.2264765 -0.1898451 -0.1502017 -0.2055122 1.027242 -0.2373697 -0.1783492 0.97 0 0
-0.2414175 -0.1921235 -0.1621714 -0.209088 1.016853 -0.2478364 -0.1818181 0.9627857 0 0
-0.258257 -0.1965015 -0.1747844 -0.2207694 1.003933 -0.2666512 -0.1872914 0.9530716 0 0
-0.2766975 -0.2042313 -0.191892 -0.2339795 0.9829245 -0.2894756 -0.1973519 0.9392 0 0
-0.312682 -0.2078183 -0.2233933 -0.2409681 0.954607 -0.318869 -0.2131775 0.9355 0 0
-0.3475698 -0.2145046 -0.2619261 -0.252036 0.9335493 -0.3438337 -0.2263007 0.9129167 0 0
-0.3835163 -0.2216626 -0.310046 -0.2572759 0.9171236 -0.3844242 -0.2429918 0.9136 0 0
-0.4059936 -0.241287 -0.342968 -0.2754436 0.8916844 -0.4206438 -0.2601936 0.9138284 0 0
-0.4288256 -0.2546161 -0.3925928 -0.2869422 0.8908696 -0.4294926 -0.2744629 0.8768001 0 0
-0.4445865 -0.2623989 -0.4425618 -0.3011729 0.8964472 -0.4213688 -0.27328 0.8896 0 0
-0.4523833 -0.2640307 -0.4663689 -0.3123009 0.8796564 -0.4232403 -0.3233573 0.98075 0 0
-0.4533594 -0.2646984 -0.4693396 -0.3146003 0.8715878 -0.4273412 -0.3141643 0.9542727 0 0
-0.4487821 -0.2627079 -0.4637148 -0.3110484 0.8548292 -0.4350949 -0.3251376 0.9602222 0 0
-0.4390243 -0.2540111 -0.4538396 -0.3050298 0.8384308 -0.4176864 -0.3095362 0.9120001 0 0
-0.4260397 -0.2482414 -0.4386887 -0.2965258 0.8188804 -0.4300242 -0.325582 0.9408 0 0
-0.4093389 -0.2408 -0.4190837 -0.284972 0.7916179 -0.3945246 -0.3039825 0.8955 0 0
-0.3900473 -0.229673 -0.3861118 -0.2659087 0.7679076 -0.3876634 -0.3017541 0.87825 0 0
-0.3702055 -0.2206716 -0.3640104 -0.2555403 0.7426051 -0.3605072 -0.2888998 0.8505 0 0
-0.3491947 -0.2161753 -0.3448218 -0.2445465 0.7135764 -0.331789 -0.2630166 0.7873334 0 0
-0.3295944 -0.2091554 -0.3267694 -0.2340687 0.684379 -0.3305219 -0.2694816 0.7925227 0 0
-0.3128828 -0.1988808 -0.3079541 -0.2253683 0.6573542 -0.3248388 -0.2471697 0.696 0 0
-0.2965488 -0.1942422 -0.2763127 -0.2081035 0.6274944 -0.325587 -0.2626248 0.72875 0 0
-0.2832878 -0.1867796 -0.2730244 -0.2040944 0.6110148 -0.3166525 -0.2513692 0.7268 0 0
-0.2713536 -0.1790754 -0.2750714 -0.2043962 0.5947667 -0.291958 -0.2325457 0.6683334 0 0
-0.264105 -0.171732 -0.2627606 -0.1894158 0.5974904 -0.2917857 -0.2338299 0.683125 0 0
-0.2468827 -0.1685975 -0.2472568 -0.1847703 0.5690052 -0.2255945 -0.1995106 0.6479333 0 0
-0.2396448 -0.1648605 -0.237134 -0.1824655 0.5643798 -0.2243212 -0.2159484 0.6758333 0 0
-0.2311934 -0.1591434 -0.2270019 -0.1776419 0.5589086 -0.189862 -0.1917107 0.6242 0 0
-0.2237859 -0.1595416 -0.220203 -0.1747217 0.5542482 -0.1910422 -0.1981114 0.650625 0 0
-0.2188586 -0.1570857 -0.2198368 -0.1743494 0.5522868 -0.1902609 -0.194526 0.6407323 0 0
-0.215619 -0.1573027 -0.2163454 -0.176575 0.5555626 -0.2156593 -0.208898 0.640625 0 0
-0.2110232 -0.1539699 -0.2164908 -0.1766677 0.5596789 -0.184597 -0.184507 0.6328334 0 0
-0.2065986 -0.1525176 -0.2050937 -0.1772661 0.566742 -0.1735228 -0.1851925 0.6486 0 0
-0.2038297 -0.1629241 -0.1931979 -0.1705668 0.5690545 -0.1758716 -0.179493 0.5927778 0 0
-0.200681 -0.1523904 -0.2090731 -0.1777046 0.5772972 -0.1663513 -0.1773264 0.6298572 0 0
-0.200109 -0.1547579 -0.2097878 -0.1824795 0.5886704 -0.1695597 -0.1777801 0.6615556 0 0
-0.1936636 -0.1693711 -0.191678 -0.1722905 0.5783784 -0.226356 -0.1604462 0.6088572 0 0
-0.1937914 -0.1682744 -0.1849679 -0.173111 0.5820027 -0.2176327 -0.1803203 0.5903333 0 0
-0.2292195 -0.30704 -0.2198069 -0.3098229 0.5005397 -0.2516931 -0.3140945 0.5104747 0 0
-0.1953571 -0.2517466 -0.1860701 -0.2549066 0.4472163 -0.2180878 -0.259543 0.4568783 0 0
-0.1959533 -0.2547204 -0.1868803 -0.2580247 0.4505296 -0.2183479 -0.2607608 0.4580895 0 0
-0.1985685 -0.2698985 -0.189325 -0.2728828 0.4597734 -0.2214246 -0.2773137 0.4695211 0 0
-0.1923718 -0.2722888 -0.1832252 -0.2752363 0.4609789 -0.215469 -0.2796131 0.4707003 0 0
-0.1928963 -0.2674607 -0.183708 -0.2704417 0.4549824 -0.2172308 -0.2727851 0.4648629 0 0
-0.1831405 -0.2698292 -0.1741047 -0.2727714 0.4569835 -0.2065092 -0.2771221 0.466658 0 0
-0.1947298 -0.2791914 -0.1856441 -0.2821579 0.4809366 -0.2179825 -0.2866021 0.4905812 0 0
-0.1841843 -0.2760702 -0.1751498 -0.2789374 0.4582027 -0.2075615 -0.2831924 0.4679321 0 0
-0.1772892 -0.249057 -0.1682553 -0.2522146 0.4457279 -0.2006439 -0.2568221 0.4552592 0 0
-0.3082055 -0.3275254 -0.3068784 -0.3425273 0.8216343 -0.298206 -0.3453053 0.804 0 0
-0.2489458 -0.3970392 -0.2899556 -0.4390798 0.785745 -0.2001027 -0.4270441 0.7489048 0 0
-0.2493808 -0.3979373 -0.3078753 -0.4615801 0.8019646 -0.2020285 -0.4258137 0.7496372 0 0
-0.249173 -0.3964066 -0.3174036 -0.4605761 0.7903832 -0.200136 -0.4268794 0.7491737 0 0
-0.2480361 -0.3955378 -0.3102275 -0.4563045 0.7899304 -0.2007342 -0.4241431 0.7510395 0 0
-0.2473769 -0.3964578 -0.2948268 -0.4478444 0.7824985 -0.2119775 -0.4249288 0.7367619 0 0
-0.2470446 -0.3958068 -0.304777 -0.4525907 0.7879614 -0.1995983 -0.4245864 0.7514982 0 0
-0.2496587 -0.393266 -0.2701537 -0.4302453 0.7654421 -0.2127891 -0.4164777 0.7545 0 0
-0.2498223 -0.3940168 -0.2757314 -0.4293759 0.7686077 -0.1999746 -0.3940365 0.7894118 0 0
-0.2492914 -0.3928492 -0.2838352 -0.4428832 0.7931111 -0.1989657 -0.3979832 0.7863127 0 0
-0.2497028 -0.3923585 -0.292133 -0.4459084 0.7979984 -0.2008619 -0.4022055 0.7810689 0 0
-0.2514894 -0.3929962 -0.2744962 -0.441581 0.7956611 -0.2117554 -0.4181335 0.7596667 0 0
-0.2511128 -0.3907987 -0.3021421 -0.4562831 0.7990001 -0.2058725 -0.4070471 0.7764167 0 0
-0.2517308 -0.391005 -0.2895465 -0.4504589 0.8021848 -0.2023251 -0.3810937 0.8000857 0 0
-0.2523195 -0.39185 -0.2841011 -0.4410621 0.7875963 -0.2035885 -0.3812217 0.7986487 0 0
-0.2536915 -0.3905854 -0.2792923 -0.4448482 0.7927814 -0.2048406 -0.3725682 0.8055833 0 0
-0.254236 -0.3894261 -0.292333 -0.4475471 0.7945623 -0.2109558 -0.4075985 0.773842 0 0
-0.2541198 -0.3890808 -0.2727833 -0.4275411 0.7648512 -0.2049848 -0.3771322 0.8018463 0 0
-0.2543846 -0.3885725 -0.2800063 -0.4385918 0.7840734 -0.2439139 -0.420696 0.7432 0 0
-0.2543392 -0.3891065 -0.2978927 -0.4493305 0.7910174 -0.2085532 -0.4050748 0.7777879 0 0
-0.2531293 -0.3876648 -0.2702181 -0.4271442 0.766605 -0.2170323 -0.4187016 0.7576154 0 0
-0.2540295 -0.3881737 -0.3024036 -0.451188 0.7940044 -0.2100264 -0.4069997 0.7758749 0 0
-0.2548555 -0.3880418 -0.269808 -