-0.117262 0.1529259 -0.1371532 0.1675391 1.177376 -0.08558378 0.1777107 1.145348 -0.06868602 0.1004006
-0.09548315 0.1682189 -0.1275736 0.1686083 1.171455 -0.06950742 0.2096273 1.165632 -0.0255289 0.1566475
-0.09548315 0.1682189 -0.1275736 0.1686083 1.171455 -0.06950742 0.2096273 1.165632 -0.0255289 0.1566475
-0.1083907 0.1593754 -0.1409917 0.1718591 1.18258 -0.08231848 0.1805423 1.143235 -0.05942886 0.1121619
-0.0950787 0.1679663 -0.1281753 0.1703613 1.17267 -0.07231051 0.2094933 1.170538 -0.02957156 0.155251
-0.0950787 0.1679663 -0.1281753 0.1703613 1.17267 -0.07231051 0.2094933 1.170538 -0.02957156 0.155251
-0.09423748 0.1689493 -0.1260573 0.1697936 1.170494 -0.06980082 0.2097902 1.1658 -0.02849315 0.1604646
-0.1050506 0.163016 -0.1357712 0.1736787 1.178457 -0.08102831 0.1850916 1.141591 -0.05727742 0.1298391
-0.1050201 0.1624668 -0.137667 0.1720027 1.178702 -0.08152202 0.184118 1.139564 -0.06023954 0.1209402
-0.1050201 0.1624668 -0.137667 0.1720027 1.178702 -0.08152202 0.184118 1.139564 -0.06023954 0.1209402
-0.1050201 0.1624668 -0.137667 0.1720027 1.178702 -0.08152202 0.184118 1.139564 -0.06023954 0.1209402
-0.09076952 0.1694086 -0.1251782 0.1707215 1.169124 -0.0650939 0.2098483 1.163238 -0.02381673 0.15972
-0.08895292 0.1706461 -0.1231356 0.1731521 1.168689 -0.05990985 0.2103208 1.165278 -0.02258329 0.1706733
-0.08964357 0.1698074 -0.1228771 0.1717108 1.168882 -0.06461231 0.2100284 1.164209 -0.02454826 0.1652925
-0.08873465 0.1706545 -0.1219025 0.1750467 1.167453 -0.05814023 0.2126108 1.164625 -0.02287763 0.1693131
-0.08511245 0.1744935 -0.1178219 0.1722093 1.165852 -0.04722685 0.2110681 1.152 -0.06161914 0.208532
-0.1013604 0.1632703 -0.1344441 0.1789168 1.172309 -0.0766494 0.1874111 1.143652 -0.0738754 0.1313937
-0.1128464 0.152164 -0.1296112 0.1724777 1.171962 -0.08164937 0.1816575 1.144524 -0.08279163 0.09145871
-0.1018098 0.1619306 -0.1341749 0.1778549 1.169275 -0.07659473 0.1864737 1.139541 -0.04587875 0.1079935
-0.0896038 0.1714406 -0.1282818 0.1856746 1.165521 -0.05510544 0.210008 1.160611 -0.03017995 0.1579763
-0.09091637 0.1726935 -0.1333581 0.1877956 1.167003 -0.05936318 0.2123288 1.161143 -0.03700413 0.1659893
-0.09477511 0.1726693 -0.1361957 0.1839639 1.164278 -0.06549216 0.2127579 1.164222 -0.01831744 0.1559791
-0.09710201 0.1740202 -0.1405395 0.1844007 1.163408 -0.07084887 0.2123251 1.155687 -0.01860135 0.1558402
-0.09996649 0.1747038 -0.1447577 0.1842127 1.162962 -0.07714328 0.2126091 1.15305 -0.02264128 0.1515013
-0.1031808 0.1751387 -0.1452549 0.184551 1.162534 -0.0769213 0.2130115 1.152063 -0.02285423 0.1511678
-0.1098053 0.1650225 -0.1464665 0.1826399 1.161924 -0.09108427 0.1991394 1.152618 -0.03697032 0.1071426
-0.105197 0.173058 -0.1474773 0.1835688 1.161603 -0.07631156 0.2110464 1.148924 -0.02190575 0.1538617
-0.105662 0.1716765 -0.1472397 0.1827125 1.161806 -0.0768248 0.2088247 1.149521 -0.0226648 0.1519484
-0.1061119 0.1712599 -0.1455475 0.1841346 1.162065 -0.07447997 0.2090946 1.149388 -0.02316523 0.1513015
-0.1035017 0.1707292 -0.140977 0.1832743 1.160725 -0.07591029 0.2087096 1.147351 -0.02319245 0.1513557
-0.1008116 0.1697544 -0.1382218 0.1839645 1.160617 -0.07919805 0.2079172 1.144747 -0.02296684 0.1507424
-0.09707597 0.1689192 -0.1348666 0.178575 1.165861 -0.07746221 0.2084368 1.148772 -0.02249319 0.1511266
-0.09382348 0.1686751 -0.1261201 0.1724991 1.164162 -0.07749343 0.2087812 1.148886 -0.02124813 0.1519324
-0.09226675 0.1687888 -0.1244005 0.1724273 1.163817 -0.07589488 0.2090041 1.149353 -0.02067612 0.1519142
-0.1102835 0.1547018 -0.1327349 0.1680385 1.169605 -0.08193924 0.1826622 1.138286 -0.0515591 0.09343279
-0.1094132 0.1544146 -0.1299777 0.1682666 1.167258 -0.0811552 0.1828384 1.138632 -0.05185018 0.09290432
-0.09056105 0.1699795 -0.124193 0.1776962 1.161938 -0.07057089 0.2112138 1.150789 -0.01725082 0.1538998
-0.1100493 0.1581563 -0.1376578 0.1727209 1.170872 -0.08133203 0.1839714 1.137804 -0.05832268 0.1134046
-0.08994525 0.1711621 -0.1243584 0.1750987 1.163766 -0.06704528 0.21341 1.15565 -0.01578221 0.1570804
-0.08872674 0.1710768 -0.121155 0.1710791 1.161106 -0.0694238 0.2138078 1.157182 -0.01541842 0.1573467
-0.08935017 0.1712025 -0.1228418 0.1714103 1.163064 -0.07094159 0.2129298 1.157093 -0.0156438 0.1574143
-0.08900744 0.1713098 -0.1209784 0.1711028 1.163178 -0.06909017 0.2137055 1.158355 -0.0152629 0.156993
-0.08797337 0.1709073 -0.119717 0.1712499 1.161538 -0.07044635 0.2125035 1.156758 -0.01458814 0.1572404
-0.08770315 0.1707724 -0.1198171 0.1720821 1.162667 -0.0697634 0.2120476 1.159086 -0.01478039 0.1570826
-0.1010914 0.1591478 -0.1248428 0.1703835 1.166206 -0.07539813 0.1841044 1.138133 -0.04596445 0.09530396
-0.1038765 0.1572668 -0.126965 0.1698361 1.169085 -0.07813515 0.1829959 1.136681 -0.04978146 0.09558365
-0.09474283 0.167133 -0.1228285 0.1750945 1.168734 -0.07289107 0.1961729 1.143564 -0.04210606 0.1366129
-0.1037948 0.1574101 -0.1250401 0.171954 1.170041 -0.07692494 0.1836471 1.136075 -0.04956098 0.09152129
-0.09375434 0.1661333 -0.1209673 0.1751594 1.168142 -0.0729844 0.1924615 1.137162 -0.04163081 0.1275262
-0.09375434 0.1661333 -0.1209673 0.1751594 1.168142 -0.0729844 0.1924615 1.137162 -0.04163081 0.1275262
-0.1068997 0.155923 -0.1237132 0.1742482 1.170345 -0.07636864 0.1826705 1.136662 -0.0580941 0.1042773
-0.1068997 0.155923 -0.1237132 0.1742482 1.170345 -0.07636864 0.1826705 1.136662 -0.0580941 0.1042773
-0.1068997 0.155923 -0.1237132 0.1742482 1.170345 -0.07636864 0.1826705 1.136662 -0.0580941 0.1042773
-0.1061217 0.1555082 -0.1237799 0.1731713 1.169607 -0.07584339 0.1815217 1.13599 -0.0574939 0.1049524
-0.09119333 0.1616941 -0.1122667 0.1759407 1.160296 -0.07176566 0.1860704 1.136666 -0.03666834 0.0902567
-0.1033416 0.1576452 -0.1307677 0.1723793 1.171725 -0.07607169 0.185543 1.137959 -0.05754766 0.103971
-0.09545993 0.1593256 -0.1155569 0.1718659 1.160837 -0.07316069 0.1849262 1.138259 -0.04754917 0.09483828
-0.08890262 0.1683376 -0.123514 0.1793881 1.16153 -0.07212923 0.2026297 1.146775 -0.03225837 0.1381745
-0.08485965 0.1712493 -0.1173803 0.1744863 1.162524 -0.06368529 0.2127866 1.156913 -0.0149469 0.1562883
-0.09629447 0.159705 -0.1187274 0.1711653 1.163733 -0.0718563 0.1830845 1.136652 -0.0451959 0.09470409
-0.1014427 0.1574743 -0.1224667 0.1704493 1.167191 -0.07413112 0.1831366 1.137068 -0.06121849 0.09863732
-0.08264156 0.1720709 -0.1167032 0.1771068 1.162029 -0.0592349 0.2142988 1.157652 -0.01928592 0.1618278
-0.09291504 0.1634706 -0.1282154 0.1786234 1.167368 -0.07020284 0.1880204 1.137917 -0.06452902 0.1202014
-0.09417311 0.1660824 -0.1271166 0.1754589 1.169171 -0.0723115 0.1882513 1.132804 -0.001695588 0.1107706
-0.09457117 0.1645808 -0.1282904 0.1739989 1.170121 -0.07216729 0.1891653 1.133647 -0.001705507 0.1107963
-0.07512056 0.1642053 -0.1132877 0.1750086 1.155875 -0.0659732 0.2071814 1.155191 -0.02935721 0.1381408
-0.08170521 0.1652267 -0.1169334 0.1777839 1.158476 -0.06834496 0.2032139 1.151535 -0.01799582 0.1423614
-0.07961762 0.1653884 -0.1130004 0.1786575 1.15574 -0.06674467 0.2072372 1.1544 -0.01747068 0.1432199
-0.08314249 0.163229 -0.1174864 0.1754382 1.159637 -0.06493355 0.1879016 1.125788 -0.031048 0.1325628
-0.08328956 0.1631716 -0.1178938 0.1726801 1.161741 -0.06543449 0.1897065 1.127378 -0.03110008 0.1326442
-0.0948664 0.151205 -0.1221406 0.1653346 1.168901 -0.07483033 0.1835558 1.137514 -0.0482109 0.09682075
-0.08194448 0.1629201 -0.1123897 0.1739451 1.163722 -0.06372467 0.1887444 1.125235 -0.03109645 0.1314523
-0.08092342 0.1624124 -0.1118504 0.1720277 1.164744 -0.0652796 0.1906714 1.130193 -0.03137998 0.1315676
-0.07993442 0.1627315 -0.107074 0.1720482 1.164268 -0.06144247 0.1883675 1.124457 -0.03134102 0.131561
-0.07648735 0.1624008 -0.1060834 0.1734666 1.163656 -0.05818063 0.188293 1.123968 -0.02929988 0.1311727
-0.07304727 0.1610225 -0.1025108 0.1751012 1.164484 -0.05783419 0.1882839 1.125274 -0.04374698 0.1293536
-0.06607269 0.1647146 -0.09840982 0.1739321 1.163331 -0.05059452 0.1949789 1.12802 -0.02379565 0.1440603
-0.06607269 0.1647146 -0.09840982 0.1739321 1.163331 -0.05059452 0.1949789 1.12802 -0.02379565 0.1440603
-0.06364524 0.1611418 -0.08540029 0.1777638 1.158651 -0.04255097 0.1926795 1.136787 -0.03423464 0.1314988
-0.05476721 0.1643622 -0.08530764 0.1729599 1.16729 -0.03719452 0.1996443 1.143576 -0.01204934 0.143458
-0.07877265 0.139194 -0.1005919 0.1576332 1.181452 -0.05214925 0.1760604 1.147235 -0.05542035 0.1040469
-0.0212678 0.1624516 -0.04509676 0.2076356 1.159951 0.0005804917 0.1979245 1.20025 0.01242202 0.1259674
-0.0237974 0.1573338 -0.04509286 0.207825 1.167257 0.002236861 0.199002 1.177042 -0.01182204 0.1219602
-0.03785747 0.1932343 -0.06312869 0.2134706 1.202772 0.001464735 0.1847216 1.183824 -0.02906661 0.1504594
-0.03830539 0.1919274 -0.05943814 0.2157697 1.211018 -0.001303128 0.1802148 1.180296 -0.02796455 0.148319
-0.002285169 0.1630914 -0.04334985 0.2076814 1.184009 -0.004069558 0.1255481 1.167594 0.0241012 0.1532493
-0.009002868 0.1601855 -0.04262513 0.2049306 1.187984 -0.02614397 0.1245461 1.179921 0.008362283 0.1323681
-0.004166077 0.1566871 -0.04381399 0.2004142 1.189443 -0.02350143 0.1222821 1.180849 0.00871746 0.1315947
-0.002130948 0.1536716 -0.04516832 0.1991165 1.195697 -0.01958675 0.1219026 1.179342 0.01133589 0.1297043
-0.0002055775 0.1497979 -0.03378607 0.2000381 1.187447 -0.02156952 0.1222663 1.183748 0.01635813 0.1277309
0.00426548 0.146133 -0.02241233 0.2031349 1.18748 -0.0229035 0.1232721 1.185835 0.02187905 0.12612
0.009165607 0.1406033 -0.02951586 0.2030424 1.191694 -0.02030197 0.1210988 1.189 0.02633348 0.1240157
-0.04351766 0.1389476 -0.08819539 0.1427933 1.236567 -0.06296948 0.09029225 1.248676 0.02901944 0.1227777
-0.02970945 0.1391762 -0.05661049 0.1468915 1.214268 -0.04557644 0.1046907 1.229469 0.0375159 0.1202426
0.1047359 0.1429584 0.07221918 0.1496445 1.20377 0.1012503 0.1034634 1.191378 0.1337579 0.1358771
0.1469273 0.144331 0.09850977 0.1624182 1.197051 0.1234843 0.123085 1.184451 0.1803183 0.1148019
0.1489235 0.154742 0.1175655 0.1842421 1.194518 0.09559403 0.2038922 1.277 0.1785437 0.1238551
0.1549031 0.1611981 0.1293895 0.2098478 1.203273 0.1066201 0.1948532 1.294429 0.185478 0.1308754
0.1582019 0.172575 0.1414548 0.2311139 1.209335 0.108726 0.1937492 1.297829 0.1845851 0.1388481
0.1614917 0.1835795 0.1650841 0.2380028 1.201594 0.1033522 0.2080513 1.29312 0.1796088 0.1579362
0.1638139 0.197569 0.1689491 0.2570102 1.224794 0.0998888 0.2112879 1.288438 0.1797888 0.1609211
0.1637811 0.2051515 0.1692722 0.2701845 1.24094 0.100017 0.2121278 1.294514 0.1788853 0.1651105
0.1627857 0.2113857 0.1638995 0.2794377 1.257085 0.09842588 0.2144102 1.2986 0.1771749 0.1687771
0.1613883 0.2186303 0.165512 0.2877713 1.267348 0.09901063 0.2148915 1.307905 0.1757327 0.1711627
0.1587176 0.2239557 0.1603259 0.2937743 1.277609 0.09784892 0.2108074 1.315 0.1730243 0.1741017
0.1563347 0.2310584 0.1548599 0.3014022 1.284203 0.09347858 0.2159389 1.314893 0.1699812 0.1771236
0.1524767 0.2324829 0.1517849 0.3022108 1.288967 0.09053107 0.2108649 1.321059 0.1669449 0.1781065
0.1490297 0.2292859 0.150148 0.2998108 1.292647 0.08790638 0.2057189 1.327441 0.1638396 0.176368
0.1396556 0.2302905 0.1352958 0.3006464 1.299069 0.07896335 0.1982218 1.339765 0.1549981 0.1763816
0.1342229 0.2292241 0.1282078 0.297166 1.300835 0.08479274 0.2127926 1.345304 0.1508431 0.1733902
0.1289713 0.2260321 0.1232472 0.29449 1.305549 0.06528723 0.1992577 1.33816 0.1464951 0.1706038
0.124374 0.223915 0.1211419 0.2907119 1.306836 0.07428705 0.205933 1.342983 0.1411264 0.169417
0.1190174 0.2201491 0.1139484 0.287861 1.306854 0.05643102 0.1894977 1.344428 0.1359944 0.1673546
0.1148858 0.2166456 0.1114205 0.2850752 1.3107 0.05283588 0.1881767 1.349588 0.1324599 0.166102
0.1126588 0.2130662 0.1092204 0.2821223 1.313306 0.05018217 0.186561 1.350162 0.1292 0.1645097
0.1102278 0.2078028 0.1072701 0.2769928 1.317397 0.04653965 0.184134 1.353257 0.1264 0.1630675
0.107713 0.204696 0.1073985 0.2732847 1.313487 0.04486291 0.1813999 1.353258 0.1241542 0.1617541
0.105687 0.2011779 0.1045285 0.2703962 1.317303 0.04042434 0.1825593 1.353643 0.1216943 0.1596392
0.10444 0.2002189 0.1029436 0.2702807 1.316394 0.04101239 0.1778917 1.354133 0.1195269 0.1581196
0.1029935 0.1973328 0.105234 0.2664363 1.318627 0.0381398 0.1793676 1.359848 0.1183252 0.1569641
0.1020774 0.1948199 0.1054851 0.2655931 1.319704 0.03693574 0.1803615 1.357932 0.1169234 0.1555224
0.100053 0.1942956 0.1009346 0.2652342 1.326911 0.03512586 0.1784935 1.364351 0.1148088 0.1540931
0.09917584 0.1951407 0.1010928 0.2651202 1.327427 0.03388865 0.1803327 1.365284 0.1140465 0.1535801
0.09878698 0.1950618 0.1006979 0.2650864 1.329092 0.03584479 0.1764883 1.363641 0.1131964 0.1528535
0.09828687 0.1958953 0.0986725 0.2647347 1.331116 0.03586666 0.1751287 1.366263 0.1104196 0.167482
0.09821635 0.1951044 0.09810966 0.2635564 1.335041 0.03485109 0.1753031 1.368418 0.1094038 0.1678264
0.09808293 0.1946328 0.09624436 0.2626629 1.333989 0.0357425 0.1762881 1.366406 0.1090359 0.1679841
0.09845633 0.1941054 0.09780142 0.2621522 1.333466 0.03637451 0.1756991 1.364489 0.1088131 0.1682422
0.09917224 0.1942198 0.09983605 0.2622195 1.336544 0.03651769 0.1778314 1.363585 0.1085748 0.1684266
0.09954746 0.1910749 0.1005324 0.2615934 1.33315 0.0339141 0.1816853 1.367542 0.1084796 0.1686581
0.1011993 0.1914498 0.1043502 0.2607547 1.335811 0.03537637 0.1814316 1.364624 0.1085207 0.1682854
0.1027375 0.1880503 0.108218 0.2564834 1.336164 0.03717431 0.1797471 1.364175 0.1085617 0.168682
0.1048312 0.1846706 0.1112716 0.2532095 1.338891 0.03621957 0.1831546 1.36993 0.1087273 0.1689068
0.1063146 0.1810597 0.1174145 0.2490954 1.338321 0.03885002 0.1826029 1.365435 0.109384 0.1692055
0.1044953 0.1816011 0.1253982 0.2493692 1.325961 0.03726441 0.1806825 1.365711 0.1111706 0.1555607
0.1011946 0.1804463 0.1138456 0.2498622 1.333331 0.03677661 0.1778476 1.368595 0.1110289 0.1538031
0.0990383 0.1778372 0.1106484 0.2474597 1.335699 0.03637234 0.1702221 1.369071 0.1098622 0.1550673
0.09680016 0.1815023 0.1062066 0.2495781 1.335781 0.03335913 0.1707962 1.366854 0.1084752 0.1549915
0.09492569 0.1778482 0.1055439 0.2469657 1.333383 0.03306079 0.1663811 1.365448 0.1062678 0.163879
0.09293327 0.1744653 0.1044912 0.2445103 1.337319 0.03298368 0.1566197 1.374382 0.1042273 0.1636527
0.0902547 0.174866 0.1014303 0.2430697 1.337558 0.03244677 0.1663936 1.37053 0.1021853 0.167018
0.08987522 0.1741121 0.09823348 0.2431255 1.336889 0.03192018 0.1640806 1.37122 0.1012016 0.1669621
0.08748768 0.1709507 0.09782333 0.2404128 1.340462 0.02617061 0.162587 1.371797 0.0997133 0.1667765
0.08762081 0.1708407 0.09754509 0.2402936 1.340292 0.02736445 0.1629483 1.370809 0.09908179 0.1663121
0.08728117 0.1707232 0.09801968 0.2395216 1.340895 0.02728308 0.1618478 1.370396 0.09835604 0.1641691
0.0866478 0.1716646 0.09795257 0.2397443 1.339656 0.02670073 0.1655442 1.36823 0.0978021 0.1632413
0.08600033 0.170905 0.09528188 0.2402434 1.341522 0.02727358 0.163651 1.36964 0.09720226 0.1631683
0.08426702 0.1710034 0.09460193 0.2398642 1.341215 0.02430141 0.1631343 1.376408 0.09643532 0.1627902
0.08338371 0.1709211 0.09419239 0.2395113 1.342255 0.02221164 0.1597376 1.373028 0.09540575 0.1652195
0.08207929 0.1709006 0.09204529 0.2399792 1.340917 0.02420864 0.1611286 1.372541 0.09374524 0.1651434
0.07896488 0.171017 0.09519223 0.2401997 1.336514 0.01457526 0.1668113 1.377964 0.08924808 0.124841
0.07756798 0.1713376 0.09844193 0.2382404 1.327909 0.01266406 0.1654267 1.376107 0.08866176 0.1246747
0.07586604 0.1681731 0.09402729 0.2359308 1.335746 0.02285461 0.1765441 1.389706 0.0876426 0.1225789
0.07507451 0.1681608 0.09051999 0.2350763 1.339242 0.0112633 0.1627689 1.3825 0.08697797 0.1224974
0.07482903 0.1682176 0.09111858 0.236503 1.337067 0.0107789 0.1631415 1.380213 0.08597875 0.1207031
0.07402663 0.1642352 0.0878437 0.2332406 1.33932 0.01128016 0.1618006 1.381578 0.08540554 0.1177767
0.0743784 0.1641569 0.08750155 0.2326963 1.342381 0.01217256 0.1608301 1.380343 0.08532472 0.1164046
0.07436001 0.1638882 0.09393787 0.232756 1.33018 0.01206858 0.1587204 1.380914 0.08521271 0.1156297
0.07509626 0.1602364 0.09201778 0.2289064 1.341091 0.01365225 0.1619824 1.380529 0.08533198 0.1148246
0.07530989 0.1599519 0.09124497 0.2295062 1.34223 0.01304413 0.1633847 1.381763 0.08542094 0.1145061
0.07593058 0.1604143 0.09239955 0.232338 1.349779 0.01193935 0.163932 1.386931 0.08538559 0.1145879
0.07567953 0.160332 0.09433903 0.2309169 1.347654 0.01137505 0.1675318 1.386548 0.08543728 0.1145866
0.07637452 0.1641729 0.0918975 0.2356072 1.35204 0.01401742 0.1643009 1.382267 0.08562268 0.117526
0.07694909 0.1675468 0.09130107 0.2381921 1.351749 0.0113702 0.1739988 1.389734 0.0851118 0.1208498
0.07708572 0.1649551 0.08667131 0.2356995 1.358594 0.01376047 0.1590443 1.3968 0.08368803 0.1593863
0.0777647 0.1681661 0.08886962 0.2377293 1.358196 0.01197824 0.1652744 1.3994 0.08355913 0.1606847
0.07832111 0.1683456 0.08808491 0.2387151 1.356128 0.01540166 0.1703844 1.380451 0.08378729 0.1613345
0.07869557 0.1716966 0.08966155 0.241827 1.35209 0.01566321 0.1713768 1.381333 0.08379525 0.1625259
0.07973715 0.1718147 0.09018374 0.2421533 1.354335 0.01514031 0.1674345 1.386443 0.0842516 0.1626679
0.07944491 0.1715529 0.08834624 0.2417988 1.353963 0.01572091 0.1720781 1.381376 0.08419756 0.1635433
0.0795379 0.17166 0.088802 0.2409586 1.35409 0.01506235 0.1683875 1.38485 0.08449534 0.1642201
0.07903805 0.1769643 0.09221508 0.2459912 1.348576 0.0123936 0.174682 1.38781 0.08403529 0.1293714
0.07857935 0.1749384 0.09442364 0.2447395 1.34613 0.01235296 0.1727611 1.385178 0.0833317 0.1294019
0.07867312 0.1715334 0.09144599 0.2411168 1.351924 0.01574744 0.1635801 1.384081 0.08667385 0.1625801
0.07846787 0.1719772 0.08934095 0.2417545 1.352411 0.01498141 0.1681481 1.383574 0.08673111 0.1624953
0.07647459 0.1779929 0.09167029 0.2470562 1.340426 0.004484767 0.1809172 1.382818 0.08127405 0.1303279
0.07601213 0.1776832 0.08997566 0.247363 1.338893 0.009763787 0.1720932 1.381802 0.08094093 0.1303781
0.07623824 0.1778737 0.09068479 0.2450622 1.338262 0.00906428 0.1720668 1.380042 0.08061655 0.1300814
0.07599319 0.174489 0.09477279 0.2429997 1.333706 0.009404339 0.1728662 1.380292 0.08043885 0.1297657
0.07549153 0.1736287 0.09144519 0.2413066 1.333458 0.005244201 0.172525 1.371867 0.07998776 0.1288112
0.07483265 0.1731071 0.08762189 0.2407328 1.333349 0.005548815 0.1701908 1.370625 0.07951648 0.1283485
0.07459339 0.169269 0.08786918 0.2379324 1.332143 0.006228193 0.1657102 1.373907 0.07922707 0.1236058
0.07396898 0.1659681 0.08942021 0.2344548 1.330184 0.005749478 0.1626654 1.3722 0.07856086 0.12046
0.07343831 0.1626981 0.08906313 0.2305111 1.335709 0.005051948 0.1630332 1.375662 0.07803101 0.118321
0.0733538 0.1623036 0.08806213 0.2308132 1.334469 0.003410738 0.1649318 1.372328 0.07776197 0.1167947
0.07282089 0.1595701 0.08817176 0.2294023 1.336419 0.005223536 0.1615254 1.374155 0.07967029 0.1094406
0.07249197 0.1597998 0.08825298 0.2296192 1.337692 0.005134351 0.1609942 1.373231 0.07949211 0.1088391
0.07267602 0.1597878 0.08757399 0.228604 1.340065 0.00535568 0.1639965 1.374252 0.08008228 0.1073363
0.07251948 0.1601717 0.08803097 0.2294284 1.342991 0.005998547 0.1655634 1.375045 0.08002374 0.1070654
0.07280523 0.1600955 0.08612721 0.2299667 1.346521 0.005970817 0.1662206 1.375549 0.07997077 0.1070678
0.07353588 0.1637686 0.09083001 0.2333191 1.341733 0.005279508 0.1687348 1.374903 0.07799046 0.1129015
0.07356483 0.1643819 0.09147476 0.2338027 1.345804 0.00661817 0.1672421 1.375034 0.07833821 0.1129791
0.0739066 0.1681035 0.09268521 0.2368935 1.346357 0.007317228 0.1719824 1.374993 0.07832216 0.1173647
0.07485992 0.1715805 0.09107262 0.2408022 1.347465 0.007446101 0.1772494 1.37425 0.07908022 0.1181102
0.07552151 0.1728219 0.08945094 0.2412217 1.351431 0.01048553 0.1717086 1.376936 0.08220141 0.1634744
0.07554958 0.175581 0.09028349 0.2453729 1.352172 0.009398689 0.17747 1.374749 0.08242831 0.1592551
0.07557083 0.1762579 0.09275249 0.2456213 1.348741 0.009944045 0.1751353 1.375881 0.08259135 0.1578132
0.07500128 0.176598 0.08988881 0.2438578 1.351625 0.009477786 0.1745929 1.375659 0.0822546 0.1590518
0.07480475 0.1762281 0.08630669 0.2457182 1.351598 0.01014161 0.1738287 1.374659 0.08211802 0.1606764
0.07493091 0.1760831 0.08830275 0.245149 1.350241 0.009710675 0.17323 1.375686 0.08195283 0.1608011
0.07531884 0.1781157 0.08842382 0.2477861 1.344247 0.01163642 0.1670497 1.375674 0.08204725 0.1646852
0.07564139 0.1779152 0.08772998 0.247384 1.334881 0.01124339 0.1656463 1.372584 0.08187605 0.1644372
0.07587688 0.1744472 0.09135307 0.2428076 1.329386 0.01149628 0.161137 1.371182 0.08208306 0.1620512
0.0751713 0.1754679 0.08504527 0.2432474 1.325398 0.003251231 0.1748787 1.372091 0.07575035 0.1313875
0.07515976 0.1689659 0.08669584 0.2370032 1.328025 0.006258771 0.1670272 1.3634 0.07700048 0.1215307
0.07544241 0.1648238 0.09052216 0.2336489 1.322834 0.006618665 0.1608615 1.365609 0.07677117 0.1165673
0.07576687 0.1613327 0.08794161 0.230035 1.326787 0.007627246 0.1553397 1.366724 0.07930618 0.1101628
0.0757312 0.1580815 0.087861 0.2264753 1.330218 0.007848576 0.1536973 1.368567 0.08018456 0.1068472
0.07614812 0.1576615 0.08605556 0.2267034 1.330247 0.007611971 0.1537883 1.366256 0.08051239 0.1049803
0.07614498 0.1543707 0.09010497 0.2228076 1.329137 0.007802824 0.1545178 1.366059 0.0806068 0.1033959
0.07659861 0.1544091 0.08901647 0.2239604 1.330263 0.0072387 0.156317 1.36959 0.08090528 0.1020155
0.0768219 0.1546445 0.09104735 0.2224841 1.334139 0.007892499 0.157485 1.368145 0.08111739 0.1014986
0.07699499 0.155413 0.09326301 0.2258009 1.335077 0.007377592 0.1590116 1.370022 0.08119268 0.1013861
0.07646544 0.155418 0.09299698 0.2243626 1.336797 0.009579389 0.1568231 1.369931 0.08144983 0.1014071
0.07637919 0.1559848 0.09325156 0.2258809 1.341215 0.008244375 0.1610315 1.368813 0.08142823 0.1015254
0.07664493 0.1606878 0.09175072 0.2296677 1.346857 0.009136675 0.1697088 1.370083 0.08143985 0.1069781
0.0759136 0.1711527 0.0901054 0.240739 1.345172 0.008472831 0.174684 1.378185 0.0813095 0.1152045
0.07555667 0.1720704 0.09004948 0.2413888 1.348728 0.006505578 0.1804078 1.376105 0.08069845 0.1171682
0.07562296 0.1700906 0.09167291 0.2379597 1.353668 0.009634769 0.1730872 1.373639 0.08307439 0.1603805
0.07531143 0.1727565 0.08861949 0.2420854 1.350457 0.009876809 0.172383 1.374243 0.08247035 0.1562009
0.07515612 0.1733697 0.09126583 0.2430178 1.350091 0.009786719 0.1727701 1.373473 0.08219065 0.1573132
0.07523091 0.1733573 0.09125683 0.2410901 1.347527 0.01045358 0.1694644 1.375225 0.08212085 0.1589709
0.07506577 0.1719513 0.09223962 0.2417338 1.341551 0.009029949 0.1706455 1.372833 0.08174355 0.1610912
0.07489936 0.1741722 0.08656055 0.2437411 1.336591 0.009908387 0.1671618 1.371749 0.08129761 0.1613237
0.07483572 0.1706812 0.08510858 0.2400993 1.337572 0.01033081 0.1649473 1.374 0.08112129 0.1615638
0.07476305 0.1670152 0.08927452 0.2355712 1.336026 0.01114585 0.1645707 1.369285 0.08090549 0.1620765
0.07436455 0.1638698 0.09058809 0.2326502 1.335808 0.01085468 0.1563512 1.37 0.08040962 0.1612774
0.07394347 0.1658676 0.09018956 0.2339408 1.32641 0.006424684 0.1660629 1.370323 0.07718179 0.1172778
0.07463545 0.1622697 0.08795028 0.2309317 1.333933 0.007601736 0.1603243 1.370651 0.07845931 0.1089367
0.07478505 0.1585318 0.08780889 0.2276113 1.334572 0.004775447 0.1578379 1.380294 0.07877457 0.1074119
0.07420253 0.1509464 0.08893789 0.219577 1.331764 0.006811182 0.1550752 1.371202 0.07931846 0.09932841
0.07445496 0.1483364 0.09318015 0.2167069 1.332027 0.007239852 0.1519781 1.367012 0.07953119 0.09830753
0.07375468 0.1481771 0.09196809 0.2168041 1.333672 0.005583536 0.1553103 1.372929 0.07948421 0.09780087
0.07376482 0.1485098 0.09028923 0.2171745 1.338105 0.008098296 0.1514761 1.371842 0.07965053 0.09742157
0.07316968 0.1488428 0.09134552 0.217677 1.338007 0.006046168 0.1563479 1.373752 0.07986288 0.09701981
0.07299357 0.1491309 0.09141998 0.2186185 1.340674 0.007955307 0.1558107 1.369357 0.07992093 0.09713797
0.07198084 0.1496889 0.08896204 0.2199572 1.346006 0.00789556 0.1578238 1.370686 0.0798938 0.09744903
0.07199819 0.1531194 0.09053059 0.2222075 1.344093 0.007801625 0.1584279 1.371598 0.07974663 0.09834591
0.07200482 0.1542912 0.09015894 0.2240613 1.345911 0.00825994 0.1609953 1.373269 0.07896749 0.1011316
0.07166149 0.1673159 0.08945913 0.2375802 1.341277 0.004768419 0.1793844 1.367182 0.07536299 0.1188761
0.07181588 0.170725 0.09077001 0.2420827 1.342502 0.004951632 0.1829652 1.369864 0.07507547 0.1227898
0.07151067 0.171286 0.09187196 0.2420874 1.342914 0.004201835 0.1869265 1.371389 0.07513668 0.1238608
0.0719533 0.1724041 0.09033152 0.2391443 1.344965 0.006490686 0.1785696 1.369088 0.07921067 0.1554152
0.07194566 0.1718589 0.0885388 0.240641 1.344995 0.006632687 0.1785883 1.368884 0.07925207 0.1573386
0.07175955 0.1714506 0.08669335 0.2395697 1.340623 0.00667935 0.1773595 1.36544 0.07933176 0.1578166
0.07170484 0.1741 0.08550786 0.2427727 1.335345 0.007568123 0.1712708 1.367296 0.07881024 0.1595718
0.07081259 0.1701709 0.08288985 0.239371 1.333096 0.006078259 0.1719602 1.364505 0.07826491 0.1613103
0.07002488 0.1661094 0.08473691 0.2350475 1.326035 0.007590095 0.153016 1.371053 0.07775202 0.1616509
0.06837989 0.1619435 0.09178565 0.2294723 1.317987 0.0006122989 0.1644628 1.363176 0.07421397 0.1168983
0.0674742 0.1578013 0.08010468 0.2262364 1.329372 0.0003460147 0.1566838 1.368036 0.07375879 0.1063564
0.06759623 0.1544471 0.0821759 0.2224208 1.324811 0.0006866544 0.1513049 1.36631 0.07279593 0.1052079
0.06675138 0.150268 0.0838805 0.2177299 1.324833 8.761939E-05 0.1486434 1.367903 0.07269737 0.1028188
0.06686848 0.146796 0.08367474 0.2146665 1.328357 -0.0002710052 0.1478101 1.367385 0.07263669 0.09983409
0.06635346 0.1438896 0.08533582 0.2116001 1.328268 -1.14689E-05 0.1465994 1.369088 0.07260989 0.09792531
0.06674466 0.1433043 0.08403141 0.2110544 1.329873 0.0004551208 0.1457258 1.367741 0.07259255 0.09668731
0.06679256 0.1411683 0.08979665 0.2083294 1.331716 0.00059035 0.1514931 1.369018 0.06813837 0.1002813
0.06666414 0.1410229 0.08977807 0.2080237 1.331833 0.0007729785 0.1501851 1.367595 0.06815394 0.09942586
0.06591624 0.1411846 0.08982635 0.2095642 1.335202 0.0009699536 0.1510606 1.369125 0.067981 0.0996969
0.06392847 0.1430802 0.09346166 0.2108792 1.337884 -0.00017823 0.1585964 1.372684 0.06798564 0.09953989
0.06413056 0.1460129 0.09077837 0.2150366 1.344758 -0.0001019692 0.1604958 1.371231 0.06783225 0.1000013
0.06421392 0.1471535 0.0958765 0.2154784 1.342191 0.0006238215 0.1630914 1.3743 0.06759831 0.1019139
0.06458067 0.1606175 0.08942434 0.230946 1.346953 0.0006233061 0.1731254 1.375833 0.06653196 0.1154598
0.06507643 0.1627063 0.08475249 0.2305602 1.351595 -0.0008152401 0.1794871 1.38275 0.07366876 0.1536209
0.06511956 0.166218 0.08380659 0.236038 1.353197 0.0008190988 0.1814229 1.38552 0.07397091 0.1543324
0.06460249 0.1695951 0.08586553 0.2400088 1.350725 0.0001989074 0.1887646 1.385227 0.07403294 0.142574
0.06416211 0.1727019 0.08522555 0.2438023 1.352833 -0.000466346 0.1914959 1.385143 0.07412528 0.1422392
0.06470545 0.1734834 0.08046119 0.2427735 1.355857 -0.001606009 0.1932752 1.386579 0.07413153 0.1423705
0.06463996 0.1736712 0.09035359 0.2430736 1.346448 -0.000529599 0.1890747 1.382084 0.07419661 0.1433819
0.0651897 0.1757193 0.08266702 0.2460865 1.351177 4.217772E-05 0.1872378 1.382741 0.0740955 0.1436844
0.06597998 0.1753632 0.08548212 0.2458141 1.34535 0.00180948 0.183302 1.379455 0.07412889 0.1439655
0.0663845 0.1746873 0.08424642 0.2450179 1.342561 0.0003367153 0.1839253 1.381226 0.07417058 0.1439525
0.0671621 0.174326 0.0805904 0.2443133 1.342443 0.003246397 0.1773067 1.376 0.07426263 0.1442511
0.06704617 0.1709555 0.0832794 0.2409714 1.341294 0.001577784 0.1810877 1.37847 0.07407002 0.1543405
0.06798493 0.1738599 0.08427964 0.2426931 1.337697 0.003683824 0.177288 1.373375 0.06906775 0.1315629
0.06938948 0.1737538 0.08377428 0.242558 1.338059 0.003192829 0.177674 1.377532 0.0691419 0.1310406
0.07127974 0.1712818 0.08537472 0.2396489 1.342817 0.00749671 0.171878 1.374382 0.07362305 0.1598861
0.07255043 0.1710559 0.08539524 0.2403444 1.345276 0.007800462 0.1738923 1.37743 0.07390182 0.1616832
0.07392254 0.1710321 0.08764941 0.2409166 1.343593 0.005496705 0.177285 1.379602 0.0746223 0.1594037
0.07473074 0.1713662 0.08711021 0.2421908 1.343425 0.006154537 0.175043 1.38312 0.07587409 0.1587231
0.07635481 0.1687505 0.09209853 0.2383748 1.346861 0.006352304 0.1767299 1.379444 0.07741981 0.1430853
0.07819804 0.1656311 0.09865391 0.2347873 1.344572 0.01280267 0.1708973 1.380061 0.07892292 0.1345582
0.0804497 0.1634683 0.1061679 0.2325687 1.345546 0.01329213 0.1738985 1.380133 0.08080909 0.1300358
0.08354836 0.1629648 0.1028611 0.2317764 1.352472 0.0152734 0.1753628 1.387 0.08249351 0.1231023
0.08673979 0.163793 0.1121898 0.2307086 1.349115 0.01945226 0.1734412 1.383192 0.08445597 0.1218807
0.09402575 0.1636277 0.1177653 0.2319373 1.351144 0.02729152 0.1722995 1.383286 0.09023055 0.1168699
0.09772572 0.1642154 0.1187344 0.2330393 1.354621 0.03028672 0.1774998 1.391471 0.09350947 0.1254416
0.100993 0.1649732 0.1179293 0.2319271 1.35926 0.0664139 0.2031845 1.409546 0.09786234 0.1177856
0.1039816 0.1662839 0.126545 0.2310271 1.35666 0.06758219 0.1992011 1.431 0.1006516 0.1275628
0.1065403 0.1676973 0.132479 0.2300339 1.357684 0.06499512 0.1894227 1.442929 0.1021256 0.1301709
0.109571 0.168278 0.1369608 0.2282521 1.360704 0.06715283 0.1941219 1.438845 0.1038847 0.1320994
0.124847 0.1728026 0.1541238 0.2345739 1.367767 0.07976434 0.1975813 1.442385 0.1162671 0.1310465
0.1310956 0.176432 0.1629345 0.2384768 1.367833 0.08524206 0.1942542 1.443636 0.1200625 0.1340872
0.1371739 0.1774562 0.1710848 0.2377865 1.371088 0.08549514 0.1975592 1.425625 0.1240179 0.1368276
0.1434626 0.1806406 0.1785795 0.2418502 1.371548 0.07956002 0.1915293 1.384385 0.1286312 0.1398429
0.1498055 0.1843102 0.1831195 0.2463247 1.372798 0.083786 0.1929437 1.378081 0.1326521 0.1395241
0.1601417 0.1885795 0.1924088 0.2526513 1.378996 0.10912 0.2052363 1.437429 0.1422375 0.144641
0.1641511 0.1921168 0.1967321 0.2559451 1.37739 0.1000277 0.1952683 1.386485 0.145179 0.1446445
0.1688607 0.1919074 0.200985 0.2571205 1.3774 0.1352414 0.2239375 1.426214 0.149227 0.1467603
0.1721705 0.1924204 0.204689 0.2559758 1.378493 0.1086618 0.1985482 1.386072 0.1534786 0.1431959
0.1746937 0.192452 0.2082056 0.2557281 1.379738 0.1098539 0.197289 1.391253 0.1560569 0.1415015
0.1766665 0.1925852 0.2118037 0.2542978 1.378589 0.1118421 0.1998379 1.385584 0.1579045 0.1407088
0.1785281 0.1916983 0.2108771 0.2548909 1.380188 0.1126412 0.1967647 1.389613 0.1594366 0.1402964
0.1787259 0.1890394 0.2126363 0.2526034 1.377995 0.1138091 0.194865 1.386663 0.1608298 0.1396331
0.1758586 0.1883835 0.2115642 0.2528211 1.372805 0.1108915 0.1987472 1.371412 0.1608059 0.1392189
0.1726263 0.1881644 0.2027132 0.2523236 1.368167 0.1352394 0.2126778 1.42772 0.1600056 0.138599
0.1685928 0.1869082 0.199747 0.2507744 1.368811 0.140058 0.2240767 1.436077 0.1589293 0.1379708
0.1594877 0.1841241 0.1881723 0.2482637 1.376752 0.1310032 0.2178054 1.434336 0.153214 0.1355546
0.155395 0.1809303 0.1849072 0.2427216 1.374946 0.1218829 0.2051839 1.432897 0.1508275 0.1349169
0.150367 0.1808166 0.1811339 0.2458766 1.378007 0.1182948 0.2092856 1.433621 0.1444247 0.128689
0.1463162 0.1805989 0.1732159 0.2469719 1.379654 0.1107438 0.2019408 1.444478 0.1409712 0.1272843
0.1417647 0.1804097 0.1652928 0.2463254 1.386018 0.1066193 0.1972517 1.451632 0.1379247 0.1261225
0.138625 0.1778539 0.1645621 0.2433007 1.385713 0.1071574 0.2058396 1.447968 0.1346964 0.1239731
0.1357974 0.1768384 0.1663219 0.2411034 1.384475 0.1038031 0.2033573 1.4433 0.1321409 0.1224579
0.1349732 0.1735626 0.1654709 0.2377913 1.389951 0.07989327 0.1843415 1.412135 0.1298817 0.1212685
0.1347769 0.1735518 0.1666319 0.2352681 1.389673 0.07983456 0.1852891 1.411461 0.1296565 0.1225184
0.1371315 0.1734587 0.1675073 0.2340471 1.389585 0.07841568 0.1803935 1.41435 0.1286117 0.120481
0.1396328 0.1740211 0.1715152 0.2367284 1.389033 0.08639497 0.1928099 1.423655 0.1286258 0.120347
0.1425886 0.1736505 0.1713487 0.2348953 1.388508 0.1043931 0.1962568 1.442 0.1287489 0.12032
0.1447641 0.173195 0.1753704 0.2355579 1.387608 0.08692922 0.1828358 1.410687 0.1291782 0.1202238
0.146871 0.1739176 0.1768432 0.2378456 1.388761 0.09053199 0.187944 1.41797 0.1299615 0.1203909
0.1499675 0.1735842 0.1814601 0.2380575 1.388244 0.09159213 0.1830953 1.419148 0.1324031 0.1207988
0.155526 0.1754301 0.1915187 0.2397039 1.383891 0.09732022 0.1872344 1.4191 0.1382511 0.1282652
0.1572845 0.175388 0.1909406 0.2390662 1.384527 0.1009237 0.1853238 1.404162 0.1394921 0.1284123
0.1566346 0.1758957 0.1917976 0.2393025 1.386246 0.1091039 0.196812 1.4478 0.1405857 0.129535
0.1551863 0.1787802 0.1873216 0.2445991 1.384046 0.09765699 0.1914385 1.440146 0.1409713 0.1299749
0.1538628 0.1789712 0.1871902 0.2408156 1.378017 0.113731 0.20914 1.440133 0.1416309 0.1313852
0.1493876 0.1788092 0.1845486 0.2427599 1.38151 0.1084991 0.2083636 1.434375 0.1413327 0.1316894
0.1456237 0.1818755 0.1795041 0.2455212 1.378748 0.1075242 0.2123195 1.440778 0.136767 0.1259486
0.1413074 0.1812137 0.1751387 0.2470942 1.377227 0.09476046 0.2018659 1.446067 0.1350797 0.125798
0.1370864 0.181221 0.1669154 0.2475318 1.381262 0.1018507 0.2109245 1.433572 0.1327646 0.1264628
0.1272281 0.1815426 0.1589773 0.2470936 1.37668 0.0920774 0.2045974 1.433417 0.1265822 0.125951
0.1234794 0.1811986 0.1549384 0.2463917 1.377492 0.09104189 0.2109676 1.439734 0.1231887 0.1252568
0.1194275 0.1813932 0.1477293 0.2473334 1.380459 0.08140082 0.2063205 1.437292 0.1198892 0.1244554
0.1164521 0.1813619 0.1434474 0.2477848 1.378175 0.08050112 0.2101152 1.436909 0.1171622 0.124686
0.1155712 0.1781843 0.150923 0.2425591 1.37512 0.0768984 0.2057111 1.429333 0.1152183 0.1245088
0.1147923 0.1785198 0.1437831 0.2439599 1.383803 0.07761212 0.2113101 1.431528 0.1132214 0.124424
0.1159667 0.1786156 0.1466799 0.2439016 1.380683 0.07485408 0.2023312 1.436947 0.1125003 0.1243365
0.1183549 0.1785175 0.143937 0.2436771 1.381337 0.0816197 0.2074362 1.435223 0.1122244 0.1241001
0.1208343 0.1784803 0.1499437 0.2436552 1.383837 0.06473874 0.1901449 1.400057 0.113165 0.126529
0.1301445 0.1824269 0.1601215 0.2474335 1.384182 0.07758813 0.1964937 1.405154 0.1158642 0.1286974
0.1335359 0.1861088 0.1616721 0.2517049 1.383903 0.0796704 0.1985187 1.38429 0.117513 0.1277577
0.1365906 0.1860476 0.1672285 0.2505911 1.385058 0.07614397 0.1900215 1.413645 0.1197791 0.1296422
0.1408544 0.1891589 0.1734425 0.2534818 1.38079 0.08687481 0.2002068 1.38125 0.1221685 0.1315634
0.1434189 0.1900644 0.1755738 0.2554197 1.38222 0.08977722 0.2066395 1.390194 0.1239521 0.1323055
0.1456371 0.1897144 0.1783732 0.2552135 1.383437 0.1040765 0.2130376 1.4335 0.1261005 0.133148
0.1473605 0.1897365 0.1793601 0.254073 1.384104 0.09342746 0.2048064 1.384861 0.1287823 0.1370399
0.1487492 0.1906477 0.1859462 0.2550338 1.385359 0.1076411 0.2179404 1.4296 0.1314173 0.1400776
0.1486051 0.190756 0.1877319 0.2544259 1.382306 0.1056883 0.2143168 1.429068 0.1329633 0.1413403
0.1478373 0.1914988 0.1873935 0.2534643 1.384959 0.1202344 0.2350633 1.436222 0.1333675 0.1415935
0.1456005 0.193504 0.1838412 0.2580109 1.381366 0.09118649 0.2036967 1.439529 0.1333891 0.1420444
0.1427061 0.1944167 0.1785585 0.2581219 1.382895 0.1066938 0.2239073 1.438733 0.1326248 0.145455
0.1395913 0.1964811 0.1709763 0.2627788 1.376328 0.1059684 0.2285896 1.441474 0.1322115 0.1454989
0.1369845 0.1968612 0.1702546 0.2623677 1.37899 0.1015092 0.2199542 1.437412 0.1310276 0.146357
0.132657 0.1969126 0.1665813 0.262255 1.378028 0.1054734 0.2382902 1.443364 0.1283019 0.1434734
0.1292826 0.1998575 0.162431 0.2632857 1.37579 0.1033654 0.2507409 1.4375 0.1259926 0.1435316
0.1250823 0.1997184 0.1532042 0.26593 1.383759 0.09171345 0.2275445 1.438042 0.1235493 0.1438126
0.1211016 0.2003886 0.1533877 0.2640302 1.377244 0.09111121 0.2381123 1.4517 0.1194844 0.150145
0.117676 0.2005698 0.1501887 0.2654577 1.385582 0.08068612 0.2223738 1.440875 0.1164482 0.1491933
0.1152949 0.2043346 0.1425682 0.270832 1.386867 0.08306938 0.2360756 1.43575 0.114443 0.1513977
0.1152587 0.2011081 0.1446628 0.2652811 1.386804 0.05469092 0.2096659 1.398081 0.1132192 0.1526426
0.1159461 0.2038634 0.1432805 0.2694155 1.385697 0.08713324 0.2383921 1.431867 0.1124775 0.1519405
0.1177155 0.2040789 0.1453511 0.2694654 1.385616 0.05708324 0.2118019 1.392552 0.112251 0.1508102
0.1200156 0.2043183 0.1443582 0.2704639 1.385934 0.08675563 0.235228 1.43975 0.1127527 0.1523935
0.1229738 0.2039482 0.1494115 0.2690853 1.383253 0.07185771 0.2137806 1.440833 0.1136006 0.1532688
0.1244012 0.2041385 0.1506127 0.2702775 1.383532 0.06315514 0.2077352 1.405941 0.1144645 0.1541315
0.1277911 0.2038533 0.1551693 0.2697525 1.38165 0.06840161 0.2106955 1.390206 0.115058 0.1536926
0.1301379 0.2036296 0.1554386 0.2680787 1.38392 0.07212044 0.2130801 1.387104 0.117199 0.1546455
0.1318654 0.2041164 0.1624353 0.2694611 1.381058 0.07348295 0.2118493 1.39299 0.1189987 0.1552597
0.1339107 0.2037075 0.1653027 0.2691513 1.381164 0.07413135 0.2134169 1.394303 0.120425 0.1556417
0.1367762 0.2039773 0.1639524 0.2690353 1.383204 0.07920744 0.2138077 1.386269 0.122082 0.1525659
0.1391258 0.2036345 0.1667767 0.2685619 1.37983 0.08444279 0.2170059 1.385867 0.1233075 0.1529948
0.1441666 0.1999815 0.1770558 0.2642221 1.379133 0.0875795 0.2094173 1.389367 0.1283769 0.1518533
0.1457708 0.1994845 0.1781191 0.2628973 1.37668 0.08657575 0.2060001 1.405576 0.1298324 0.1487717
0.1479591 0.1954632 0.1810679 0.2602577 1.375727 0.1217531 0.2307596 1.430917 0.1297808 0.1422757
0.1479098 0.1917339 0.1797088 0.2558086 1.369557 0.105743 0.2090795 1.439125 0.1386628 0.1683515
0.1484617 0.1896345 0.1761677 0.2521155 1.361388 0.1174076 0.2132537 1.431176 0.1310368 0.1351837
0.1466309 0.1816341 0.1775152 0.2452375 1.362576 0.110971 0.2071639 1.423444 0.1310167 0.1315915
0.1449341 0.176775 0.169855 0.2392671 1.363279 0.1074748 0.194656 1.425048 0.1397258 0.1465287
0.1401578 0.1615801 0.1726342 0.2196976 1.361527 0.1129217 0.189442 1.4415 0.126439 0.1103526
0.1388861 0.154272 0.173014 0.2136279 1.357468 0.1070568 0.1746999 1.4245 0.1250383 0.1052381
0.1365563 0.1475602 0.167805 0.2071328 1.359535 0.09160139 0.1651407 1.44825 0.1234379 0.09914044
0.1345976 0.138251 0.1727307 0.1994554 1.35724 0.1002242 0.1633966 1.43276 0.1193007 0.08760122
0.1335602 0.1295438 0.1738216 0.1901167 1.368896 0.0838445 0.1513523 1.4365 0.1175842 0.07833716
0.1336917 0.1285301 0.173577 0.18935 1.363673 0.07391375 0.150318 1.431867 0.1172585 0.0766184
0.1338685 0.1257542 0.1766495 0.1849701 1.360608 0.09253924 0.1538138 1.436823 0.1170219 0.07449248
0.1357955 0.1244406 0.1751596 0.1852821 1.365678 0.09144194 0.146612 1.439929 0.1170174 0.07223193
0.1364278 0.1193537 0.1788456 0.1790889 1.36891 0.08305915 0.1461974 1.4483 0.1169155 0.06881483
0.1380468 0.1175663 0.1849787 0.1768923 1.369391 0.08552791 0.151475 1.439864 0.1171948 0.06742649
0.1409335 0.1162985 0.1881621 0.1762544 1.372991 0.1004631 0.1543072 1.426913 0.1162115 0.06512183
0.1431328 0.1188744 0.1906303 0.1781332 1.379521 0.08375954 0.1466677 1.443273 0.1187794 0.0661813
0.1474675 0.1190701 0.1965112 0.1788068 1.378354 0.09119992 0.1485537 1.423187 0.1208623 0.06605466
0.1490487 0.1189165 0.1995764 0.1766286 1.384725 0.1019672 0.1518975 1.427571 0.1218928 0.06703704
0.1492251 0.1165562 0.2079325 0.1681962 1.376943 0.1067664 0.1590868 1.431467 0.1322181 0.07471177
0.1509812 0.1227733 0.2009356 0.182935 1.383901 0.09173899 0.152212 1.425636 0.1249793 0.07011082
0.1518018 0.1240815 0.202381 0.1798849 1.390139 0.09733735 0.1546493 1.423126 0.1259506 0.07195068
0.1527791 0.1338301 0.203166 0.1922437 1.3773 0.1096524 0.1634942 1.447083 0.1288345 0.07895551
0.1523624 0.138648 0.200615 0.1983178 1.384131 0.09758159 0.1623369 1.409167 0.1302303 0.0848035
0.1522641 0.140405 0.2014692 0.1976096 1.38469 0.09955429 0.1687424 1.400604 0.1312058 0.09007917
0.1521949 0.1467767 0.200545 0.2045009 1.375201 0.1143013 0.1817863 1.432714 0.131919 0.09521116
0.1507655 0.1509033 0.1970399 0.2087708 1.380047 0.1122137 0.1867985 1.431395 0.1326686 0.1000525
0.1499109 0.154755 0.1944573 0.2142946 1.378767 0.09888682 0.1830252 1.412886 0.1345737 0.1040083
0.1488031 0.158741 0.1922165 0.2159463 1.379214 0.09100755 0.1758478 1.410474 0.1325389 0.1033569
0.1485391 0.1581905 0.1905933 0.2175345 1.37828 0.09262975 0.1769883 1.396191 0.1359774 0.109253
0.147747 0.1574816 0.1902605 0.2187425 1.375156 0.1031078 0.1874109 1.425577 0.1321309 0.1052982
0.148095 0.156327 0.1887779 0.215553 1.373323 0.1092699 0.1863116 1.420433 0.1320229 0.1055928
0.1483151 0.1554806 0.1876974 0.2171918 1.371538 0.1063726 0.1800305 1.427889 0.1340478 0.1080874
0.1487162 0.1540382 0.1835532 0.2145378 1.370761 0.1110278 0.1792581 1.418563 0.1330809 0.1067973
0.1475966 0.1501897 0.1856933 0.2097074 1.367102 0.1118681 0.1776628 1.431056 0.1314334 0.1031965
0.1471003 0.1486055 0.183138 0.2079774 1.366234 0.1066399 0.171412 1.430273 0.1331143 0.1041986
0.1458127 0.1443748 0.1810327 0.2036178 1.356906 0.1092527 0.166343 1.430191 0.1284655 0.09644552
0.1444303 0.1384373 0.1810437 0.1979271 1.361282 0.1070289 0.1610165 1.427759 0.1265646 0.09026334
0.1426929 0.1335824 0.1831609 0.1916907 1.357788 0.08015204 0.1533736 1.452875 0.1248561 0.08381035
0.1415174 0.1261502 0.1863512 0.1834907 1.348659 0.1117346 0.1625765 1.451 0.1234009 0.07713973
0.1398343 0.122366 0.183917 0.1812528 1.352367 0.1064028 0.1569615 1.436063 0.1224799 0.07300702
0.1370984 0.1177636 0.1772499 0.1764288 1.358923 0.1083648 0.1549695 1.432792 0.1206951 0.06803273
0.1342815 0.114196 0.1805996 0.1721045 1.360354 0.09819926 0.158435 1.451778 0.1192431 0.06580774
0.1337708 0.1149777 0.1839724 0.1734361 1.353511 0.1017922 0.1574708 1.441266 0.1189211 0.06550602
0.1328205 0.1181153 0.1792011 0.1770853 1.360046 0.08842695 0.1552261 1.436417 0.1187012 0.06557482
0.1306129 0.1151439 0.1828609 0.1689093 1.370644 0.09572043 0.1607749 1.435052 0.1222449 0.06906445
0.1310048 0.1285547 0.1776516 0.1870471 1.363227 0.09518488 0.1695591 1.437478 0.1190591 0.0761653
0.1314318 0.1386953 0.175904 0.1974851 1.364993 0.07531236 0.1655389 1.394724 0.1175663 0.08476263
0.1308365 0.1456571 0.1740232 0.2067242 1.359217 0.1034039 0.1873081 1.4404 0.1171398 0.09138259
0.1287951 0.1657349 0.1719449 0.2254648 1.377449 0.09437971 0.2073188 1.430765 0.1169716 0.1106876
0.1285416 0.1735156 0.1723658 0.2348952 1.373357 0.08906937 0.2134207 1.420035 0.1168912 0.1168477
0.1281265 0.1810729 0.1724658 0.2416848 1.372261 0.07475884 0.2066224 1.405119 0.1195865 0.1281802
0.1277289 0.1877976 0.1703795 0.2479432 1.373586 0.0897202 0.2284286 1.434235 0.1192759 0.1438137
0.1274598 0.1921904 0.1684903 0.2539279 1.378047 0.09833702 0.2412229 1.433563 0.1187465 0.1437209
0.1286436 0.1954489 0.1659521 0.257269 1.383139 0.06937603 0.2042278 1.4523 0.1193732 0.1476047
0.1299783 0.1985756 0.1670974 0.2617414 1.379845 0.0868872 0.2186705 1.424419 0.1200021 0.1502156
0.1297207 0.1989639 0.1675482 0.2610553 1.378304 0.07789169 0.2111401 1.448611 0.1200935 0.1498111
0.1310728 0.2015305 0.1666322 0.2647666 1.376116 0.08232392 0.2187775 1.4595 0.1206056 0.1516339
0.1310896 0.2009104 0.1664643 0.2650629 1.372201 0.09557039 0.22767 1.42745 0.12082 0.1523563
0.1304699 0.2001991 0.1658691 0.2633356 1.367345 0.09534553 0.2311933 1.434778 0.120841 0.1524729
0.1303296 0.1988094 0.1620715 0.2622605 1.367344 0.09311191 0.2262082 1.426455 0.120077 0.1465092
0.1309759 0.1940352 0.1634029 0.2559329 1.361074 0.0970012 0.216321 1.411229 0.119435 0.142437
0.1307412 0.1892812 0.1609949 0.2509308 1.356709 0.09266213 0.2134156 1.422399 0.11925 0.1390311
0.131238 0.1842453 0.1586559 0.2470856 1.355093 0.09338219 0.202983 1.425875 0.1190575 0.1339228
0.1317546 0.1777225 0.1576003 0.2409044 1.354668 0.07598902 0.186413 1.371917 0.1190239 0.1287479
0.1323238 0.1702971 0.1626296 0.2294404 1.35362 0.09788143 0.1911947 1.415 0.1187952 0.1217852
0.1318735 0.1650911 0.1594289 0.2261114 1.35384 0.08693901 0.1839297 1.4307 0.1182594 0.1148328
0.1325192 0.1502641 0.1669871 0.2084697 1.349955 0.1009951 0.1730242 1.425 0.1181245 0.1036624
0.1325533 0.1432424 0.1653236 0.2015476 1.357118 0.09918634 0.1698447 1.425534 0.1177991 0.09387581
0.1332815 0.1400298 0.1689653 0.199849 1.354994 0.08438927 0.1590174 1.409652 0.117373 0.08916476
0.1337822 0.1339178 0.1701783 0.1932187 1.360577 0.08580688 0.1556704 1.402255 0.1171999 0.08225029
0.1339551 0.13365 0.168677 0.1925613 1.361059 0.1003736 0.164338 1.424031 0.1171874 0.08192553
0.1340687 0.1323933 0.1795698 0.1892184 1.355481 0.09820771 0.1712512 1.423957 0.1173077 0.08209104
0.1345899 0.1335929 0.1758763 0.1930794 1.360464 0.1049416 0.1700883 1.445556 0.1173674 0.0822019
0.1351034 0.1343904 0.1784616 0.1928257 1.357296 0.1012364 0.165287 1.427583 0.117588 0.08264672
0.1347591 0.1354048 0.1787291 0.1946185 1.361735 0.07417812 0.1625724 1.423067 0.1181921 0.08347458
0.1351407 0.1388432 0.1733417 0.1991445 1.36351 0.0736305 0.1589095 1.417191 0.1190372 0.08488186
0.135629 0.1428795 0.1787245 0.2002587 1.360733 0.1025197 0.1732574 1.427087 0.1194676 0.08688936
0.1351448 0.1464872 0.1766021 0.2047337 1.36258 0.08385904 0.17017 1.446 0.1201641 0.08986747
0.1350197 0.150649 0.1751263 0.2112775 1.364222 0.07858445 0.1729157 1.39825 0.1210141 0.09353525
0.1356553 0.1534658 0.1768912 0.2138674 1.361131 0.08542223 0.1845915 1.407444 0.1220257 0.0990205
0.1357019 0.1567812 0.17731 0.2180844 1.364425 0.09240409 0.1884584 1.415485 0.1224223 0.1022607
0.1361584 0.1637956 0.1766541 0.2252097 1.366153 0.0923005 0.1942241 1.430889 0.1251304 0.1106279
0.1366319 0.1798802 0.1767235 0.2397146 1.374165 0.08061521 0.1977305 1.404925 0.1248495 0.1224081
0.1376957 0.1839478 0.1764757 0.2457707 1.379849 0.07963721 0.206006 1.415407 0.1250358 0.1252864
0.1372381 0.1883304 0.1776576 0.2498055 1.378639 0.08037063 0.2067068 1.403936 0.1260347 0.1322539
0.1382743 0.1977766 0.1742167 0.261206 1.37911 0.1048379 0.2261646 1.431619 0.1275563 0.1449835
0.1379571 0.2020767 0.1755086 0.2643417 1.377273 0.08356515 0.2117455 1.454545 0.1278456 0.1472367
0.1385369 0.2056194 0.1724529 0.2680694 1.381217 0.10146 0.228538 1.427676 0.1282772 0.1503167
0.1387297 0.205477 0.1711428 0.2692148 1.387283 0.08118454 0.2198284 1.408342 0.1284848 0.1519877
0.1384868 0.2059985 0.1751086 0.268946 1.383117 0.07794374 0.2167939 1.422429 0.1286833 0.1533935
0.1391944 0.2059513 0.175987 0.2677599 1.380095 0.08727264 0.2140793 1.441667 0.1286792 0.1533423
0.1395145 0.2077122 0.1745907 0.2717982 1.375404 0.09874825 0.2240825 1.421134 0.1289197 0.1539201
0.1403666 0.204669 0.1717432 0.2662333 1.364663 0.109244 0.2273176 1.4456 0.1289137 0.1525794
0.1409335 0.197637 0.1678673 0.2607825 1.367062 0.09627002 0.2085173 1.434909 0.1288042 0.1458794
0.1422178 0.192386 0.1708123 0.2556722 1.361378 0.08657235 0.2001029 1.374238 0.1294395 0.1427391
0.1431663 0.1856401 0.1725753 0.248044 1.362483 0.08740187 0.1964516 1.373382 0.1289684 0.1363045
0.1430871 0.1791036 0.1752356 0.241489 1.353833 0.08721171 0.1904645 1.373415 0.1297836 0.1327031
0.1434438 0.1740596 0.1754057 0.2339689 1.357916 0.1080502 0.1935872 1.41725 0.1291979 0.1264169
0.1431655 0.1693259 0.1736163 0.228766 1.363654 0.08884269 0.1790895 1.373042 0.1290142 0.1206824
0.1441896 0.164668 0.17692 0.2228194 1.356892 0.1102404 0.1924499 1.415435 0.1286046 0.116104
0.1439312 0.1561292 0.1759608 0.2175219 1.359726 0.1053007 0.177503 1.420967 0.1280416 0.1090541
0.1439276 0.1493265 0.1771368 0.2112974 1.3573 0.1057568 0.1687714 1.428071 0.1266041 0.09978911
0.1441174 0.1452488 0.1795998 0.2066018 1.359428 0.1117304 0.1729186 1.427512 0.1268565 0.09663275
0.1443259 0.1421228 0.1815862 0.2023745 1.355991 0.103836 0.1668776 1.4247 0.1271342 0.09281507
0.1446816 0.1398928 0.1848891 0.2003445 1.353194 0.1073341 0.1696724 1.424612 0.1270757 0.09034696
0.1449408 0.1385776 0.1847529 0.1967921 1.360511 0.1038438 0.1637207 1.427364 0.1274415 0.08945413
0.145566 0.1388845 0.1845427 0.1970852 1.362728 0.0889162 0.153809 1.390333 0.132767 0.09514047
0.1451438 0.1397564 0.1848067 0.1991717 1.360593 0.09607859 0.1637533 1.44 0.1308787 0.09270705
0.1455987 0.143361 0.1853717 0.2030871 1.358698 0.08213125 0.1601307 1.452 0.1279936 0.08976813
0.1449228 0.142662 0.1842192 0.2012184 1.364443 0.1039312 0.1731187 1.4438 0.1276011 0.08925026
0.1447795 0.1439049 0.1888309 0.2022357 1.362179 0.1053854 0.1754413 1.4332 0.1275684 0.0905185
0.144769 0.1497791 0.1854651 0.2081096 1.360629 0.1010085 0.1810205 1.411946 0.1280002 0.094256
0.1437119 0.15386 0.1870589 0.2148282 1.364492 0.107285 0.1872853 1.423783 0.1320089 0.1018419
0.1429051 0.1578417 0.1863197 0.2173946 1.368707 0.08698782 0.1811338 1.399553 0.1317468 0.1066225
0.1416945 0.1659792 0.1837447 0.225662 1.37117 0.094123 0.1904311 1.4443 0.1286252 0.1085482
0.1419288 0.1726956 0.1833701 0.2344168 1.371293 0.1017315 0.20725 1.429667 0.1283654 0.1142987
0.1397098 0.1799898 0.1823616 0.2410935 1.375085 0.091611 0.2037939 1.444714 0.1296837 0.1235075
0.1383619 0.1877417 0.1808048 0.249499 1.374417 0.09228196 0.21787 1.421833 0.1299007 0.1326886
0.1369915 0.2014334 0.1733413 0.2643026 1.37587 0.1104697 0.2443978 1.4325 0.1273055 0.1411845
0.1349961 0.202737 0.1732074 0.2647941 1.37979 0.09174903 0.2251801 1.449118 0.1266183 0.1498268
0.132482 0.2064017 0.1704055 0.2684534 1.384173 0.08064856 0.2175785 1.449937 0.1260857 0.1535884
0.1307515 0.2099522 0.1675988 0.2743951 1.381759 0.07462614 0.2292706 1.393064 0.1252563 0.1564812
0.1288626 0.2133376 0.1652838 0.2756242 1.381945 0.08247034 0.2298326 1.445231 0.1244459 0.1587089
0.1279316 0.2132241 0.1591199 0.2770427 1.380639 0.07318491 0.2267205 1.400697 0.1238132 0.1596264
0.1263314 0.2114222 0.1603312 0.2752513 1.372599 0.08848832 0.2390717 1.426389 0.1225828 0.1599288
0.1261427 0.2071676 0.1622516 0.2707935 1.363821 0.08776516 0.2268473 1.421044 0.1204349 0.1560471
0.1259042 0.2055639 0.1573442 0.2680314 1.359824 0.06878578 0.2125413 1.395711 0.1191989 0.1528676
0.1265874 0.1975381 0.1579891 0.2609887 1.356415 0.09031545 0.2193711 1.420231 0.1175476 0.1462712
0.1260412 0.1900928 0.1585459 0.2518638 1.35085 0.085029 0.2061093 1.405563 0.1168864 0.142211
0.124131 0.1775224 0.153781 0.2400365 1.340356 0.09311449 0.2059108 1.421769 0.1138833 0.1277049
0.1220631 0.1545577 0.1545239 0.2136748 1.342939 0.08931068 0.1789666 1.414 0.1140473 0.1119522
0.1212098 0.1480621 0.1551167 0.2079906 1.342873 0.08859487 0.1763538 1.415298 0.1124249 0.1050274
0.120511 0.1443614 0.1552378 0.2026042 1.338932 0.0634101 0.159145 1.381227 0.1119229 0.1004783
0.1195816 0.1437489 0.1536766 0.2027419 1.338906 0.09079615 0.1732023 1.4192 0.1142066 0.1034612
0.1183767 0.1390948 0.1546854 0.1964178 1.343839 0.08846594 0.1715439 1.41623 0.1126676 0.09694629
0.117871 0.1380885 0.1547487 0.1960327 1.343632 0.08662727 0.1694414 1.415585 0.112251 0.09339993
0.117294 0.1388804 0.1532559 0.1971637 1.345319 0.08831549 0.1723028 1.415781 0.1143179 0.09704549
0.1174993 0.137703 0.156837 0.1956461 1.344988 0.08709155 0.1713364 1.415103 0.1133471 0.09518915
0.1173849 0.1393752 0.1588062 0.1953965 1.346012 0.07065857 0.1688776 1.396103 0.1135479 0.0955618
0.117796 0.143166 0.1572633 0.2020663 1.354391 0.07366055 0.1752838 1.402825 0.1138806 0.09787283
0.1183421 0.1467843 0.1595234 0.2046362 1.355153 0.08447427 0.1822519 1.414133 0.1138352 0.1011089
0.1195232 0.1540757 0.1596273 0.2129061 1.35473 0.08396958 0.1892031 1.41303 0.1135739 0.1068566
0.1202781 0.1599827 0.1588354 0.2200962 1.357702 0.08795837 0.1928426 1.422 0.1089933 0.1024352
0.1206815 0.1643884 0.1599972 0.2242442 1.362804 0.08278684 0.1997899 1.4094 0.1129541 0.1147745
0.1219853 0.1713825 0.1638197 0.2316289 1.360452 0.0727763 0.1964669 1.391388 0.109829 0.1122993
0.1217928 0.1762072 0.1660085 0.2368941 1.363358 0.08134427 0.2114924 1.415857 0.1104605 0.1176742
0.1217195 0.1833822 0.1617665 0.2452969 1.365299 0.07246599 0.2123213 1.436937 0.1126832 0.1287468
0.121913 0.1907916 0.1602463 0.2525027 1.368804 0.0817956 0.2255152 1.434467 0.1132179 0.1346374
0.1219224 0.1950251 0.1629578 0.2551934 1.369351 0.07788769 0.2313792 1.422647 0.1116793 0.1423348
0.1210087 0.2020065 0.1576774 0.2635531 1.376146 0.06176873 0.2178172 1.410097 0.1116909 0.148095
0.1187384 0.2090031 0.1514988 0.2719691 1.380688 0.06103565 0.2258438 1.39197 0.1113287 0.15345
0.1181044 0.2088307 0.1511442 0.2713504 1.377528 0.08164934 0.2418212 1.426067 0.1110519 0.1543398
0.1183534 0.2078999 0.1518968 0.2716715 1.370696 0.07682752 0.2316594 1.415854 0.1109551 0.1545868
0.1182054 0.2068048 0.1505836 0.2697423 1.364454 0.07864808 0.2270219 1.422696 0.1099917 0.1512261
0.118676 0.2026694 0.1514364 0.2654106 1.358723 0.08232803 0.2230826 1.417684 0.1094974 0.1483246
0.1194358 0.1973297 0.1488391 0.2598265 1.357883 0.08366673 0.2186178 1.408862 0.1096065 0.1467581
0.119317 0.1900545 0.1512421 0.2515588 1.355039 0.09401035 0.2351719 1.414 0.1086071 0.1373855
0.1197387 0.1849007 0.1484196 0.2458825 1.347055 0.08307011 0.2028394 1.414588 0.1084331 0.1326438
0.1185423 0.1776349 0.1487847 0.2388185 1.348419 0.08009776 0.1932366 1.415214 0.1081473 0.1260565
0.1194477 0.1721777 0.149278 0.2325214 1.344275 0.08779762 0.1943937 1.410055 0.1076353 0.120853
0.1191862 0.1646191 0.1497197 0.2262344 1.346489 0.08599746 0.1816972 1.41119 0.1073625 0.1131893
0.1194146 0.1548369 0.151701 0.2152913 1.346565 0.08163675 0.172664 1.4164 0.1078209 0.1074707
0.1188718 0.1417811 0.1542229 0.2018382 1.338172 0.08740672 0.1742285 1.4149 0.1084978 0.09458867
0.119501 0.1373672 0.1550085 0.1948889 1.338864 0.0896098 0.1699859 1.414667 0.1077928 0.08821291
0.1196468 0.1339256 0.1547369 0.1936417 1.339121 0.08426423 0.1639975 1.411281 0.112154 0.09189451
0.1200872 0.1315137 0.1570213 0.1902353 1.342688 0.08964378 0.1658093 1.431154 0.1115581 0.08863451
0.120839 0.1305251 0.1593358 0.1878255 1.343126 0.08697665 0.1638669 1.420227 0.1140648 0.0903962
0.1212442 0.1314639 0.1667475 0.185957 1.335679 0.0879105 0.1678702 1.416317 0.1131608 0.08776795
0.1212665 0.1351239 0.1655783 0.1921441 1.334171 0.08919328 0.1704078 1.415118 0.1148339 0.09236469
0.1217274 0.138399 0.164567 0.1954081 1.342579 0.07436965 0.1666607 1.387513 0.1109967 0.08866221
0.1224223 0.1451672 0.1616701 0.2041727 1.347262 0.09246044 0.1850787 1.414529 0.1102593 0.0911786
0.1221652 0.14952 0.1593206 0.2100257 1.355909 0.08622419 0.1831679 1.418278 0.1100378 0.09334458
0.1213429 0.1543066 0.1605662 0.2107231 1.358407 0.08516689 0.1902888 1.415 0.1157722 0.1087946
0.1212988 0.161007 0.1636874 0.2188745 1.360256 0.07369835 0.1882713 1.398685 0.1159792 0.113952
0.1220517 0.1651399 0.1632441 0.2227574 1.363286 0.07168496 0.1917687 1.394708 0.1158993 0.1186637
0.1213352 0.1723663 0.1635307 0.2313517 1.365289 0.0870083 0.2083636 1.430333 0.1110579 0.11375
0.1207704 0.1795164 0.1588146 0.242393 1.370039 0.08473609 0.2177876 1.425714 0.110431 0.118588
0.1200587 0.1842188 0.1620442 0.2456971 1.369964 0.06362269 0.2049306 1.390657 0.1100592 0.125343
0.1195034 0.1910432 0.1608355 0.2492241 1.371551 0.082087 0.2226413 1.426238 0.1096306 0.1290337
0.1185307 0.1957485 0.1552627 0.258566 1.376054 0.06129814 0.2139865 1.401555 0.1091139 0.1431371
0.1172287 0.1994359 0.1582198 0.2597436 1.375715 0.08007548 0.2303052 1.433091 0.108538 0.1438823
0.1154174 0.2035149 0.1525331 0.2655647 1.380079 0.07842664 0.2371892 1.4257 0.1078474 0.1524822
0.1149897 0.2024828 0.1492754 0.2649447 1.37925 0.06745508 0.2249452 1.416043 0.1070448 0.1501333
0.1150805 0.2011959 0.1458867 0.2644144 1.372418 0.0527045 0.2110263 1.417727 0.1068822 0.1508038
0.1160913 0.199649 0.1519986 0.262228 1.359303 0.07715992 0.2152371 1.424467 0.1068397 0.1473012
0.1161438 0.1950639 0.1508099 0.2561369 1.353986 0.09346402 0.2388795 1.403857 0.1060888 0.1436985
0.1161426 0.1895578 0.1480114 0.2509694 1.354171 0.07428242 0.207775 1.4136 0.1064824 0.1407261
0.1162703 0.181428 0.1473124 0.242761 1.349705 0.05949017 0.1879163 1.377382 0.1051146 0.1284624
0.1163387 0.1738231 0.1479766 0.2347954 1.344225 0.08078279 0.1924176 1.411652 0.1057541 0.1240203
0.1171226 0.1681208 0.1438611 0.2307277 1.34232 0.08060603 0.1814366 1.417706 0.105679 0.1164487
0.1162468 0.1580191 0.147422 0.2210733 1.337314 0.0838063 0.1812693 1.4174 0.1055125 0.1064136
0.1177424 0.1498119 0.1508633 0.2098746 1.333794 0.08183336 0.1687102 1.417929 0.1054815 0.1011184
0.1177177 0.1413607 0.1523779 0.2004646 1.337064 0.08233152 0.1741005 1.418569 0.1054411 0.09166631
0.1203284 0.1323221 0.1558278 0.1893624 1.330019 0.08675524 0.1602286 1.430572 0.110109 0.08840445
0.1196225 0.1276209 0.1564487 0.1847037 1.333043 0.08312634 0.1633806 1.418811 0.1122445 0.08591287
0.1202273 0.1269624 0.1563012 0.1844611 1.335218 0.08396378 0.1621441 1.446538 0.1122982 0.08516878
0.1194219 0.1281389 0.1575723 0.1846035 1.330744 0.08729205 0.1660168 1.413727 0.1129145 0.08575773
0.1196661 0.1289522 0.1560062 0.1858854 1.337193 0.08603308 0.165505 1.421613 0.111856 0.08382922
0.1195469 0.1315557 0.1601927 0.1872161 1.337124 0.07978849 0.1644153 1.403 0.1114155 0.08411144
0.1197562 0.1327725 0.1647502 0.1885659 1.33879 0.08546208 0.1701881 1.41321 0.1104394 0.08290961
0.1218146 0.139313 0.1614336 0.1967402 1.345169 0.07732299 0.1697985 1.38804 0.1102463 0.08614748
0.1249603 0.1424094 0.1698585 0.1978853 1.346128 0.0757719 0.1718415 1.37534 0.1171855 0.1009472
0.1276146 0.151697 0.1710345 0.2097162 1.33891 0.08827856 0.1832661 1.394788 0.1181045 0.1068858
0.1309823 0.167244 0.1753905 0.2245055 1.344672 0.09164825 0.2097284 1.399 0.1175939 0.1126898
0.1318825 0.1767353 0.1729404 0.2367362 1.347886 0.07733987 0.2014024 1.368432 0.1198314 0.1225526
0.1315794 0.184451 0.177084 0.2450696 1.340067 0.09731914 0.2195849 1.402111 0.1211509 0.1413309
0.1318752 0.1925177 0.1768308 0.2524248 1.350259 0.08683703 0.2197154 1.41913 0.1212904 0.1455154
0.1313074 0.1987783 0.1741564 0.2596895 1.352483 0.07552135 0.223804 1.376441 0.1213791 0.1488893
0.1296481 0.2032798 0.1695236 0.2648805 1.357715 0.0736863 0.2229461 1.378845 0.120926 0.1525426
0.1283612 0.2065672 0.1698359 0.2667733 1.357135 0.07234355 0.228922 1.387001 0.1206868 0.1544747
0.1262265 0.2084996 0.167448 0.2674269 1.359547 0.07550645 0.2336693 1.384732 0.1200525 0.1568033
0.1249922 0.2111138 0.1658333 0.2702712 1.358102 0.06734774 0.2265389 1.375343 0.1194313 0.1581431
0.1231569 0.2105201 0.1615963 0.2704383 1.358471 0.06673922 0.2271787 1.372697 0.1183736 0.1585711
0.1220898 0.2098399 0.1587875 0.2696511 1.357177 0.06621687 0.2272435 1.364486 0.1176661 0.1586923
0.1217011 0.2071261 0.158327 0.2704832 1.348809 0.08084061 0.2273689 1.394812 0.1168047 0.1584453
0.1209255 0.202907 0.1567685 0.2642757 1.335887 0.08398811 0.22763 1.39235 0.1153302 0.1574972
0.1209414 0.1892107 0.1556153 0.2508424 1.329531 0.06035888 0.1959205 1.36125 0.1102344 0.1398488
0.1205237 0.1841322 0.1560616 0.243409 1.317797 0.08644487 0.2108915 1.392611 0.1094009 0.1334905
0.1195233 0.1761857 0.1501358 0.238186 1.320224 0.0858449 0.1955262 1.391684 0.1086843 0.1266229
0.1179965 0.1688976 0.1511063 0.2302865 1.317468 0.08516915 0.1976029 1.398538 0.1077959 0.1211686
0.1164431 0.1649949 0.1478229 0.2240878 1.316883 0.08741052 0.191297 1.401154 0.106796 0.1150085
0.1144388 0.1585184 0.1486563 0.2200943 1.313471 0.08356949 0.1909735 1.394676 0.1058095 0.109914
0.1140894 0.1544355 0.1458113 0.2150032 1.317478 0.0833805 0.1837575 1.388893 0.1050372 0.105425
0.113489 0.1525368 0.1428213 0.2126641 1.315139 0.08261328 0.1774143 1.385957 0.1046894 0.1033304
0.1123951 0.1471565 0.1442841 0.2095132 1.307881 0.08127604 0.1762635 1.3955 0.1040543 0.09906651
0.1123007 0.1437863 0.145128 0.2045227 1.308205 0.07963816 0.1713735 1.393696 0.1035514 0.09589114
0.1130398 0.1389391 0.1465803 0.1980649 1.302497 0.07706096 0.1625258 1.38664 0.1035073 0.09193643
0.1127719 0.1349594 0.145592 0.1933042 1.303016 0.08061127 0.1644381 1.399 0.1033689 0.08711918
0.1123072 0.1316558 0.1468994 0.1888061 1.301047 0.08076391 0.162298 1.388279 0.1032343 0.08469978
0.1110257 0.1286792 0.146925 0.1849706 1.297779 0.07759647 0.1618888 1.398652 0.1024204 0.0805961
0.1084903 0.1271311 0.1456647 0.1835793 1.296845 0.07414471 0.161415 1.40215 0.1086933 0.09384394
0.1053236 0.1278739 0.1445182 0.1838159 1.29508 0.07624426 0.1668939 1.394539 0.103937 0.08533141
0.1028789 0.1303285 0.1425147 0.1858862 1.297982 0.0736434 0.1713686 1.392501 0.1022888 0.0850708
0.1003189 0.1332779 0.1402605 0.1889543 1.295784 0.07005534 0.1745634 1.386 0.09980926 0.0842341
0.09813126 0.1384941 0.1392928 0.1949608 1.296328 0.06755029 0.1806208 1.388678 0.09676959 0.08464019
0.09654779 0.1458424 0.1360806 0.2018254 1.30129 0.06556927 0.184166 1.381071 0.09705058 0.1004448
0.09549159 0.1519343 0.1322682 0.2128922 1.303331 0.06478447 0.1897704 1.380619 0.09380066 0.1002376
0.09509891 0.1600679 0.1350758 0.2187925 1.305965 0.0610924 0.1968757 1.381815 0.09210151 0.1085518
0.09494718 0.1676139 0.1320942 0.2256589 1.307644 0.06296249 0.2060309 1.380421 0.08947425 0.132055
0.09525993 0.1711047 0.1324095 0.2289049 1.313223 0.06311832 0.2084865 1.379842 0.08937272 0.1329831
0.09445075 0.175549 0.1341045 0.2313039 1.310596 0.05774868 0.2100798 1.369781 0.08920439 0.1345466
0.09385335 0.1785092 0.1343325 0.2350757 1.311399 0.05929607 0.2147767 1.37305 0.08908988 0.1363578
0.0927933 0.1805228 0.1371598 0.237345 1.306979 0.06187184 0.2199387 1.38316 0.08881363 0.1382474
0.0916675 0.1821694 0.1277875 0.2402864 1.313856 0.05828871 0.2186762 1.372148 0.08847064 0.1398472
0.09162086 0.1846345 0.1285651 0.2441007 1.312484 0.05776006 0.2183377 1.375822 0.08813597 0.1412332
0.09137896 0.1844254 0.1286123 0.2426047 1.311974 0.05858213 0.2163593 1.377072 0.08802979 0.1418058
0.09158175 0.1846647 0.1239287 0.244755 1.309355 0.05909894 0.2154434 1.376762 0.08809569 0.1348607
0.09364123 0.182453 0.1214376 0.2438904 1.301533 0.05835052 0.2055817 1.389667 0.08819585 0.1366225
0.09673332 0.1783426 0.1280987 0.2399242 1.294489 0.06091651 0.1967034 1.372846 0.08897382 0.1364722
0.1073147 0.156398 0.1416916 0.2144515 1.286265 0.07437716 0.1792496 1.368263 0.09719662 0.1134232
0.1082838 0.153614 0.1397497 0.2147499 1.284115 0.07347572 0.1753664 1.376917 0.09613583 0.1050609
0.1093899 0.1496078 0.1435019 0.208637 1.285106 0.07790854 0.1781338 1.362961 0.09712561 0.1017539
0.1104351 0.1482678 0.1403508 0.212973 1.282556 0.08047374 0.177317 1.3834 0.09800027 0.09996323
0.1110207 0.1459471 0.142966 0.2053904 1.286338 0.07821831 0.1704454 1.367857 0.09939523 0.1001525
0.1112126 0.1458182 0.1456349 0.2021052 1.288938 0.07773885 0.1770809 1.374398 0.1008846 0.1009283
0.1108257 0.1459169 0.1473394 0.2025603 1.281106 0.07800428 0.1725314 1.373483 0.09889675 0.09532169
0.1084653 0.1459261 0.1438865 0.2004909 1.279009 0.07981562 0.1819037 1.365249 0.1006334 0.09985603
0.1069711 0.1457426 0.1379047 0.1990648 1.270234 0.08147901 0.1929107 1.37525 0.1008685 0.1008342
0.1032196 0.1437762 0.1293789 0.1845158 1.262122 0.07529248 0.1927689 1.378 0.1012124 0.1027329
0.09978551 0.1394999 0.1184584 0.1807228 1.289988 0.06796253 0.1812952 1.342077 0.1010012 0.1031945
0.09646273 0.1365199 0.1050375 0.193224 1.290195 0.06132224 0.1700141 1.3419 0.09995756 0.1032455
0.08702689 0.1447244 0.08889307 0.20885 1.26795 0.05761614 0.1930244 1.3367 0.09232607 0.1066761
0.08162809 0.1516508 0.08115327 0.2135704 1.255192 0.04213496 0.1800826 1.333 0.08571178 0.1108862
0.07566097 0.1597843 0.07243131 0.2225339 1.270286 0.04937212 0.2198041 1.331375 0.07997577 0.1149717
0.07016783 0.1679004 0.06317682 0.2311588 1.272175 0.03026289 0.2033151 1.342778 0.07557718 0.1198921
0.06212665 0.1794516 0.05427212 0.2444856 1.293995 0.01330923 0.1965528 1.351063 0.06956831 0.1299027
0.05532657 0.1898975 0.05912028 0.2418941 1.302711 0.005946842 0.2018334 1.353478 0.06372564 0.138078
0.05028822 0.1974879 0.05317715 0.2486045 1.310776 -0.0007510575 0.2159082 1.363706 0.0601561 0.1431963
0.04727359 0.2010047 0.05094273 0.2556365 1.314795 0.0005298262 0.2086634 1.358716 0.05740303 0.1470148
0.04471952 0.1996616 0.03504422 0.2637134 1.314479 -0.003103561 0.2030922 1.365857 0.05542161 0.1548643
0.04584089 0.1937994 0.03182443 0.2565517 1.311043 0.01938038 0.2526002 1.3595 0.05478119 0.1480615
0.04696544 0.1866017 0.02276151 0.250764 1.29856 0.0001500987 0.1956867 1.366539 0.05442935 0.1461723
0.0491633 0.1792436 0.03134767 0.2410555 1.30812 0.001763327 0.1792036 1.361579 0.05453004 0.1364966
0.05127466 0.1729984 0.03547623 0.2330715 1.308411 0.004134307 0.1721298 1.363 0.05516984 0.1490162
0.05215779 0.1709519 0.03919025 0.2324054 1.312732 0.005721523 0.171844 1.355406 0.05560743 0.1361435
0.05117004 0.1725736 0.04255384 0.2334495 1.312428 0.003344767 0.1797647 1.360612 0.05477237 0.1258037
0.04897948 0.1756547 0.03955377 0.2368339 1.313956 0.0007274796 0.1841991 1.365316 0.05546853 0.1427831
0.04749822 0.177338 0.03939762 0.2383078 1.312711 -0.001472383 0.1891205 1.356318 0.05270313 0.1309187
0.04505694 0.1813833 0.04066634 0.2424596 1.30852 -0.003565854 0.1901939 1.354667 0.05118218 0.137547
0.04035828 0.1890205 0.04091524 0.2413305 1.299338 -0.01015464 0.2034759 1.350111 0.04688186 0.1423391
0.03926152 0.1918501 0.04250339 0.248782 1.301297 -0.01013177 0.1998915 1.351052 0.04622067 0.1438041
0.03852985 0.1923411 0.04095814 0.2435749 1.297459 -0.0103583 0.200512 1.350955 0.04541768 0.1456759
0.03867073 0.1939318 0.04551274 0.2481794 1.296016 -0.01096996 0.2020682 1.345364 0.04502757 0.1466232
0.03867749 0.1936578 0.03680812 0.243476 1.298022 -0.01021657 0.2015634 1.34802 0.04500255 0.1466189
0.03876178 0.1940379 0.04224294 0.2487198 1.298565 -0.009124104 0.2002884 1.345023 0.04485206 0.1470465
0.03991422 0.1924547 0.0433016 0.2437032 1.293088 -0.008272285 0.1988425 1.339958 0.04481659 0.1473499
0.040519 0.1923158 0.04236038 0.2413195 1.293755 -0.007800809 0.1973173 1.34503 0.04477541 0.1504494
0.04168476 0.1907287 0.0434724 0.240058 1.291658 -0.008048964 0.1996323 1.346189 0.04509895 0.1472782
0.04213743 0.1900996 0.04866176 0.2457529 1.290751 -0.007488705 0.1997401 1.345543 0.04549458 0.1470684
0.04269368 0.1890799 0.04404975 0.2390635 1.289294 -0.004949137 0.1993809 1.340314 0.04596278 0.1464489
0.04576582 0.1861683 0.04696316 0.231695 1.287539 -0.005006678 0.2002114 1.343721 0.04730976 0.1451953
0.04722461 0.1865184 0.04862268 0.238663 1.293373 -0.002847703 0.2019405 1.344003 0.04811898 0.1444757
0.04901583 0.1859386 0.0509236 0.2363887 1.288723 0.001301935 0.1961553 1.338 0.04876518 0.1440477
0.05073871 0.1859534 0.05250236 0.2370253 1.291695 0.003737922 0.2108894 1.337357 0.04958161 0.1433844
0.0518772 0.1858496 0.05397317 0.2426862 1.290559 0.005910221 0.2006715 1.342986 0.05013418 0.1431677
0.05290943 0.1857378 0.05600097 0.2477722 1.298712 0.02697895 0.2387475 1.35 0.05083399 0.1444369
0.05438905 0.1853445 0.05777312 0.2466063 1.296007 0.008100272 0.2034004 1.347177 0.05173358 0.1421929
0.05501289 0.1836691 0.06241521 0.2364661 1.290861 0.02975047 0.2374285 1.353667 0.05243697 0.1417526
0.05562406 0.1833416 0.06212687 0.2348724 1.290805 0.0167214 0.2222279 1.350089 0.05314532 0.1414772
0.05728832 0.1808829 0.06280863 0.2332788 1.288959 0.02400586 0.2239534 1.3498 0.05468802 0.1405648
0.0578525 0.1821713 0.06126964 0.2387266 1.293448 0.01046358 0.1974434 1.349105 0.05555783 0.1402844
0.05875764 0.1801833 0.06456695 0.2305845 1.288471 0.01414235 0.2021575 1.341333 0.05626081 0.1395979
0.05968761 0.1797365 0.06576806 0.2315237 1.291059 0.01938488 0.2123936 1.351314 0.05682264 0.1392066
0.0599243 0.179795 0.06300192 0.230198 1.2899 0.01553749 0.1998609 1.342986 0.0574071 0.139118
0.06017675 0.1801255 0.06389259 0.2341869 1.293273 0.02300806 0.2209324 1.343273 0.05790522 0.1388439
0.06007738 0.1806867 0.063826 0.235457 1.289434 0.01669647 0.2035602 1.34247 0.0584515 0.1397825
0.06020141 0.1805457 0.0652889 0.2304908 1.286096 0.03073678 0.2331734 1.358429 0.05873086 0.1388101
0.05972505 0.1819066 0.06447074 0.2333879 1.287112 0.03353541 0.2393012 1.357333 0.05884315 0.1388196
0.05918626 0.1822202 0.06477253 0.2332803 1.285236 0.03000445 0.2438053 1.365333 0.05890942 0.1388358
0.05973229 0.1851717 0.06448583 0.2383214 1.288686 0.03250068 0.2413298 1.359814 0.05898299 0.1388796
0.05977125 0.1845933 0.06467059 0.2398798 1.287834 0.03214156 0.2433078 1.360804 0.05911523 0.1392174
0.05910302 0.189913 0.06292241 0.2477593 1.287327 0.02914915 0.2448561 1.3657 0.05930598 0.1395744
0.05949739 0.1891075 0.0670289 0.2485739 1.288554 0.03045002 0.2484128 1.363846 0.05959843 0.1403531
0.05953483 0.1943899 0.06788406 0.2546093 1.290591 0.02742855 0.2450737 1.365986 0.05983583 0.1411483
0.06032008 0.1922428 0.07748923 0.2471583 1.292988 0.03119508 0.2475208 1.3744 0.05992592 0.1419761
0.0603243 0.1947855 0.07856826 0.2499227 1.295277 0.02903654 0.239564 1.363267 0.0602116 0.1426241
0.06063723 0.195268 0.08130851 0.2502735 1.293835 0.02946349 0.241396 1.366367 0.06032375 0.1441475
0.06113824 0.1982191 0.08036283 0.2537233 1.283667 0.0322019 0.2439677 1.364874 0.06067509 0.1454187
0.06212409 0.1985343 0.08287939 0.2508631 1.277046 0.03080754 0.2376882 1.369418 0.06073331 0.1440419
0.0620964 0.1989388 0.0871198 0.2511961 1.281396 0.03376638 0.2412983 1.373801 0.06081775 0.1441536
0.0621598 0.1988636 0.08757577 0.2525593 1.285515 0.03225087 0.2416347 1.366069 0.06097435 0.144344
0.06261974 0.1989905 0.09144418 0.2506258 1.282448 0.03426079 0.2419059 1.373648 0.06109405 0.1444128
0.06243255 0.1981613 0.08740058 0.2509655 1.284971 0.03137614 0.2447134 1.375558 0.06117395 0.1491333
0.06323197 0.1974953 0.09153172 0.2499041 1.284443 0.02737433 0.2304891 1.356 0.06146831 0.1446285
0.06364132 0.1943212 0.08883878 0.2470066 1.282727 0.02777005 0.2190296 1.34164 0.06166115 0.1446898
0.06411852 0.1937073 0.08585191 0.2476242 1.279806 0.01353535 0.1947235 1.34375 0.06177251 0.1445893
0.0640889 0.191606 0.08471797 0.245344 1.279277 0.01509237 0.2024795 1.335039 0.06191894 0.1444687
0.06402871 0.1909898 0.08360002 0.2449907 1.279824 0.01303674 0.1922641 1.3426 0.06201925 0.1444021
0.06379676 0.1903634 0.08052012 0.2452946 1.280561 0.01617239 0.201914 1.331067 0.06213497 0.144165
0.06364556 0.1902577 0.07793655 0.2446843 1.279251 0.01601383 0.2004704 1.331041 0.06218424 0.1441032
0.06381367 0.1897113 0.07927479 0.2421449 1.282682 0.01579408 0.2004189 1.337223 0.0623859 0.1438708
0.06352074 0.1893197 0.07339059 0.2456439 1.281296 0.01482806 0.1976174 1.339679 0.06254619 0.1436119
0.06375078 0.1869007 0.07385606 0.2452995 1.278803 0.01517806 0.1974946 1.340682 0.06278431 0.1430191
0.06431621 0.186822 0.07301252 0.2441744 1.279259 0.01224387 0.1918028 1.346934 0.06297442 0.1423845
0.0641543 0.1856887 0.07389872 0.2427231 1.279651 0.01631652 0.1901283 1.344341 0.06312591 0.1420329
0.06453515 0.1868415 0.07533026 0.2443317 1.279091 0.01394082 0.1951722 1.342739 0.06323188 0.1418498
0.06482538 0.1862325 0.0761783 0.2433967 1.284567 0.01384374 0.1951039 1.343238 0.06434003 0.137896
0.0649177 0.1856664 0.07574804 0.2435205 1.282927 0.01343606 0.1888457 1.3559 0.06440491 0.1376041
0.06520002 0.1860261 0.07283148 0.2443722 1.278824 0.01399892 0.194444 1.346348 0.06449161 0.1375539
0.06551182 0.1843071 0.07410513 0.2431903 1.283299 0.01232966 0.1896362 1.356067 0.06472211 0.1428175
0.06574345 0.18411 0.07898196 0.2394787 1.283871 0.01591907 0.1979832 1.34591 0.06452002 0.1367955
0.06553057 0.1835784 0.07558174 0.2413716 1.280232 0.01957777 0.1922513 1.355504 0.06452981 0.1368324
0.06506036 0.1834299 0.07481876 0.2407119 1.280322 0.01601865 0.1928872 1.349281 0.0646257 0.1369005
0.06429731 0.1833478 0.07733969 0.237077 1.282339 0.02244705 0.2005649 1.357588 0.06459288 0.1369839
0.06419272 0.1836577 0.0727408 0.2402406 1.283219 0.01617915 0.1889896 1.363 0.06458743 0.1369604
0.06325461 0.1822578 0.07652412 0.2361495 1.283248 0.01891419 0.1978925 1.35077 0.06442563 0.1375331
0.06302767 0.1846708 0.07456784 0.2395532 1.283946 0.0261498 0.2171094 1.356667 0.0643694 0.1376478
0.06276364 0.1843099 0.07289358 0.2401059 1.284231 0.01480336 0.1949631 1.348833 0.06426985 0.1378866
0.0628735 0.1847272 0.07357717 0.239601 1.284852 0.0238385 0.209932 1.354426 0.06419748 0.1378495
0.06285523 0.1840992 0.06995145 0.2406338 1.285451 0.01455403 0.1944758 1.351708 0.06413192 0.1378956
0.06251048 0.1841774 0.07297114 0.2403353 1.282526 0.02333607 0.2087599 1.357096 0.06401098 0.138049
0.06225729 0.1853225 0.07197832 0.2413565 1.286962 0.02782479 0.2211769 1.372571 0.06382774 0.1382559
0.06194887 0.1848204 0.06826334 0.241935 1.284556 0.03525578 0.2312542 1.364 0.06363913 0.1384375
0.06173666 0.184073 0.07017504 0.2412935 1.284222 0.03452125 0.2341241 1.3572 0.06339669 0.1387041
0.0612734 0.184389 0.07146595 0.2400106 1.284757 0.0222551 0.213101 1.364182 0.06306818 0.1389824
0.06103962 0.1845642 0.07264303 0.2410058 1.285044 0.02521959 0.2180586 1.362062 0.06261546 0.1391009
0.06057261 0.1846149 0.07416084 0.2406122 1.286452 0.01814283 0.2064179 1.355313 0.06220844 0.1395514
0.06055072 0.1851472 0.07953107 0.2380449 1.287739 0.02360722 0.2152307 1.360643 0.06189068 0.1413618
0.06027106 0.185483 0.08256035 0.2372524 1.287094 0.03207247 0.2410328 1.374167 0.06141312 0.1399436
0.06025014 0.1850548 0.08438595 0.2357925 1.288269 0.03213199 0.2357453 1.366442 0.06113202 0.1402018
0.06015509 0.1851065 0.08388146 0.2350956 1.285573 0.02507487 0.2169784 1.348739 0.0609197 0.1402131
0.06094731 0.1856248 0.08076515 0.2385659 1.287737 0.03379496 0.2396243 1.368 0.06074362 0.1402518
0.0608572 0.1853857 0.07913403 0.2377951 1.283661 0.034716 0.2429757 1.369143 0.06063967 0.1402269
0.06139031 0.1852867 0.07925438 0.2394795 1.285704 0.02632295 0.2154496 1.352409 0.06007084 0.1381088
0.06151666 0.1880144 0.07550716 0.2432453 1.282336 0.03459686 0.2480015 1.375 0.06040298 0.1424541
0.06177812 0.1847866 0.07943247 0.2380452 1.287412 0.02613362 0.2146013 1.356941 0.06002352 0.1382059
0.06142244 0.1848874 0.0759115 0.2407256 1.282514 0.0345033 0.2454732 1.37125 0.06000803 0.1383183
0.06178663 0.1849922 0.07347275 0.2446162 1.287191 0.03118252 0.2223555 1.365417 0.0600023 0.1383159
0.06194141 0.1873744 0.07255391 0.2457846 1.285605 0.008549075 0.1960436 1.347647 0.05999576 0.1384133
0.06252655 0.1852403 0.07481065 0.2420083 1.285371 0.03620993 0.2343527 1.365286 0.05999111 0.1383381
0.06253035 0.1845935 0.07481086 0.2422751 1.283655 0.01715948 0.2004878 1.35116 0.05999624 0.1383255
0.06252694 0.1842689 0.07249118 0.2437182 1.283921 0.02184487 0.2058304 1.362205 0.06001759 0.138318
0.06332754 0.1833396 0.06981278 0.2443517 1.289957 0.02055458 0.1974434 1.363235 0.06004208 0.1382633
0.06322233 0.1836887 0.06994258 0.2430501 1.289945 0.02317184 0.2055074 1.356274 0.06007218 0.1382333
0.06396089 0.1834252 0.06986824 0.2428093 1.288659 0.03715323 0.2261823 1.360714 0.06041951 0.1353474
0.06328268 0.1829304 0.07050687 0.2415261 1.287995 0.03886133 0.2324302 1.36025 0.06046384 0.13538
0.06356405 0.1825864 0.07186721 0.2402181 1.286967 0.02605975 0.2146041 1.3626 0.06059071 0.1332522
0.06421632 0.1821363 0.07281869 0.2380223 1.291169 0.03555702 0.2221511 1.360268 0.06064519 0.1336375
0.06510621 0.1798596 0.0720253 0.2375986 1.289169 0.03126664 0.2104104 1.35825 0.06216509 0.136104
0.06523372 0.1792581 0.07165757 0.2386338 1.293359 0.04016157 0.2364719 1.373 0.06192747 0.1310418
0.06603317 0.1769126 0.07654481 0.2358478 1.28038 0.02831398 0.2006019 1.356786 0.06241794 0.1285947
0.06640244 0.1792917 0.07358805 0.2377918 1.290277 0.01777427 0.1920621 1.359353 0.06269958 0.1299465
0.06672398 0.1772291 0.07632018 0.2365842 1.289335 0.01941735 0.1917715 1.360389 0.06323709 0.1284012
0.06758973 0.1790991 0.07370356 0.2375166 1.291592 0.04358494 0.2316776 1.363 0.0652763 0.1402007
0.06795887 0.1782213 0.07911344 0.2353927 1.289564 0.04166545 0.2346857 1.3734 0.06562917 0.1389285
0.06849373 0.1768289 0.0801692 0.2352815 1.285931 0.03452731 0.2072827 1.349828 0.06424242 0.1260499
0.0688176 0.1769154 0.07752001 0.2365802 1.290192 0.04274318 0.22222 1.3655 0.06447353 0.1255991
0.06883971 0.1767873 0.07791238 0.2365825 1.280125 0.04163053 0.2292608 1.3722 0.06461515 0.1252954
0.06924439 0.1768737 0.07786617 0.2355906 1.287736 0.0321233 0.2026784 1.355522 0.064762 0.1246229
0.07000612 0.1758976 0.07707621 0.2363178 1.291432 0.02151576 0.1899816 1.3605 0.06507501 0.1240616
0.07005239 0.1762293 0.07747275 0.235721 1.291671 0.04514385 0.2270088 1.3654 0.06525808 0.1237217
0.07050018 0.1743967 0.0834651 0.231613 1.284422 0.03857503 0.2103935 1.355312 0.06547729 0.1235108
0.07108808 0.1740665 0.08099769 0.2334408 1.286363 0.03317802 0.2022187 1.367 0.06564825 0.122964
0.07148395 0.1737795 0.0818831 0.2334109 1.284736 0.03429947 0.1978408 1.356812 0.06585541 0.1226791
0.07207529 0.1736795 0.08330476 0.2320805 1.291401 0.02424726 0.1869594 1.357481 0.0661296 0.1222286
0.07227985 0.1739245 0.08273509 0.2329653 1.28367 0.04871939 0.2177434 1.34575 0.06635087 0.122122
0.0736242 0.1734144 0.08162277 0.2334575 1.295763 0.02438294 0.1823292 1.364318 0.06711633 0.125436
0.07479428 0.1730451 0.08178372 0.232626 1.295281 0.03772317 0.1967974 1.359257 0.06788506 0.1255915
0.07544781 0.1726357 0.0850033 0.2301791 1.293878 0.03926921 0.1993542 1.355344 0.06886651 0.1256398
0.07606373 0.1710472 0.08766501 0.2294517 1.288237 0.02535251 0.1769743 1.360173 0.06933843 0.1259393
0.07641724 0.1709663 0.08599747 0.2304282 1.292146 0.05117118 0.2193499 1.367 0.0694168 0.1188361
0.0771255 0.1706348 0.08688742 0.2296515 1.286032 0.04164995 0.2015561 1.368556 0.06999919 0.1209339
0.07764793 0.1702184 0.08876765 0.2299666 1.296586 0.03630899 0.1889715 1.372308 0.0703735 0.1181494
0.07793043 0.1707991 0.09040523 0.2297123 1.289736 0.05259713 0.215851 1.3652 0.07076035 0.1180062
0.07844017 0.1701217 0.08665364 0.2308833 1.295509 0.03959581 0.1944676 1.363136 0.07120173 0.1177461
0.07907576 0.1702329 0.08996703 0.2302451 1.292006 0.04140257 0.1943868 1.358871 0.07169048 0.1174354
0.07970983 0.1700544 0.09044506 0.2283385 1.293477 0.05384664 0.2193354 1.367429 0.07204011 0.1172465
0.07952099 0.1701174 0.09167045 0.2287364 1.293146 0.0552305 0.2139097 1.36 0.07260408 0.1169632
0.07934893 0.1703504 0.09015369 0.2296824 1.286244 0.05369683 0.2162864 1.372 0.07286724 0.1167858
0.07954138 0.1702656 0.09093373 0.2295226 1.289062 0.05492723 0.2207155 1.36775 0.07343647 0.1191378
0.0791757 0.170102 0.09127266 0.2288015 1.288285 0.05508866 0.2213679 1.371667 0.07345241 0.1164324
0.07908519 0.1704122 0.09082147 0.2296213 1.290924 0.04804275 0.2071808 1.359714 0.07383761 0.1200131
0.07816619 0.170104 0.0904474 0.2290273 1.293085 0.04637379 0.2103066 1.370054 0.07437714 0.1214979
0.07769154 0.1702099 0.08807372 0.2301192 1.287366 0.04312279 0.2033511 1.3746 0.07380278 0.1166056
0.07719847 0.1704977 0.08974647 0.2296577 1.288729 0.05253421 0.2254628 1.370333 0.07374348 0.1166307
0.07592063 0.1696951 0.08832783 0.2288911 1.285112 0.05079247 0.2235913 1.371596 0.07304157 0.1227311
0.07542461 0.1698863 0.0863262 0.2304991 1.289991 0.04887855 0.2188818 1.370028 0.07317399 0.1239405
0.07488103 0.1695788 0.08508568 0.229659 1.28945 0.03211172 0.1914755 1.371111 0.07230851 0.1193256
0.07424495 0.1693087 0.08705884 0.2281445 1.2904 0.03484896 0.1981125 1.367465 0.072051 0.1205687
0.07454985 0.1698357 0.08719748 0.2283213 1.286528 0.04116863 0.201068 1.35215 0.07237497 0.122351
0.07372648 0.1675042 0.08946427 0.2259545 1.287514 0.03511804 0.1934151 1.3569 0.07135919 0.1183051
0.07382729 0.1697766 0.08689384 0.2273816 1.290052 0.03547451 0.1954261 1.363982 0.07078229 0.1271861
0.07385029 0.169935 0.08669733 0.2280252 1.284362 0.03910585 0.2006664 1.363613 0.07100882 0.1315974
0.07348382 0.1698912 0.08633506 0.2275458 1.284129 0.04631589 0.217888 1.365 0.06911387 0.1223512
0.07330482 0.170212 0.09237826 0.2225669 1.286872 0.04814664 0.2222264 1.3695 0.06896789 0.1219189
0.07320992 0.1699872 0.08641369 0.2286171 1.282843 0.04197834 0.2100282 1.363621 0.06902027 0.1229687
0.0731042 0.1698235 0.0862968 0.2285802 1.284089 0.0237135 0.1862058 1.354 0.06910575 0.1241405
0.07284723 0.1699772 0.08469866 0.2296285 1.283113 0.02460272 0.18699 1.355579 0.06910571 0.1248178
0.07282257 0.1697259 0.08630144 0.2287996 1.283899 0.04631516 0.2168832 1.361 0.06861464 0.1210906
0.07266814 0.1698965 0.08580395 0.2291695 1.284624 0.03432906 0.1986326 1.350857 0.06858215 0.1209937
0.0720417 0.1699564 0.08536187 0.2290678 1.282264 0.04574835 0.2238989 1.372 0.06845618 0.1209422
0.07211322 0.1701945 0.08533818 0.2289727 1.281735 0.03950154 0.2099327 1.352834 0.06859308 0.1235606
0.07142477 0.169747 0.08743071 0.2256718 1.281418 0.03755043 0.2056363 1.341936 0.0682309 0.1208759
0.07149722 0.1697057 0.08342334 0.2276565 1.278965 0.03535463 0.202626 1.352256 0.06807349 0.1208278
0.07102918 0.1703813 0.08433542 0.2295342 1.284624 0.0460398 0.2322259 1.381 0.06827128 0.1235425
0.07078703 0.1703328 0.08623282 0.2264999 1.282363 0.04526814 0.2272667 1.3692 0.06838269 0.124765
0.07069593 0.1696205 0.0821963 0.2292305 1.278427 0.01751507 0.1783627 1.357563 0.06781753 0.1205868
0.07061628 0.1697627 0.08665087 0.2246468 1.281934 0.03373479 0.2001849 1.356072 0.06797172 0.1226069
0.07023514 0.1702488 0.08551227 0.2264224 1.281045 0.03153637 0.1970559 1.360628 0.0669852 0.1237674
0.07000346 0.1694636 0.0833598 0.2270442 1.280459 0.03312521 0.1984268 1.345391 0.06707165 0.1254725
0.07040761 0.172157 0.08143172 0.2315134 1.276672 0.03616129 0.2037472 1.346278 0.06704144 0.1260962
0.06954879 0.1701212 0.08282477 0.2284597 1.281091 0.0279639 0.1962009 1.354043 0.06668364 0.1230755
0.06930094 0.1722396 0.08064546 0.2304024 1.276028 0.03993475 0.2126558 1.349 0.06656589 0.1228347
0.06902751 0.17249 0.08087963 0.2309604 1.279437 0.03327983 0.2014994 1.351253 0.06684429 0.126066
0.06859329 0.1721029 0.08057909 0.2313672 1.273484 0.03250526 0.2011926 1.343083 0.06730758 0.1303171
0.06849258 0.1720629 0.07889068 0.2313057 1.28015 0.04716941 0.2222978 1.332727 0.06715231 0.1309046
0.06741764 0.1726207 0.07975154 0.2302344 1.276255 0.04152447 0.2262481 1.356333 0.06688607 0.1307918
0.06693351 0.1721385 0.08084032 0.2299923 1.275939 0.03058889 0.1996739 1.346667 0.06623451 0.1295817
0.06598895 0.1726687 0.07887466 0.2307037 1.276834 0.01526752 0.1845066 1.345737 0.06708988 0.1350217
0.06559276 0.172999 0.07814547 0.2313296 1.277509 0.03417116 0.2107643 1.3605 0.06634021 0.1335767
0.06533525 0.1726653 0.07794875 0.2313201 1.27544 0.03080338 0.202198 1.337333 0.0661786 0.1346107
0.06490657 0.1724213 0.0766961 0.2312021 1.277302 0.01561077 0.1841147 1.338885 0.06583197 0.1345121
0.0646022 0.1721735 0.07713182 0.2287079 1.277824 0.0127543 0.1784373 1.343179 0.06569662 0.1355214
0.06467547 0.1721915 0.07606607 0.2316806 1.275175 0.02999178 0.2016759 1.336088 0.06609885 0.1385774
0.0641759 0.1722898 0.0775115 0.22841 1.278726 0.03847747 0.232009 1.357667 0.06490603 0.1344422
0.06430196 0.1718576 0.07571748 0.2311746 1.274943 0.03206451 0.2099264 1.3488 0.06258422 0.1217359
0.0642343 0.1722911 0.07718658 0.2296873 1.276205 0.02570711 0.1984776 1.347846 0.06575593 0.1408762
0.06403414 0.172412 0.07630062 0.230263 1.276415 0.008804834 0.1797196 1.346067 0.06491037 0.1380607
0.06388146 0.1724442 0.07550146 0.2317295 1.27544 0.008947892 0.1798141 1.345254 0.06435666 0.1364695
0.06383528 0.1727305 0.07612664 0.2295809 1.276628 0.02016883 0.1955265 1.352583 0.0639932 0.1354898
0.06400275 0.1726347 0.07489917 0.2309774 1.272489 0.03469457 0.212023 1.338278 0.06333829 0.1334878
0.06358705 0.1720573 0.07675114 0.2294819 1.27518 0.02758012 0.2018778 1.342769 0.06306065 0.1329119
0.0637408 0.1725666 0.07737285 0.2286884 1.277727 0.02607441 0.2022047 1.352 0.06286119 0.132545
0.06356988 0.1730958 0.07634471 0.2297945 1.275679 0.0265871 0.201856 1.345699 0.06257423 0.1314548
0.06376325 0.1720616 0.07586876 0.2307769 1.274677 0.02808677 0.2027834 1.342591 0.06244911 0.1312638
0.06346788 0.1721589 0.07766639 0.2295302 1.276679 0.02619314 0.1984458 1.347976 0.06195271 0.1290479
0.06340402 0.172798 0.07929263 0.2271975 1.276572 0.03865056 0.2274922 1.35275 0.06262659 0.1329045
0.0633368 0.1724255 0.07576454 0.230449 1.272854 0.03067348 0.2065697 1.338409 0.06200222 0.1300808
0.06347245 0.1720848 0.07376268 0.2317091 1.275302 0.01909759 0.1892876 1.353923 0.0605758 0.1215503
0.06363662 0.1719425 0.07534461 0.2301127 1.272845 0.02527791 0.2003524 1.350443 0.0610299 0.1250702
0.06305546 0.1721282 0.07539267 0.2304745 1.273789 0.01887106 0.1899376 1.355667 0.06034403 0.1214362
0.063117 0.1725653 0.07491253 0.2310103 1.272677 0.02474973 0.1994853 1.350568 0.06242901 0.1353242
0.06326956 0.1722972 0.07540688 0.2302884 1.273845 0.02429937 0.199312 1.349884 0.06230781 0.1353637
0.06341235 0.1726395 0.0761969 0.2301984 1.274994 0.03028801 0.2085604 1.343786 0.06194042 0.1341386
0.06355992 0.1724722 0.07507138 0.2314641 1.275177 0.02484138 0.1987256 1.350833 0.06143932 0.1311587
0.06368397 0.1727209 0.07960837 0.2278096 1.2755 0.0245882 0.2017028 1.355014 0.06127754 0.1303874
0.06333351 0.172488 0.08110582 0.2262934 1.278324 0.02477702 0.1987987 1.350423 0.06184473 0.1337464
0.06341158 0.1724115 0.07835197 0.2297096 1.273828 0.02538328 0.2012824 1.3512 0.05981468 0.1212088
0.06343628 0.1725313 0.07706036 0.2290877 1.275681 0.02365348 0.2003343 1.350141 0.05941777 0.1258935
0.06347857 0.1724887 0.07731205 0.2300327 1.275099 0.02715801 0.2068974 1.34025 0.05929174 0.1271643
0.06353065 0.1725972 0.07576662 0.2321021 1.276382 0.01617005 0.1906865 1.337957 0.05933137 0.1256287
0.06392107 0.1731006 0.07756454 0.2294999 1.276728 0.02412359 0.2019984 1.346862 0.05938843 0.125876
0.06390954 0.1730473 0.07692227 0.2305223 1.274249 0.02319433 0.1977414 1.34627 0.05987228 0.1294484
0.06420205 0.1722126 0.07770161 0.2295863 1.269944 0.03066672 0.2054866 1.336565 0.05941089 0.1273476
0.06412794 0.1731815 0.07820731 0.2281637 1.273872 0.02479334 0.1998613 1.342392 0.0616504 0.1416976
0.06427485 0.1737965 0.07841211 0.2306256 1.275361 0.03813487 0.2355714 1.36775 0.06068128 0.1359656
0.06451406 0.1725771 0.07831384 0.2299557 1.274122 0.02434261 0.1981386 1.3475 0.05959599 0.1282603
0.06456334 0.1729384 0.0769248 0.2325233 1.270339 0.02509209 0.2007721 1.350004 0.05954273 0.1268564
0.06516454 0.1731193 0.07776903 0.2307638 1.275736 0.03658867 0.2173557 1.344 0.05969554 0.1261912
0.06562504 0.1729707 0.07774466 0.2306903 1.275324 0.03486087 0.2163011 1.346604 0.05976577 0.1277228
0.06581082 0.1729341 0.07927763 0.231546 1.273299 0.01750015 0.1862264 1.345385 0.05995855 0.128467
0.06608453 0.1731294 0.07995369 0.2297385 1.273519 0.0387715 0.2217194 1.35675 0.06025456 0.1273745
0.06602092 0.172895 0.08341797 0.2268966 1.275951 0.01706107 0.1844041 1.34496 0.06028013 0.1266747
0.06632622 0.1724107 0.07920798 0.2303749 1.272499 0.0312534 0.2009325 1.33988 0.06032968 0.126075
0.06604014 0.1728022 0.08038432 0.229575 1.271624 0.02922395 0.2014021 1.349791 0.06040017 0.1257495
0.06596761 0.1727892 0.08119382 0.2276919 1.273089 0.01710985 0.1854437 1.335346 0.06047525 0.1255688
0.06592246 0.1723739 0.07854846 0.2302757 1.271676 0.01601344 0.183029 1.343409 0.06050341 0.1259558
0.06581601 0.1726971 0.0805092 0.2286042 1.273631 0.03245505 0.2066613 1.346 0.06068913 0.1271195
0.06577545 0.1751586 0.07836309 0.2313372 1.275858 0.03602984 0.2108599 1.335929 0.0604998 0.1245969
0.06502869 0.1725476 0.0789116 0.2289322 1.271208 0.03002452 0.2030246 1.338655 0.06055791 0.1273839
0.06465158 0.1730814 0.07985877 0.2295676 1.274122 0.04064146 0.2403432 1.358 0.06049532 0.1264419
0.06446647 0.1722148 0.07944254 0.2275675 1.274382 0.03036268 0.2026576 1.331711 0.06040866 0.1278421
0.06431681 0.1722261 0.0782382 0.2290387 1.27488 0.008239581 0.1773841 1.352 0.06021323 0.1258361
0.06381353 0.1726048 0.07668237 0.2304362 1.268343 0.02652213 0.1989794 1.338518 0.0600196 0.1255389
0.06392769 0.1724271 0.07963161 0.2265331 1.275722 0.02813195 0.2014104 1.343222 0.05987893 0.1243055
0.06401575 0.1727185 0.08282857 0.2269979 1.275682 0.02047072 0.1905044 1.357167 0.05986066 0.1239596
0.06418763 0.173875 0.08490396 0.2287374 1.275635 0.02291174 0.1988237 1.352754 0.05978908 0.1236015
0.06395084 0.1742192 0.09250627 0.229102 1.265332 0.02150588 0.2017041 1.345534 0.05967338 0.1235625
0.064597 0.178272 0.09500305 0.2305574 1.275074 0.03299512 0.2290147 1.362167 0.06126395 0.1396848
0.06486043 0.1785441 0.0970059 0.2328374 1.268227 0.03936901 0.2410535 1.367333 0.05910244 0.129451
0.06530926 0.1793243 0.09890461 0.234159 1.274209 0.02416967 0.2061876 1.344046 0.0591049 0.1304392
0.06527062 0.1785797 0.09689871 0.2332371 1.27037 0.02722318 0.2123032 1.350215 0.05918623 0.131658
0.06560306 0.17935 0.1002265 0.2328854 1.270154 0.02906165 0.2088549 1.340172 0.06004402 0.1381296
0.06570539 0.1792274 0.09781452 0.2327876 1.275047 0.02502826 0.2052954 1.340542 0.0600455 0.1382706
0.0660295 0.1791216 0.09914876 0.2329956 1.27044 0.02783904 0.2109225 1.345499 0.06046681 0.1385356
0.06582972 0.1790404 0.09661328 0.2341028 1.273456 0.02469861 0.1998775 1.3428 0.06050961 0.138851
0.06601752 0.1792336 0.09780715 0.2342712 1.270653 0.02543299 0.2031304 1.344233 0.06029917 0.137619
0.0659586 0.179158 0.09851363 0.2338573 1.273339 0.02783313 0.2115932 1.347874 0.05988523 0.1323588
0.06711133 0.1816965 0.09683146 0.2367399 1.271149 0.02295999 0.2015962 1.3476 0.06086656 0.1357204
0.06673939 0.1819241 0.0972947 0.2