0 0 0 0 0 0 0 0 0 0
-0.3258373 -0.2096258 -0.3197092 -0.237343 1.107703 -0.312425 -0.1875497 1.116269 0 0
-0.3267267 -0.2090863 -0.3150209 -0.2325866 1.104835 -0.3128644 -0.1869593 1.116411 0 0
-0.3277287 -0.2105961 -0.3144869 -0.2297585 1.105539 -0.3114687 -0.1852687 1.115402 0 0
-0.3283142 -0.2111364 -0.3113284 -0.2269273 1.103822 -0.2963756 -0.165233 1.141432 0 0
-0.3305391 -0.213415 -0.3089455 -0.2237365 1.104216 -0.3010396 -0.1664084 1.138628 0 0
-0.3315616 -0.2123279 -0.308109 -0.2216945 1.105159 -0.295923 -0.1628075 1.135912 0 0
-0.3320767 -0.2109956 -0.3061866 -0.218911 1.105231 -0.2976341 -0.1596061 1.131621 0 0
-0.3326382 -0.2066871 -0.3035208 -0.214911 1.103696 -0.2943417 -0.1526177 1.138051 0 0
-0.3326558 -0.2006272 -0.3030193 -0.2114333 1.104948 -0.2926504 -0.1495615 1.136088 0 0
-0.3325219 -0.1954346 -0.2977344 -0.2009095 1.102061 -0.2892461 -0.1418858 1.145316 0 0
-0.3328153 -0.1925874 -0.2985696 -0.2023594 1.103267 -0.3357399 -0.2587253 1.192067 0 0
-0.3328882 -0.1887517 -0.2955968 -0.1954639 1.100836 -0.3340933 -0.2578442 1.194905 0 0
-0.3332019 -0.1861688 -0.2940506 -0.1916337 1.10247 -0.3288168 -0.2550936 1.202571 0 0
-0.3327311 -0.1839207 -0.2919961 -0.1938631 1.103685 -0.3325074 -0.2552665 1.19693 0 0
-0.3297109 -0.1841867 -0.2890863 -0.1887489 1.103113 -0.3354251 -0.2518996 1.196451 0 0
-0.3299657 -0.1799728 -0.2900847 -0.1906971 1.10483 -0.3386471 -0.246565 1.195536 0 0
-0.3291065 -0.179107 -0.2855833 -0.1940246 1.104285 -0.364047 -0.2142873 1.177591 0 0
-0.3222051 -0.1775824 -0.2824017 -0.1876482 1.100545 -0.3534294 -0.2225416 1.183018 0 0
-0.3204519 -0.1722941 -0.2819396 -0.1908255 1.10166 -0.3391953 -0.2353107 1.190722 0 0
-0.3202986 -0.1740506 -0.2803692 -0.1905747 1.104014 -0.3453568 -0.2325674 1.189013 0 0
-0.3214982 -0.1752003 -0.2802953 -0.1929196 1.103054 -0.3364968 -0.2395144 1.192154 0 0
-0.3183267 -0.1737858 -0.281365 -0.1961844 1.102386 -0.3421438 -0.2326562 1.189786 0 0
-0.3174727 -0.1719076 -0.2847196 -0.1960259 1.105549 -0.3426103 -0.2322187 1.190938 0 0
-0.3152014 -0.168264 -0.2838219 -0.1926021 1.101248 -0.3199267 -0.2391791 1.192 0 0
-0.3177753 -0.1697309 -0.2843062 -0.1951065 1.103155 -0.3395962 -0.2252304 1.190481 0 0
-0.3126687 -0.1696926 -0.284282 -0.1933942 1.099231 -0.3411103 -0.2235946 1.1902 0 0
-0.3153508 -0.1716684 -0.2811866 -0.1877255 1.096129 -0.3356066 -0.2309296 1.190731 0 0
-0.3150087 -0.1708607 -0.2815446 -0.1910951 1.097829 -0.3376427 -0.2302858 1.18926 0 0
-0.3136729 -0.168094 -0.2815685 -0.1930908 1.100138 -0.33929 -0.2252254 1.18943 0 0
-0.3138446 -0.1677541 -0.2793284 -0.1895002 1.097771 -0.3466905 -0.2180612 1.183548 0 0
-0.312903 -0.1664768 -0.2794212 -0.1884635 1.096426 -0.3492225 -0.216702 1.180154 0 0
-0.3148493 -0.171335 -0.2786797 -0.18683 1.092727 -0.3526477 -0.2084808 1.179379 0 0
-0.3139462 -0.1705069 -0.2769815 -0.1834848 1.092094 -0.3558891 -0.2040161 1.178 0 0
-0.3151578 -0.1604073 -0.2758032 -0.180843 1.094246 -0.3602328 -0.1999059 1.174833 0 0
-0.3110049 -0.1584214 -0.2752022 -0.1770177 1.093142 -0.3225012 -0.2219091 1.2046 0 0
-0.3097501 -0.1573356 -0.2750575 -0.1803412 1.091103 -0.3280224 -0.2172705 1.196933 0 0
-0.3096663 -0.1563355 -0.2737747 -0.1772135 1.092685 -0.3183528 -0.2058328 1.196555 0 0
-0.3112442 -0.1554551 -0.2733181 -0.1756447 1.090814 -0.3314336 -0.2208087 1.191625 0 0
-0.3095644 -0.154413 -0.273136 -0.1751016 1.094763 -0.3330689 -0.2095773 1.194625 0 0
-0.3096065 -0.1545551 -0.2709163 -0.1692345 1.091609 -0.3520073 -0.2032005 1.178 0 0
-0.3078545 -0.1528297 -0.2682573 -0.1732398 1.094167 -0.3279291 -0.212218 1.20225 0 0
-0.3042656 -0.15199 -0.2672973 -0.1740377 1.09498 -0.3295034 -0.2089531 1.2014 0 0
-0.3021798 -0.1503693 -0.259389 -0.1672964 1.091762 -0.3468234 -0.1988412 1.184955 0 0
-0.2964161 -0.1475666 -0.2539662 -0.1693385 1.092682 -0.3468583 -0.1937838 1.189864 0 0
-0.2898153 -0.1438822 -0.2470819 -0.1688853 1.094087 -0.3420054 -0.1938591 1.193199 0 0
-0.2852037 -0.1411769 -0.2407839 -0.1653305 1.090104 -0.2462203 -0.1774468 1.1015 0 0
-0.278866 -0.1355707 -0.2351246 -0.1582858 1.095025 -0.2580366 -0.1556444 1.179429 0 0
-0.2767725 -0.1319815 -0.229143 -0.1536171 1.09065 -0.2362368 -0.1667927 1.1 0 0
-0.2729154 -0.12877 -0.2252295 -0.1505233 1.093081 -0.2368353 -0.1671883 1.09845 0 0
-0.2714353 -0.1276113 -0.2212676 -0.1433097 1.092706 -0.2318675 -0.1623775 1.094072 0 0
-0.2661762 -0.1234701 -0.218866 -0.1446518 1.092801 -0.2350997 -0.1534147 1.130667 0 0
-0.262516 -0.1213944 -0.2169604 -0.1439363 1.095353 -0.2308179 -0.1533137 1.123758 0 0
-0.2577734 -0.117177 -0.2137397 -0.1392837 1.096157 -0.2344631 -0.1475981 1.151375 0 0
-0.2526566 -0.1154111 -0.2071197 -0.1323542 1.094194 -0.2764381 -0.1606629 1.151167 0 0
-0.2458015 -0.10844 -0.1992139 -0.1222487 1.096092 -0.2068037 -0.1426151 1.0942 0 0
-0.2399715 -0.103321 -0.1834945 -0.1063196 1.090805 -0.2377845 -0.1345573 1.192222 0 0
-0.233907 -0.09793625 -0.1718176 -0.09675004 1.088586 -0.2267178 -0.1293608 1.183 0 0
-0.2270958 -0.091955 -0.1682896 -0.09723181 1.097594 -0.2137817 -0.1224153 1.174875 0 0
-0.223843 -0.08628023 -0.163146 -0.08809232 1.103113 -0.1702425 -0.1098332 1.1105 0 0
-0.2219594 -0.08102036 -0.1577101 -0.07635159 1.106883 -0.1892371 -0.1048233 1.1627 0 0
-0.2183854 -0.07371897 -0.1533798 -0.06588369 1.108148 -0.1789669 -0.09381431 1.142875 0 0
-0.2180618 -0.067968 -0.1536563 -0.05205826 1.116657 -0.2012768 -0.097666 1.181357 0 0
-0.2204081 -0.06308442 -0.1523749 -0.04335864 1.111662 -0.1844004 -0.08027668 1.163667 0 0
-0.2250057 -0.05827136 -0.1570164 -0.03848206 1.115992 -0.1924657 -0.07786739 1.168187 0 0
-0.2298375 -0.05412029 -0.1629484 -0.03522366 1.122051 -0.2088526 -0.08603392 1.188923 0 0
-0.2344608 -0.05083425 -0.1693726 -0.01458735 1.114144 -0.2085078 -0.07515958 1.173563 0 0
-0.2402291 -0.04807495 -0.1734719 -0.01102529 1.117638 -0.2050956 -0.06554604 1.173231 0 0
-0.2430182 -0.04422793 -0.1709781 -0.01000495 1.114642 -0.2196329 -0.07079624 1.1733 0 0
-0.2450498 -0.04143785 -0.1714394 -0.003940701 1.117642 -0.2347983 -0.08455474 1.200385 0 0
-0.2444199 -0.03895937 -0.1719765 -0.0009116665 1.121143 -0.2163215 -0.05953451 1.1658 0 0
-0.243271 -0.03746814 -0.1694358 -0.006844596 1.129626 -0.2348001 -0.07793958 1.189934 0 0
-0.2419243 -0.03669789 -0.1681186 -0.001298041 1.135071 -0.2229187 -0.07512643 1.2016 0 0
-0.2393386 -0.03479712 -0.1628259 -0.001999637 1.135327 -0.2322206 -0.08110747 1.207222 0 0
-0.2378758 -0.03393506 -0.1593145 -0.00406693 1.139667 -0.2281186 -0.07658692 1.197128 0 0
-0.2382118 -0.03579408 -0.1574652 -0.01657949 1.148671 -0.2299292 -0.08457048 1.2086 0 0
-0.2281242 -0.02925624 -0.1654069 0.02126132 1.130654 -0.1871163 -0.04402528 1.169783 0 0
-0.2268021 -0.03252882 -0.1553857 0.011437 1.133671 -0.1763746 -0.03791068 1.167 0 0
-0.2199537 -0.0306625 -0.149353 0.008355555 1.134681 -0.1762041 -0.04350693 1.16753 0 0
-0.2166199 -0.03396013 -0.1485265 0.01064027 1.134431 -0.157742 -0.03906484 1.158 0 0
-0.2137423 -0.03655657 -0.1406255 0.003926347 1.135408 -0.1759444 -0.05412777 1.167909 0 0
-0.2091198 -0.03981327 -0.1363796 -0.00217189 1.134699 -0.1722187 -0.06087874 1.170222 0 0
-0.2043544 -0.04281485 -0.1357715 -0.005358197 1.135414 -0.168332 -0.06662077 1.167533 0 0
-0.1996363 -0.04847249 -0.1290944 -0.01387329 1.130307 -0.1443276 -0.06403717 1.153625 0 0
-0.1971354 -0.05687075 -0.1249233 -0.02501061 1.13151 -0.1475863 -0.07363937 1.1579 0 0
-0.1926955 -0.06555375 -0.1102802 -0.04698571 1.124718 -0.1431517 -0.08649469 1.1526 0 0
-0.1900706 -0.07385758 -0.1102657 -0.05568382 1.126914 -0.1708429 -0.1060991 1.160294 0 0
-0.1841867 -0.08339966 -0.1035939 -0.07682747 1.131708 -0.155005 -0.1147888 1.155308 0 0
-0.1813779 -0.09171178 -0.1077026 -0.08422104 1.138899 -0.1479623 -0.1216215 1.153615 0 0
-0.1764493 -0.1015228 -0.103297 -0.1010336 1.134577 -0.1371491 -0.1347272 1.145533 0 0
-0.1730388 -0.1111419 -0.09358054 -0.119181 1.128391 -0.1428408 -0.1487833 1.1454 0 0
-0.1704279 -0.1192419 -0.09348243 -0.1287965 1.123289 -0.1495647 -0.1565257 1.145647 0 0
-0.1700668 -0.1275336 -0.09449315 -0.1447582 1.123041 -0.1537292 -0.1659433 1.145692 0 0
-0.1701667 -0.1362121 -0.09548704 -0.1590797 1.120619 -0.1642986 -0.1728582 1.146889 0 0
-0.1708868 -0.1433594 -0.09436878 -0.168238 1.116604 -0.1723877 -0.1835652 1.155778 0 0
-0.1705178 -0.1509929 -0.09685173 -0.1802642 1.119332 -0.1654275 -0.1901055 1.142235 0 0
-0.1706372 -0.1570924 -0.09660041 -0.1878993 1.116567 -0.1817418 -0.1944056 1.152 0 0
-0.170368 -0.1626256 -0.09826386 -0.1973127 1.118424 -0.1774504 -0.2009114 1.152 0 0
-0.1698303 -0.1681298 -0.09727533 -0.2029307 1.115913 -0.1714827 -0.2125942 1.154 0 0
-0.1700099 -0.1720006 -0.09651442 -0.2058251 1.117978 -0.1846692 -0.2140763 1.1674 0 0
-0.1682085 -0.176154 -0.09744436 -0.212409 1.117366 -0.1818025 -0.2132881 1.149167 0 0
-0.1659725 -0.1806796 -0.09446406 -0.2152262 1.120304 -0.1842757 -0.2131778 1.156512 0 0
-0.1644714 -0.183175 -0.09428145 -0.2208963 1.119198 -0.1798372 -0.2226097 1.157 0 0
-0.163167 -0.1855845 -0.09412236 -0.2259774 1.120034 -0.1687789 -0.2265279 1.139389 0 0
-0.1606146 -0.1875294 -0.09084715 -0.2260066 1.115329 -0.1841374 -0.2240926 1.154555 0 0
-0.1595105 -0.1889392 -0.09369916 -0.2312823 1.117316 -0.1880861 -0.2256725 1.171571 0 0
-0.1578214 -0.1884997 -0.08918661 -0.2322172 1.113733 -0.183715 -0.2230267 1.156054 0 0
-0.1566451 -0.1879891 -0.08708756 -0.2309555 1.111486 -0.1793976 -0.226509 1.159468 0 0
-0.1530569 -0.1863294 -0.08731652 -0.232488 1.107552 -0.1631044 -0.2252438 1.13025 0 0
-0.1493378 -0.1848731 -0.08374269 -0.2291776 1.103951 -0.1653946 -0.2249586 1.137014 0 0
-0.1462514 -0.1806185 -0.08030179 -0.2265634 1.099352 -0.1933109 -0.2125586 1.173 0 0
-0.1411028 -0.177123 -0.0755409 -0.2228475 1.095197 -0.146472 -0.2190747 1.120158 0 0
-0.1371288 -0.1728869 -0.07163651 -0.2188216 1.084428 -0.1643441 -0.2110671 1.149125 0 0
-0.1337553 -0.1681981 -0.06536833 -0.2100947 1.078259 -0.1718948 -0.1961269 1.1265 0 0
-0.1328823 -0.1621011 -0.06519988 -0.2056208 1.075464 -0.1446728 -0.1974912 1.102 0 0
-0.133539 -0.1563634 -0.06402244 -0.194895 1.070639 -0.1447607 -0.1997451 1.112597 0 0
-0.1366477 -0.1490667 -0.06706701 -0.1852115 1.069829 -0.1391758 -0.1857773 1.0893 0 0
-0.1419607 -0.1419444 -0.0712238 -0.1688535 1.065405 -0.1377309 -0.1801903 1.090294 0 0
-0.1479254 -0.1345358 -0.07745493 -0.158589 1.061805 -0.126818 -0.1748895 1.0819 0 0
-0.1577822 -0.1267437 -0.08498956 -0.1496141 1.058897 -0.1376652 -0.1693507 1.0823 0 0
-0.1701403 -0.118924 -0.09515101 -0.1370962 1.056634 -0.1418152 -0.1592992 1.07525 0 0
-0.18035 -0.1118333 -0.1060925 -0.1268458 1.058554 -0.1525209 -0.1502955 1.076187 0 0
-0.1940231 -0.1059817 -0.1192809 -0.1217182 1.058895 -0.1611733 -0.1439216 1.071294 0 0
-0.2049552 -0.1005822 -0.1309292 -0.1218524 1.052109 -0.1842628 -0.1382473 1.071667 0 0
-0.2180967 -0.09805938 -0.1424416 -0.1145114 1.04483 -0.1881649 -0.1351342 1.059067 0 0
-0.2313926 -0.09661612 -0.1532827 -0.1090825 1.034227 -0.2019956 -0.1329535 1.05025 0 0
-0.24257 -0.0967394 -0.1644487 -0.1101041 1.027026 -0.2125841 -0.1339287 1.045167 0 0
-0.2525642 -0.09689888 -0.1743375 -0.1158872 1.023817 -0.2354687 -0.1342176 1.038072 0 0
-0.2602664 -0.09504958 -0.18204 -0.1104452 1.019437 -0.2289324 -0.1347498 1.039086 0 0
-0.2663463 -0.09134079 -0.1892453 -0.1079033 1.017625 -0.2457824 -0.1294776 1.035786 0 0
-0.2707933 -0.08852176 -0.193006 -0.1046852 1.01543 -0.2337923 -0.1253076 1.025389 0 0
-0.2734367 -0.08653085 -0.1975671 -0.09826161 1.011143 -0.2383591 -0.1249583 1.023474 0 0
-0.2753491 -0.08435779 -0.2003162 -0.1002889 1.011613 -0.2586972 -0.1213914 1.028643 0 0
-0.2786374 -0.08249075 -0.2030294 -0.09865882 1.010483 -0.2549233 -0.1200405 1.024231 0 0
-0.2814472 -0.08055637 -0.2067467 -0.09650419 1.01041 -0.2557757 -0.1177338 1.024579 0 0
-0.2831998 -0.07817169 -0.2092873 -0.0913894 1.008537 -0.2523878 -0.1181272 1.024708 0 0
-0.2845457 -0.07644437 -0.2117558 -0.09121035 1.010803 -0.2671107 -0.1138486 1.0228 0 0
-0.2866284 -0.07432601 -0.2142048 -0.0885153 1.009399 -0.2689438 -0.110703 1.017781 0 0
-0.2877351 -0.07341382 -0.215229 -0.08867043 1.008963 -0.2762398 -0.1098555 1.018583 0 0
-0.2890836 -0.07271273 -0.2168647 -0.08778752 1.011662 -0.2844947 -0.1095625 1.022905 0 0
-0.2903001 -0.07205848 -0.2198391 -0.08486117 1.011012 -0.2742745 -0.1109916 1.021407 0 0
-0.2918942 -0.07137132 -0.2212779 -0.08515067 1.009805 -0.2781971 -0.1083336 1.017488 0 0
-0.2949719 -0.06995694 -0.2244074 -0.06722347 1.008181 -0.2530095 -0.1152568 1.027 0 0
-0.2916756 -0.0691658 -0.2246235 -0.06349802 1.005613 -0.2531224 -0.1094318 1.016333 0 0
-0.2912609 -0.06790217 -0.2260395 -0.06716149 1.005252 -0.2568458 -0.1103651 1.02261 0 0
-0.293755 -0.06600817 -0.227322 -0.06162666 1.003666 -0.2600101 -0.1087507 1.02099 0 0
-0.2900511 -0.06251654 -0.228537 -0.05681595 1.003452 -0.2572052 -0.1007931 1.009722 0 0
-0.3022482 -0.05920268 -0.2306597 -0.05880126 1.003382 -0.2733217 -0.09897621 1.016667 0 0
-0.2932107 -0.05541265 -0.2316779 -0.04899157 1.000589 -0.253897 -0.09541257 1.007933 0 0
-0.2949845 -0.05220162 -0.2335821 -0.04507055 1.001644 -0.2605398 -0.09044816 1.011105 0 0
-0.3075278 -0.0484453 -0.2362964 -0.04010164 0.9969985 -0.2688501 -0.08741786 1.007261 0 0
-0.3100294 -0.04533774 -0.2377304 -0.03679513 0.996719 -0.2732842 -0.08563051 1.007368 0 0
-0.3111639 -0.04124331 -0.2386468 -0.03339487 0.9994341 -0.2681572 -0.08083942 1.006948 0 0
-0.3127315 -0.03696363 -0.2420294 -0.02398056 0.9969974 -0.2728917 -0.07973413 1.013417 0 0
-0.3156919 -0.03139184 -0.2412368 -0.0186759 0.9959287 -0.2745989 -0.06984995 1.012278 0 0
-0.31759 -0.0231575 -0.2460433 -0.00838657 0.9945921 -0.2716067 -0.06119063 1.010474 0 0
-0.2972584 -0.007167602 -0.2463833 0.0205691 0.9821534 -0.2632244 -0.04198129 1.003636 0 0
-0.3293709 -0.0006490877 -0.2523069 0.02345905 0.9800498 -0.2913884 -0.02761032 1.039 0 0
-0.3338967 0.01363178 -0.2475208 0.02926553 0.9608806 -0.2975178 -0.0187556 1.014333 0 0
-0.3379621 0.02854862 -0.2598211 0.05309834 0.9601622 -0.2761339 0.01096885 1.003546 0 0
-0.3466631 0.04415932 -0.2765738 0.08232405 0.9385589 -0.3014694 0.04240068 1.014357 0 0
-0.3580199 0.05814194 -0.2919855 0.1013363 0.9178716 -0.3149019 0.05624475 1.008857 0 0
-0.3730924 0.06869861 -0.3050635 0.1080112 0.9219434 -0.3305494 0.05983499 0.9827223 0 0
-0.4663671 0.2460181 -0.3974613 0.2837578 0.8395879 -0.4217065 0.2332588 0.9013792 0 0
-0.3684936 0.1355094 -0.3445565 0.1358751 0.8998276 -0.3342259 0.1234157 0.8983333 0 0
-0.3735722 0.1430677 -0.3579731 0.1417443 0.8907405 -0.361061 0.1204506 0.8689901 0 0
-0.5458251 0.1123612 -0.5284582 0.1113108 0.7785219 -0.5291308 0.09038275 0.7580027 0 0
-0.5314172 0.1187211 -0.5140922 0.1175868 0.7653171 -0.5148238 0.09654321 0.7447752 0 0
-0.4498767 0.2348434 -0.4334397 0.2325855 0.8089373 -0.4353904 0.2100179 0.787999 0 0
-0.4479903 0.2366799 -0.431566 0.2344009 0.8079446 -0.4348779 0.2105113 0.7877246 0 0
-0.4500592 0.239382 -0.4336231 0.2370808 0.8082631 -0.4354689 0.2120103 0.7877018 0 0
-0.453614 0.2414927 -0.4371593 0.2391791 0.8098808 -0.4381554 0.2149196 0.7887275 0 0
-0.4431504 0.1782311 -0.4269402 0.1765921 0.8678902 -0.4139518 0.1585214 0.8605882 0 0
-0.434198 0.1794001 -0.449168 0.1791912 0.8822158 -0.4308542 0.1776014 0.875 0 0
-0.4424425 0.1818553 -0.4457929 0.1883729 0.880208 -0.4089397 0.1750467 0.8726 0 0
-0.4900533 0.1640038 -0.4926011 0.1705838 0.7776247 -0.4546944 0.1573257 0.7706007 0 0
-0.4966929 0.151249 -0.4991449 0.1579532 0.7700133 -0.4611118 0.144856 0.7630363 0 0
-0.4743847 0.1462546 -0.4770029 0.1529917 0.7691517 -0.4391795 0.1399322 0.762034 0 0
-0.4910928 0.143281 -0.4935954 0.1500661 0.7730149 -0.4556256 0.1370732 0.7659763 0 0
-0.643446 0.1999579 -0.671975 0.2341739 0.9818107 -0.6634643 0.167186 0.9465455 0 0
-0.6455186 0.1958537 -0.6736756 0.2322672 0.9813998 -0.6639472 0.1673128 0.9472755 0 0
-0.6471087 0.1961523 -0.6760926 0.2268915 0.978202 -0.6642762 0.1629251 0.9476049 0 0
-0.4153077 0.1645266 -0.3651109 0.1885796 0.9417228 -0.4136797 0.2045186 0.9224445 0 0
-0.4839174 0.3120017 -0.4332227 0.334798 0.9042064 -0.4810944 0.3490335 0.8857099 0 0
-0.4082531 0.1590111 -0.3658407 0.1979627 0.944806 -0.4454329 0.1275121 0.927353 0 0
-0.4060279 0.1579896 -0.3599073 0.1993831 0.9468557 -0.4218146 0.1741444 0.9313126 0 0
-0.4033317 0.1654063 -0.3421886 0.1841877 0.9732631 -0.3953458 0.2106246 0.9435385 0 0
-0.3955142 0.1595623 -0.3979211 0.2162831 0.960569 -0.4261894 0.1172695 0.9565925 0 0
-0.3911522 0.1586368 -0.3958288 0.2197377 0.96926 -0.4219516 0.1138968 0.962734 0 0
-0.3918384 0.1610033 -0.3465103 0.2138308 0.9682347 -0.3875866 0.2212602 0.9668571 0 0
-0.3889274 0.160672 -0.3370638 0.2121575 0.9772445 -0.3872667 0.2195656 0.9802667 0 0
-0.3862411 0.1571077 -0.332404 0.2140362 0.9825324 -0.395917 0.1937463 0.9725518 0 0
-0.3835078 0.1678781 -0.3164549 0.1923599 1.0039 -0.4141731 0.1539847 0.9561501 0 0
-0.3838267 0.1671788 -0.3205821 0.1951225 1.005563 -0.4130955 0.1532301 0.9547762 0 0
-0.3846672 0.1667856 -0.3210303 0.1892654 1.010234 -0.373616 0.2221319 0.985643 0 0
-0.3849869 0.1636249 -0.3238772 0.1845508 1.01287 -0.4114056 0.1456218 0.9558334 0 0
-0.3838704 0.1610201 -0.3195345 0.1763261 1.013534 -0.3743002 0.1176608 1.009591 0 0
-0.3816194 0.1560913 -0.3171513 0.1685249 1.017132 -0.339329 0.160157 1.033778 0 0
-0.4616328 0.3088081 -0.3965477 0.3199466 0.9679962 -0.4178494 0.3098361 0.9853844 0 0
-0.3604904 0.138864 -0.3994515 0.1322392 0.9801008 -0.3047757 0.1691018 0.9929091 0 0
-0.3490935 0.1291487 -0.3598205 0.09993742 1.016551 -0.2929298 0.1407444 1.001467 0 0
-0.2652137 0.2563426 -0.2766422 0.2259522 0.9890289 -0.3294538 0.2456334 0.9798983 0 0
-0.3499013 0.07661898 -0.2956516 0.1360675 1.028795 -0.3828115 0.1051592 1.0268 0 0
-0.2091528 0.1887651 -0.155872 0.2470622 0.9427007 -0.2445163 0.2145649 0.9406835 0 0
-0.2048241 0.1806981 -0.1515787 0.239074 0.941946 -0.240697 0.2074605 0.9399757 0 0
-0.195934 0.1645577 -0.1427679 0.2230946 0.9423329 -0.2315667 0.1908841 0.9402197 0 0
-0.1915184 0.156165 -0.1383959 0.2147874 0.944009 -0.2272502 0.1826829 0.9418629 0 0
-0.1876504 0.1441776 -0.134558 0.2029206 0.9427796 -0.2234549 0.1709597 0.9405956 0 0
-0.1870951 0.1386247 -0.1340061 0.1974244 0.9425893 -0.2229076 0.165532 0.9403902 0 0
-0.1858337 0.1376096 -0.1327601 0.1964203 0.9439886 -0.2216798 0.1645437 0.9417835 0 0
-0.1850384 0.136162 -0.1319729 0.1949876 0.9443098 -0.2209028 0.1631296 0.9420995 0 0
-0.1842332 0.1340469 -0.1311739 0.1928937 0.9439234 -0.2201127 0.1610609 0.9417066 0 0
-0.1824414 0.1296526 -0.1293969 0.1885439 0.9434168 -0.2183563 0.1567643 0.9411865 0 0
-0.1813027 0.128257 -0.1282675 0.1871622 0.9428812 -0.2172402 0.1553984 0.9406459 0 0
-0.1809086 0.1277238 -0.1278749 0.1866339 0.9420444 -0.2170474 0.1552822 0.9398716 0 0
-0.1815174 0.1253959 -0.1284705 0.1843289 0.9394023 -0.2174336 0.1525926 0.9371628 0 0
-0.1816506 0.1143109 -0.1285803 0.1733559 0.9319621 -0.2175255 0.1417427 0.9297016 0 0
-0.1804757 0.09911735 -0.1273924 0.1583193 0.923847 -0.2163342 0.1268832 0.9215553 0 0
-0.1810784 0.08312333 -0.1279601 0.1424939 0.914054 -0.2168719 0.111247 0.9117356 0 0
-0.1818849 0.06326171 -0.1287234 0.1228468 0.9022108 -0.2175974 0.09184273 0.8998622 0 0
-0.4994772 0.08872849 -0.4434986 0.1480792 0.8666126 -0.5284023 0.1168603 0.8655561 0 0
-0.5669971 0.05530835 -0.5108099 0.1149667 0.9158404 -0.5952811 0.08427741 0.9149367 0 0
-0.5646557 0.06416388 -0.5084999 0.1237417 0.9199847 -0.5930489 0.09283783 0.9190134 0 0
-0.5729995 0.06184247 -0.5167408 0.1207412 0.9220932 -0.6005307 0.09015745 0.9192508 0 0
-0.5764092 0.06082952 -0.5201617 0.1204378 0.9149063 -0.6041812 0.08956075 0.9141517 0 0
-0.594644 0.04396312 -0.5384672 0.103708 0.9564189 -0.6228846 0.07320938 0.9555231 0 0
-0.5969113 0.0381968 -0.5414603 0.09948979 0.9662883 -0.6252045 0.0675649 0.9652854 0 0
-0.5974426 0.03607657 -0.541699 0.09676515 0.9692343 -0.6257543 0.06548857 0.9683068 0 0
-0.6901121 0.04610689 -0.6893514 0.05908497 0.985468 -0.6820018 0.0557623 0.975 0 0
-0.6871899 0.04578485 -0.6885991 0.05358271 0.9844705 -0.6708177 0.04261427 0.9851429 0 0
-0.6831234 0.03957167 -0.6919955 0.06003867 0.9915717 -0.6703506 0.01709516 0.9782727 0 0
-0.6784293 0.03962308 -0.6923108 0.06047 0.9945557 -0.6642279 0.01152103 0.9825555 0 0
-0.6788463 0.05415322 -0.6864238 0.06944648 0.9987736 -0.6644407 0.02976558 0.9926999 0 0
-0.6812451 0.05358546 -0.6870419 0.05746057 0.9894942 -0.6600456 0.04091226 0.9986 0 0
-0.6733909 0.0769851 -0.6781135 0.08513718 1.007251 -0.654507 0.06467685 1.0085 0 0
-0.6710197 0.08672409 -0.673685 0.09373204 1.011113 -0.6593512 0.09288885 1.006778 0 0
-0.6678072 0.08320588 -0.6825579 0.08789143 1.006224 -0.6395946 0.0971747 1.019556 0 0
-0.6768371 0.05530756 -0.6910636 0.07098792 1.001008 -0.6616988 0.08543406 1.004625 0 0
-0.6774454 0.03937632 -0.6903619 0.06597541 0.9941568 -0.662779 0.07146151 1.0042 0 0
-0.6789364 0.04597621 -0.6929412 0.06761243 0.9904638 -0.6660752 0.07770966 1.00225 0 0
-0.6780446 0.05237314 -0.6958394 0.07612886 0.994459 -0.6675068 0.08461109 1.002 0 0
-0.6905761 0.0346497 -0.7081971 0.05854793 0.9672852 -0.6796361 0.06720693 0.9749776 0 0
-0.6836783 0.02262068 -0.6864455 0.03457675 0.9844874 -0.6789415 0.04312393 0.9736667 0 0
-0.674991 0.0004492534 -0.683041 -0.00343455 0.9768456 -0.664932 0.02771078 0.9833847 0 0
-0.6137185 -0.06512208 -0.6229432 -0.09761985 0.9984218 -0.6155574 0.01229808 1.0483 0 0
-0.59161 -0.07963996 -0.5788534 -0.1248389 1.11584 -0.5605873 -0.04338429 1.1312 0 0
-0.5922492 -0.07599704 -0.5772752 -0.1256524 1.11098 -0.560404 -0.04200742 1.127682 0 0
-0.597855 -0.06412487 -0.5807045 -0.1226664 1.105603 -0.5626016 -0.03380357 1.128 0 0
-0.562741 -0.106192 -0.5499635 -0.1682626 1.103655 -0.5997087 -0.04512709 1.060823 0 0
-0.5739012 -0.1229539 -0.5412458 -0.2117967 1.120354 -0.5657247 -0.1626356 0.9912909 0 0
-0.5742315 -0.1235232 -0.5417325 -0.2119765 1.121354 -0.5676715 -0.1567476 0.9933643 0 0
-0.6482596 0.007091017 -0.6895518 0.038189 0.9877044 -0.6234505 0.08085413 1.083941 0 0
-0.6473703 0.02082408 -0.6862555 0.01661137 0.9829865 -0.6700919 0.1023467 1.006688 0 0
-0.6473436 0.02360413 -0.6856926 0.02365471 0.9840118 -0.6222451 0.08709764 1.081514 0 0
-0.6478397 0.02353202 -0.6878693 0.02286975 0.9850959 -0.6673226 0.1047621 1.0105 0 0
-0.6787843 0.1195561 -0.7008095 0.1315554 1.012123 -0.6307431 0.142638 1.02325 0 0
-0.6744422 0.1119932 -0.6980168 0.1304534 1.011134 -0.6470481 0.1469601 1.03225 0 0
-0.662825 0.0291596 -0.6858017 0.02733975 0.9846208 -0.6666387 0.08107742 1.004111 0 0
-0.5556865 0.1163276 -0.5108917 0.13499 0.9231002 -0.5083926 0.1125434 0.9111666 0 0
-0.5275241 0.1074462 -0.5149678 0.1185336 0.912067 -0.5180886 0.09571218 0.92025 0 0
-0.5286581 0.1103694 -0.5215132 0.1239014 0.9143674 -0.5179105 0.1008078 0.9172961 0 0
-0.5308986 0.1131596 -0.5225638 0.1303817 0.9069976 -0.517913 0.08449581 0.9116666 0 0
-0.5327998 0.1146483 -0.5274745 0.1328353 0.9064673 -0.521927 0.09896357 0.905143 0 0
-0.5343864 0.1138778 -0.523961 0.1307773 0.9094977 -0.5210228 0.09887475 0.902625 0 0
-0.5354866 0.1166448 -0.5262786 0.1371086 0.9073039 -0.5222866 0.08851884 0.9095024 0 0
-0.5364614 0.1178512 -0.5292501 0.135764 0.9094638 -0.519703 0.09618137 0.9087573 0 0
-0.535929 0.1161606 -0.5219596 0.1277508 0.9060009 -0.520814 0.09894326 0.9097227 0 0
-0.5364678 0.1155391 -0.5290055 0.1313461 0.9196388 -0.5270807 0.1053214 0.9198334 0 0
-0.5335811 0.1218678 -0.5237614 0.1394285 0.9180139 -0.5204461 0.1004034 0.9129169 0 0
-0.5344605 0.1183423 -0.5291647 0.1339206 0.9242728 -0.5211183 0.1029594 0.9189174 0 0
-0.5299452 0.1181 -0.5250155 0.1334485 0.9270476 -0.5193052 0.1072619 0.9222499 0 0
-0.5302117 0.1215372 -0.5264594 0.1292406 0.9417517 -0.5196466 0.110646 0.9308214 0 0
-0.533361 0.1234672 -0.5313224 0.1351604 0.960107 -0.5224895 0.1209506 0.9443333 0 0
-0.672388 -0.005706878 -0.6694541 -0.06832051 0.9589697 -0.6311926 -0.05342645 1.002818 0 0
-0.6717888 -0.004750474 -0.6698008 -0.06835821 0.9594698 -0.6300901 -0.05356745 1.005231 0 0
-0.668065 -0.007309463 -0.6699803 -0.06620108 0.9604736 -0.6217433 -0.05707183 1.023 0 0
-0.6996274 0.1485265 -0.7114357 0.1564857 1.014389 -0.6990581 0.1283388 1.000667 0 0
-0.6789481 0.07814148 -0.7104395 0.142906 1.018708 -0.6802394 0.03520777 0.9777501 0 0
-0.6785371 0.07821496 -0.7085802 0.1418831 1.01655 -0.6798454 0.03497374 0.977362 0 0
-0.7021295 0.1496063 -0.711816 0.1518563 1.023095 -0.7032151 0.132739 1.00575 0 0
-0.6793955 0.08189225 -0.711523 0.1452983 1.020672 -0.6794541 0.03695256 0.9762727 0 0
-0.6988809 0.153181 -0.7126834 0.1511322 1.016396 -0.7033781 0.1347036 1.006667 0 0
-0.7007851 0.151311 -0.7099832 0.1574093 1.021419 -0.701898 0.133325 1.00416 0 0
-0.6989155 0.152907 -0.7107122 0.1569534 1.017904 -0.7014565 0.1326205 1.003964 0 0
-0.6999449 0.1518963 -0.7122171 0.1594697 1.015386 -0.7023203 0.1341595 1.004836 0 0
-0.6991718 0.1530626 -0.7100607 0.1602524 1.021416 -0.7028399 0.134676 1.005668 0 0
-0.7021465 0.1544999 -0.7135398 0.1569485 1.017389 -0.703693 0.1383138 1.006222 0 0
-0.7008757 0.1562936 -0.7119822 0.1509835 1.015396 -0.7033633 0.137843 1.006484 0 0
-0.705135 0.1560139 -0.705265 0.1661059 1.023439 -0.7032219 0.1387436 1.005793 0 0
-0.7064486 0.1544257 -0.7143214 0.1599409 1.018386 -0.7034276 0.1387506 1.006094 0 0
-0.7022263 0.1570915 -0.7051869 0.1632584 1.023443 -0.7036387 0.1405579 1.006242 0 0
-0.7018511 0.1586828 -0.7094446 0.1629369 1.020412 -0.7044819 0.1428601 1.007295 0 0
-0.7005112 0.1575685 -0.7022931 0.1639036 1.028472 -0.702277 0.1404684 1.005145 0 0
-0.7021062 0.1584873 -0.7101399 0.1630965 1.021412 -0.7030973 0.1381355 1.005985 0 0
-0.7049249 0.1568824 -0.7142411 0.1571028 1.018389 -0.7036558 0.1388151 1.005531 0 0
-0.7061688 0.1574626 -0.7103032 0.1687879 1.021405 -0.7017013 0.1391605 1.004776 0 0
-0.7033373 0.158417 -0.7151048 0.1629398 1.019382 -0.7030508 0.1381993 1.005924 0 0
-0.702338 0.1586455 -0.7096078 0.1686226 1.020405 -0.7019904 0.139065 1.005124 0 0
-0.7060618 0.1579689 -0.7151048 0.1629398 1.019382 -0.7034422 0.1384445 1.006508 0 0
-0.7053354 0.1579488 -0.7074122 0.1694496 1.026435 -0.7032287 0.1404653 1.00649 0 0
-0.7043324 0.160519 -0.7081014 0.1696147 1.027435 -0.7055864 0.1425542 1.007276 0 0
-0.7052235 0.1577931 -0.7097399 0.1636563 1.025428 -0.7032735 0.141789 1.00701 0 0
-0.7021083 0.1609068 -0.7089123 0.1684573 1.019405 -0.7038301 0.1403191 1.006616 0 0
-0.7057542 0.1591615 -0.711694 0.1691183 1.023405 -0.7042238 0.1406353 1.007141 0 0
-0.7044851 0.1587232 -0.7038119 0.1699508 1.030465 -0.7039347 0.1424804 1.008491 0 0
-0.6929754 0.1084237 -0.7089722 0.128458 1.016435 -0.6872967 0.06954798 0.9876 0 0
-0.6924921 0.1092939 -0.704571 0.1278098 1.019299 -0.6873206 0.06954094 0.9875882 0 0
-0.6929767 0.1099659 -0.7102146 0.1266392 1.016765 -0.6876617 0.06852464 0.9868776 0 0
-0.6926017 0.1090401 -0.709516 0.1265146 1.015765 -0.68728 0.06872163 0.9876289 0 0
-0.6934276 0.108768 -0.7109546 0.1226929 1.014925 -0.6874814 0.06959148 0.9874973 0 0
-0.6932775 0.1083719 -0.7141556 0.1343272 1.01946 -0.6864765 0.06262578 0.9885592 0 0
-0.6921741 0.1094755 -0.708499 0.1314519 1.017939 -0.6869552 0.06644653 0.9879057 0 0
-0.6920497 0.1094646 -0.7127264 0.132658 1.020283 -0.6863054 0.06622611 0.9871452 0 0
-0.6922266 0.1095965 -0.709115 0.1292469 1.015095 -0.687676 0.06788816 0.9876641 0 0
-0.6939441 0.1084758 -0.7114272 0.1283936 1.015419 -0.6890586 0.06454459 0.9880255 0 0
-0.6944523 0.1099435 -0.7135938 0.1316053 1.018417 -0.6883295 0.06838298 0.988813 0 0
-0.6938688 0.1076055 -0.7127059 0.1229937 1.017425 -0.6877545 0.06790213 0.987918 0 0
-0.6942683 0.1091561 -0.7135291 0.1287729 1.01842 -0.6884716 0.06855881 0.9883247 0 0
-0.6813506 0.154925 -0.7061077 0.2062472 1.056943 -0.6978649 0.1057776 1.001063 0 0
-0.696326 0.1095812 -0.7124566 0.1290899 1.021435 -0.6901752 0.07204521 0.9917 0 0
-0.6946267 0.1091611 -0.7134674 0.1259478 1.018422 -0.6907699 0.06644692 0.9911429 0 0
-0.6817781 0.1549683 -0.7074593 0.2065822 1.05563 -0.6950002 0.1000033 1.000158 0 0
-0.6914554 0.1063942 -0.7167649 0.137848 1.022744 -0.6856407 0.05693102 0.9862999 0 0
-0.682756 0.1550164 -0.7085935 0.2072731 1.05695 -0.6948568 0.09516911 0.9974546 0 0
-0.6931672 0.1070138 -0.7113913 0.1272365 1.017678 -0.6892905 0.05812114 0.9891429 0 0
-0.6940913 0.1079284 -0.714956 0.1357127 1.023252 -0.6873983 0.05729111 0.9903749 0 0
-0.6941851 0.10733 -0.7128353 0.1299302 1.020429 -0.6895466 0.06451414 0.9907581 0 0
-0.695136 0.1527513 -0.7050589 0.1697795 1.035477 -0.7029048 0.1214683 1.008572 0 0
-0.6965917 0.1523082 -0.7141013 0.1649615 1.027078 -0.7030268 0.1205359 1.007751 0 0
-0.6955707 0.1538725 -0.7094336 0.1657165 1.032785 -0.7031863 0.1226422 1.008916 0 0
-0.6963898 0.1525431 -0.7071492 0.1678968 1.035469 -0.703776 0.12225 1.010164 0 0
-0.6969876 0.1528204 -0.7062702 0.1660625 1.038118 -0.7042526 0.12232 1.009289 0 0
-0.6714058 0.059317 -0.7033421 0.08722881 1.011726 -0.668946 -0.0007913891 0.9834737 0 0
-0.6948714 0.1507281 -0.7047693 0.1594264 1.036994 -0.7043771 0.1231388 1.0115 0 0
-0.6957721 0.1511026 -0.7022722 0.1641853 1.040261 -0.7045112 0.1233973 1.011537 0 0
-0.6965794 0.151171 -0.7103426 0.1597072 1.031115 -0.7039828 0.1230283 1.011544 0 0
-0.6976748 0.1504181 -0.7137338 0.1588786 1.031434 -0.7049899 0.1226867 1.011184 0 0
-0.6954224 0.1506235 -0.6942154 0.1682694 1.049574 -0.7043253 0.1233376 1.011214 0 0
-0.6969748 0.1512875 -0.7026317 0.166796 1.041511 -0.7045995 0.122909 1.011179 0 0
-0.6969653 0.150964 -0.7092844 0.160593 1.034213 -0.7052851 0.1226723 1.011462 0 0
-0.6961936 0.1509664 -0.705108 0.1628432 1.0403 -0.7045264 0.1229296 1.011546 0 0
-0.6964272 0.1509867 -0.6993956 0.1637179 1.047262 -0.7049186 0.1255442 1.013403 0 0
-0.6964875 0.1509601 -0.6957979 0.1683254 1.049567 -0.7047357 0.1229876 1.011852 0 0
-0.6969759 0.1517041 -0.7078322 0.168059 1.036469 -0.704329 0.123442 1.011729 0 0
-0.6970118 0.1506411 -0.7003077 0.1676098 1.04754 -0.7050298 0.1229079 1.012204 0 0
-0.6984465 0.1494191 -0.7079437 0.1595069 1.036979 -0.7047226 0.1230605 1.01221 0 0
-0.6976316 0.1509062 -0.6979499 0.1668347 1.04889 -0.7049626 0.1244005 1.013826 0 0
-0.697365 0.1522721 -0.7012901 0.1658829 1.045932 -0.7049074 0.1249729 1.012799 0 0
-0.6988695 0.1508769 -0.7122632 0.1591924 1.033949 -0.7052155 0.1214885 1.011073 0 0
-0.6975069 0.151098 -0.703663 0.1651735 1.04318 -0.7049578 0.1236749 1.012479 0 0
-0.6986984 0.1506951 -0.704033 0.1692113 1.045013 -0.7047862 0.1242449 1.013389 0 0
-0.6991439 0.1512405 -0.7018014 0.1636553 1.046735 -0.7062211 0.1251355 1.014747 0 0
-0.6987047 0.150461 -0.7146952 0.1562326 1.032938 -0.7050906 0.1231138 1.012405 0 0
-0.6982564 0.1505889 -0.6968062 0.1659998 1.053577 -0.7055778 0.1247435 1.013728 0 0
-0.6783646 0.06682159 -0.7093217 0.1191239 1.027048 -0.6727302 0.02124898 0.9940811 0 0
-0.6996006 0.150653 -0.6988304 0.170048 1.051557 -0.7068721 0.1261851 1.016 0 0
-0.699688 0.1490184 -0.7099085 0.1571064 1.039983 -0.7071642 0.1246039 1.015711 0 0
-0.6984907 0.1502378 -0.6940433 0.170831 1.057263 -0.7070307 0.1259691 1.016102 0 0
-0.700117 0.1489885 -0.7098516 0.1556647 1.039984 -0.7073191 0.1246414 1.015938 0 0
-0.7005804 0.1487955 -0.7027684 0.1612175 1.049877 -0.707206 0.1245974 1.01577 0 0
-0.7002399 0.1496204 -0.7048631 0.1622057 1.046522 -0.7071456 0.1259731 1.016021 0 0
-0.6992373 0.1496625 -0.7003908 0.1675565 1.054061 -0.707046 0.1258251 1.016402 0 0
-0.6998584 0.1503791 -0.7085789 0.1614842 1.044165 -0.7071186 0.126086 1.016085 0 0
-0.7004666 0.149888 -0.7055694 0.1640968 1.049192 -0.7070607 0.1243609 1.016051 0 0
-0.7009597 0.150392 -0.711923 0.1632978 1.042726 -0.7068907 0.1236739 1.01641 0 0
-0.6823288 0.07490963 -0.7103 0.1260071 1.032234 -0.6752709 0.02857305 0.9950001 0 0
-0.6823493 0.07511746 -0.7091039 0.1255764 1.031675 -0.6752517 0.02886292 0.9952964 0 0
-0.6832117 0.07629538 -0.7091466 0.125317 1.032786 -0.6752437 0.02928292 0.9960782 0 0
-0.4364715 0.07664649 -0.4086208 0.1253208 0.975827 -0.4725503 0.09759293 1.024308 0 0
-0.4321192 0.0749844 -0.4042401 0.1236621 0.9808458 -0.4325281 0.08021539 0.98615 0 0
-0.6820234 0.07552519 -0.7090529 0.1223632 1.031156 -0.6750309 0.03314576 1.000297 0 0
-0.4289027 0.06954333 -0.4016415 0.117184 0.9850453 -0.4074471 0.06810097 0.9771112 0 0
-0.6812149 0.07468045 -0.7082261 0.1225957 1.033438 -0.6750062 0.03015105 1.00003 0 0
-0.6808473 0.07591296 -0.7065141 0.1255178 1.035613 -0.6749845 0.03031973 0.9998792 0 0
-0.6807269 0.07488891 -0.7062998 0.1243332 1.035794 -0.6752414 0.03002031 0.9996434 0 0
-0.6805546 0.07457744 -0.7065381 0.1234048 1.032716 -0.675195 0.0290559 0.998144 0 0
-0.432651 0.05862523 -0.4063649 0.1014689 0.9924339 -0.4641799 0.09052221 1.026667 0 0
-0.4352212 0.0557874 -0.4072073 0.09331257 0.9884782 -0.4490171 0.1017276 1.016231 0 0
-0.4362467 0.05293987 -0.4092837 0.09061501 0.9874123 -0.4532258 0.09790921 1.01688 0 0
-0.4360029 0.05176444 -0.4104888 0.08636718 0.9831775 -0.4593691 0.0956457 1.025883 0 0
-0.4362535 0.04988359 -0.4113021 0.08578929 0.983016 -0.4547952 0.09642147 1.020014 0 0
-0.4349663 0.04872904 -0.4116725 0.08145978 0.9776384 -0.4315662 0.1059889 1.001667 0 0
-0.4335868 0.04898725 -0.4115699 0.08162433 0.9743383 -0.3930003 0.07984649 1.006 0 0
-0.4338715 0.05007106 -0.4130661 0.08165925 0.973377 -0.4204654 0.1079656 0.9975556 0 0
-0.4339915 0.04975987 -0.4134833 0.08231797 0.9727501 -0.3957027 0.08705577 1.0148 0 0
-0.4347126 0.05050813 -0.4140127 0.0824997 0.9726625 -0.3987799 0.09309134 1.010741 0 0
-0.4352027 0.05079085 -0.4137727 0.0817251 0.9721662 -0.3980424 0.09517961 0.9994667 0 0
-0.4342975 0.05050617 -0.4138598 0.08453536 0.9720778 -0.4005586 0.03416658 0.9758889 0 0
-0.4360181 0.05021228 -0.4160437 0.08277708 0.9704151 -0.4139941 0.0359376 0.9622573 0 0
-0.4358534 0.04980755 -0.4161064 0.08371779 0.9706041 -0.4346265 0.03670828 0.9630833 0 0
-0.4362994 0.05027932 -0.4148114 0.09064693 0.9759034 -0.472554 0.05802525 0.9960589 0 0
-0.4376085 0.049423 -0.4128239 0.09580982 0.9790711 -0.4373107 0.05454741 0.9523751 0 0
-0.438022 0.04958575 -0.4135828 0.1004734 0.9817805 -0.4133986 0.0320738 0.9682286 0 0
-0.4311743 0.04776728 -0.4225506 0.06718594 0.9671751 -0.4079605 0.02851941 0.9703572 0 0
-0.4335501 0.04202288 -0.4241767 0.06023619 0.9643554 -0.4086924 0.02728088 0.9704445 0 0
-0.4231076 0.0680508 -0.4084691 0.1191534 0.9832384 -0.4208115 0.04687143 0.9547499 0 0
-0.4229594 0.06840165 -0.4080522 0.119035 0.9822384 -0.4200623 0.04676458 0.9557576 0 0
-0.4232645 0.06851541 -0.4094332 0.1184413 0.9817323 -0.3979388 0.04394384 0.9813573 0 0
-0.4230879 0.0689132 -0.408721 0.1171293 0.9774788 -0.3981014 0.0437967 0.9797499 0 0
-0.4415234 0.04953976 -0.4111165 0.1135973 0.9791806 -0.4091475 0.032569 0.9693103 0 0
-0.4417234 0.04635735 -0.4123106 0.1105209 0.9776105 -0.4056384 0.03605886 0.9703954 0 0
-0.4420138 0.04617509 -0.4128925 0.1104858 0.9773186 -0.4052984 0.03820392 0.972236 0 0
-0.4419301 0.04673968 -0.4127675 0.1101607 0.9744919 -0.4138881 0.0338942 0.9597576 0 0
-0.4412018 0.04703458 -0.4118778 0.110745 0.9749181 -0.4205623 0.03812561 0.9525142 0 0
-0.4424619 0.04721779 -0.4128198 0.1106639 0.9746227 -0.4091201 0.03452228 0.964068 0 0
-0.4428098 0.04732626 -0.4134878 0.1101272 0.9741271 -0.4092548 0.03474573 0.96533 0 0
-0.4422521 0.04689841 -0.4133844 0.1093375 0.9714336 -0.4091111 0.03526284 0.9636028 0 0
-0.4425549 0.04674126 -0.4138814 0.1097624 0.9709029 -0.4108199 0.03544206 0.9625108 0 0
-0.4421519 0.04679154 -0.4129006 0.1095007 0.9686028 -0.4103991 0.03520715 0.9618931 0 0
-0.4410087 0.04791087 -0.4119692 0.1100647 0.9689067 -0.4167044 0.0336205 0.9537429 0 0
-0.4411173 0.04687585 -0.4118843 0.1121461 0.9687043 -0.4082554 0.03359119 0.9610025 0 0
-0.4411472 0.04664203 -0.4116985 0.1102088 0.9671487 -0.4080872 0.03381589 0.9617952 0 0
-0.4402274 0.04664498 -0.4103341 0.1102914 0.9663084 -0.4085872 0.03330138 0.9601213 0 0
-0.4396498 0.04677202 -0.4105462 0.1103499 0.9668084 -0.419061 0.03592981 0.9495834 0 0
-0.4397079 0.0469978 -0.4112827 0.1095726 0.9670703 -0.4055162 0.03322798 0.9611003 0 0
-0.4399292 0.04750023 -0.4107467 0.1110622 0.9650784 -0.406092 0.03322785 0.9620536 0 0
-0.4399045 0.04791753 -0.4120934 0.1108631 0.966701 -0.4059798 0.03518037 0.9618559 0 0
-0.4396483 0.0479418 -0.4116142 0.1117759 0.9655886 -0.4044439 0.03576942 0.962809 0 0
-0.4399319 0.04813996 -0.4118523 0.1118402 0.9661442 -0.408082 0.0352632 0.9604338 0 0
-0.4398482 0.04871436 -0.4125862 0.113848 0.9658046 -0.4083138 0.03500926 0.9604009 0 0
-0.440428 0.04859267 -0.4133447 0.1140544 0.9675825 -0.4083096 0.03527027 0.9608554 0 0
-0.4400534 0.0485872 -0.4125967 0.1146807 0.9678967 -0.4076147 0.03530005 0.960885 0 0
-0.4399395 0.04906046 -0.4110549 0.1141605 0.968004 -0.4098011 0.03520937 0.9596942 0 0
-0.4388951 0.04994611 -0.4128705 0.1138798 0.968531 -0.4080146 0.03561001 0.9608861 0 0
-0.4381917 0.05023947 -0.4118129 0.1128547 0.9666087 -0.409317 0.03482132 0.9598584 0 0
-0.4383072 0.04984046 -0.4108657 0.1129141 0.9663031 -0.4069282 0.03544577 0.9611114 0 0
-0.43874 0.04983291 -0.41138 0.1130563 0.967503 -0.407483 0.03554285 0.9611818 0 0
-0.4393567 0.04984924 -0.4111812 0.113972 0.9693732 -0.4087645 0.0349383 0.9608956 0 0
-0.4390172 0.04993334 -0.4111379 0.1139622 0.969262 -0.407599 0.03510415 0.9620215 0 0
-0.4387441 0.04949117 -0.4107797 0.1133213 0.9698098 -0.4068856 0.03539702 0.9627655 0 0
-0.438724 0.04929917 -0.4106214 0.1138214 0.9680398 -0.4058018 0.03529842 0.9633594 0 0
-0.4394338 0.04944243 -0.4119804 0.1135968 0.9724836 -0.4079661 0.03459091 0.9630094 0 0
-0.4395134 0.04937269 -0.4123041 0.1136644 0.9731786 -0.4079596 0.03503405 0.963307 0 0
-0.4390625 0.04944345 -0.410684 0.1135974 0.9721144 -0.4029306 0.0364439 0.9698147 0 0
-0.4391456 0.04883002 -0.4112652 0.1123991 0.9709333 -0.4068024 0.03472969 0.9639955 0 0
-0.4387402 0.04895722 -0.410738 0.1122626 0.9697111 -0.4072463 0.03524223 0.9632918 0 0
-0.4397431 0.04907766 -0.4112521 0.1132822 0.9709323 -0.4101256 0.03538413 0.9618146 0 0
-0.4405478 0.0483246 -0.4138396 0.1120894 0.9702444 -0.4115186 0.03450429 0.9608971 0 0
-0.4416392 0.04875182 -0.4134178 0.1142454 0.9698225 -0.4065883 0.0348569 0.9658313 0 0
-0.441432 0.04898666 -0.415057 0.1124819 0.9716262 -0.407202 0.03536589 0.9643833 0 0
-0.4420049 0.04995601 -0.4142498 0.1143051 0.9696935 -0.4083145 0.03486189 0.9649622 0 0
-0.4425623 0.0489427 -0.4150076 0.1145133 0.9714714 -0.4083256 0.03488858 0.9649865 0 0
-0.4421876 0.05000272 -0.4154776 0.1142952 0.9750994 -0.4105873 0.03422305 0.9639148 0 0
-0.4427451 0.04906523 -0.4153659 0.1120836 0.974587 -0.4089999 0.0338229 0.9675274 0 0
-0.4421669 0.048801 -0.4155459 0.1114789 0.9755157 -0.408532 0.03414043 0.968887 0 0
-0.4421452 0.04886951 -0.4142213 0.1118157 0.9773284 -0.4114351 0.03429251 0.9666759 0 0
-0.4419098 0.04850255 -0.4124654 0.1096001 0.9753426 -0.4071425 0.03514067 0.9706768 0 0
-0.4424306 0.04915071 -0.4130828 0.1119507 0.979117 -0.4177422 0.03688825 0.9640421 0 0
-0.4431233 0.04845571 -0.4131496 0.1097811 0.9769678 -0.4063138 0.03720774 0.9762414 0 0
-0.4438515 0.04879693 -0.4150949 0.111093 0.9796321 -0.4101864 0.033991 0.9722621 0 0
-0.4448488 0.0483131 -0.4143603 0.1127003 0.9794373 -0.4087092 0.03597062 0.975964 0 0
-0.4450155 0.04870167 -0.4153145 0.1110759 0.9802976 -0.4083887 0.03582627 0.9722192 0 0
-0.4452911 0.04877975 -0.415025 0.1108759 0.9797429 -0.409079 0.03631766 0.9746974 0 0
-0.4443607 0.04833326 -0.4170922 0.1103361 0.9809078 -0.4097435 0.0353863 0.9717686 0 0
-0.4462386 0.04803714 -0.4169029 0.1115844 0.9838195 -0.413749 0.03409907 0.9723352 0 0
-0.4452015 0.04834678 -0.4171285 0.1100397 0.9806725 -0.4125012 0.03423033 0.9735336 0 0
-0.4459798 0.04820595 -0.4162866 0.1101353 0.9805291 -0.4115431 0.03462248 0.9768239 0 0
-0.4457452 0.04826887 -0.416934 0.1109681 0.9848485 -0.419521 0.03683396 0.9707735 0 0
-0.4454376 0.04886516 -0.4154405 0.1093687 0.9835508 -0.4140136 0.03687135 0.9721578 0 0
-0.4437729 0.04918379 -0.415378 0.1045121 0.9789845 -0.4088484 0.03410489 0.9827619 0 0
-0.4430355 0.05053565 -0.4162529 0.1033693 0.9792158 -0.4160143 0.04304674 0.964926 0 0
-0.4417286 0.0522029 -0.4126255 0.09387275 0.973793 -0.4111772 0.03808263 0.9732921 0 0
-0.4394218 0.0528946 -0.4026032 0.09141236 0.9669999 -0.4115462 0.03746606 0.9741615 0 0
-0.4382607 0.05964921 -0.3914234 0.09004328 0.9636445 -0.4040874 0.04083023 0.9691254 0 0
-0.4390305 0.0561251 -0.3802644 0.09663955 0.9666514 -0.3974487 0.04190568 0.9588 0 0
-0.4360227 0.06550705 -0.3687504 0.09063385 0.966597 -0.410407 0.02678386 0.9914287 0 0
-0.4333461 0.06590597 -0.3596753 0.09654032 0.9719437 -0.3833246 0.04196244 0.9602858 0 0
-0.4301578 0.06840409 -0.3797098 0.08658966 0.9923267 -0.3936076 0.03080958 0.9849166 0 0
-0.4281069 0.06538818 -0.3734564 0.09322768 0.9979191 -0.380066 0.03957421 0.9738333 0 0
-0.4252157 0.06668193 -0.3699623 0.09883246 1.006748 -0.3868808 0.03729118 0.9977144 0 0
-0.4255502 0.06283965 -0.3716599 0.09755217 1.012703 -0.3813212 0.03213086 1.00025 0 0
-0.4207093 0.06439176 -0.3655027 0.09612811 1.016537 -0.3776262 0.02678407 0.9972 0 0
-0.4158554 0.0633463 -0.3623046 0.09487869 1.022759 -0.3771127 0.02953156 1.013786 0 0
-0.4151797 0.06291571 -0.3617377 0.09466733 1.028782 -0.3649355 0.02365491 1.0015 0 0
-0.4059469 0.1346347 -0.4030327 0.1354437 1.018895 -0.3933714 0.1319144 1.0158 0 0
-0.4012283 0.1360275 -0.4001281 0.1353593 1.023949 -0.3942969 0.1325404 1.014633 0 0
-0.4099913 0.09181624 -0.3952667 0.1301931 1.033048 -0.3795978 0.06416737 1.037055 0 0
-0.3918369 0.09154501 -0.3886554 0.1323312 1.035279 -0.3638052 0.06008487 1.042023 0 0
-0.3723496 0.09422203 -0.3331459 0.09624346 1.061058 -0.3392444 0.06429624 1.048211 0 0
-0.3990503 0.118331 -0.3810381 0.1339517 1.048965 -0.3770617 0.1203848 1.059538 0 0
-0.3947935 0.1198891 -0.376834 0.1337722 1.053088 -0.3707407 0.1272126 1.041667 0 0
-0.3912419 0.1194314 -0.3714823 0.1329487 1.051745 -0.4030083 0.1025696 1.045 0 0
-0.3892333 0.118988 -0.3699066 0.1327301 1.056985 -0.3681845 0.1243082 1.044546 0 0
-0.3904761 0.1177814 -0.3716962 0.1327755 1.054379 -0.4041509 0.1066893 1.048875 0 0
-0.3396897 0.07704268 -0.2818521 0.07916714 1.077413 -0.3365829 0.1044709 1.066384 0 0
-0.3440766 0.08434217 -0.2877545 0.0915478 1.077159 -0.3351892 0.1184507 1.08175 0 0
-0.3366586 0.1215442 -0.3177 0.1355524 1.069442 -0.356272 0.1248045 1.058385 0 0
-0.4171528 0.100682 -0.406039 0.1212085 1.017212 -0.42331 0.09149237 1.01526 0 0
-0.4212114 0.1010131 -0.4166838 0.1171222 1.00877 -0.4310403 0.08017425 1.012095 0 0
-0.4239088 0.1071192 -0.4246767 0.1147805 1.001883 -0.4366163 0.07904515 1.00535 0 0
-0.430472 0.08652687 -0.4309581 0.1159108 0.9997022 -0.4358597 0.05659895 1.012712 0 0
-0.384289 0.1363618 -0.3640675 0.1683944 1.022575 -0.4146516 0.1279707 1.022824 0 0
-0.374993 0.1666521 -0.363171 0.170571 1.019628 -0.3471411 0.1607684 1.01 0 0
-0.3723305 0.1358698 -0.366425 0.1703137 1.024475 -0.3935201 0.1104131 1.030812 0 0
-0.4075676 0.1145972 -0.3862849 0.1510295 1.031868 -0.4255959 0.1095331 0.9919999 0 0
-0.4222791 0.0855682 -0.4109838 0.1239165 1.001127 -0.4267628 0.06063051 1.006156 0 0
-0.419964 0.08518079 -0.400323 0.1251914 1.00554 -0.3987374 0.04927902 1.0382 0 0
-0.4148404 0.08534583 -0.3902934 0.1265399 1.009577 -0.4201473 0.06703312 1.008225 0 0
-0.4396287 0.1029089 -0.4148432 0.1439965 0.9384685 -0.444384 0.08431353 0.9373665 0 0
-0.4352166 0.1024909 -0.4104742 0.1435827 0.9369222 -0.4424089 0.08412895 0.9366865 0 0
-0.4353558 0.1190938 -0.4106589 0.1600961 0.9461725 -0.440316 0.1003189 0.945202 0 0
-0.3247724 0.08531298 -0.2969688 0.1107504 1.052021 -0.2942996 0.05100314 1.047964 0 0
-0.3127381 0.08587334 -0.2925734 0.1041034 1.053318 -0.292935 0.05114923 1.046231 0 0
-0.3096792 0.08433409 -0.2911493 0.1014866 1.055192 -0.2848528 0.05704613 1.043421 0 0
-0.3100066 0.08813091 -0.2918152 0.101663 1.051177 -0.2879978 0.05788308 1.047269 0 0
-0.3137988 0.08728029 -0.2866849 0.1014661 1.037982 -0.2860845 0.07341584 1.0406 0 0
-0.3194016 0.09370866 -0.3015223 0.1163766 1.040332 -0.3087172 0.1066191 1.0206 0 0
-0.3402566 0.1084004 -0.3188789 0.1334725 1.021648 -0.3119085 0.1047705 1.0234 0 0
-0.3471216 0.109263 -0.3255091 0.1300807 1.024679 -0.3232412 0.1271073 1.010333 0 0
-0.3350186 0.1154103 -0.3134927 0.136201 1.048988 -0.3113413 0.1331969 1.03457 0 0
-0.4113447 0.09807937 -0.4313774 0.09709881 0.9757697 -0.43832 0.05863698 0.9845652 0 0
-0.4219722 0.1061226 -0.3952342 0.1424696 1.001013 -0.4227175 0.09811262 0.9658824 0 0
-0.425312 0.1033253 -0.4133065 0.1086455 0.9726382 -0.4150336 0.09859719 0.9653232 0 0
-0.4172341 0.1071124 -0.4037989 0.1107044 0.9745413 -0.4012814 0.1061961 0.9672 0 0
-0.4306436 0.128162 -0.417062 0.131619 0.9276463 -0.4143519 0.1269273 0.9204367 0 0
-0.4494874 0.1015115 -0.435786 0.1051157 0.9112414 -0.4329144 0.1006195 0.9041138 0 0
-0.4705387 0.089527 -0.4567552 0.09320544 0.9133748 -0.4537705 0.0888092 0.9063236 0 0
-0.479822 0.07968484 -0.4660006 0.08342034 0.9115181 -0.4629638 0.07910057 0.9045144 0 0
-0.484299 0.07839741 -0.470477 0.08214358 0.915772 -0.4674378 0.07783876 0.908797 0 0
-0.4842681 0.0775893 -0.4704565 0.08134141 0.9164395 -0.4674306 0.07704479 0.9094852 0 0
-0.4842396 0.07216669 -0.4704357 0.07594953 0.9163804 -0.4674191 0.07169415 0.9094445 0 0
-0.471506 0.07378451 -0.4577532 0.0775559 0.9110612 -0.4548059 0.07328466 0.9041167 0 0
-0.4689139 0.07514755 -0.455177 0.07891168 0.9097461 -0.4522509 0.07463077 0.9028155 0 0
-0.4174355 0.1003048 -0.4061649 0.1045091 0.9588978 -0.4095813 0.09621506 0.9521429 0 0
-0.4157804 0.1018931 -0.4079746 0.1052076 0.9631726 -0.4096614 0.09628423 0.9525489 0 0
-0.412699 0.1028909 -0.4097716 0.1048139 0.9654213 -0.4087875 0.09661078 0.9520359 0 0
-0.4575289 0.09310839 -0.455406 0.09400129 0.9128558 -0.4510475 0.08784726 0.9009699 0 0
-0.4444414 0.1066142 -0.4423735 0.1074275 0.9078596 -0.4380866 0.1011697 0.8959619 0 0
-0.4530182 0.09433693 -0.4509101 0.09522086 0.9069958 -0.4463433 0.09079386 0.8968621 0 0
-0.4374784 0.0895166 -0.4354202 0.09042008 0.8972272 -0.431146 0.08427939 0.8853285 0 0
-0.4358099 0.08891906 -0.4337611 0.08982591 0.8977541 -0.429499 0.08368959 0.885851 0 0
-0.4025731 0.1060126 -0.3962595 0.1104184 0.9538436 -0.3936234 0.10648 0.9475 0 0
-0.4030999 0.1089141 -0.3993288 0.1072684 0.9488368 -0.3938409 0.1077121 0.9461306 0 0
-0.4125258 0.1047637 -0.4027756 0.1068184 0.9448326 -0.3976611 0.1064094 0.9422036 0 0
-0.4112504 0.1089207 -0.4019285 0.1104287 0.9428394 -0.3985857 0.1082417 0.935 0 0
-0.3540139 0.1471946 -0.3484503 0.1537247 0.9699749 -0.3304466 0.1410003 0.9822223 0 0
-0.3528443 0.1457773 -0.3451953 0.1524274 0.9738716 -0.3397052 0.1414548 0.9587143 0 0
-0.3481361 0.1317977 -0.3329346 0.1402522 0.9678487 -0.3147202 0.1190097 0.9618182 0 0
-0.3465251 0.1287056 -0.3347737 0.1403711 0.9626254 -0.3140803 0.1170717 0.9619474 0 0
-0.3464832 0.128591 -0.3324644 0.1378812 0.9572378 -0.3151636 0.1175844 0.9648059 0 0
-0.3476638 0.1283402 -0.3339128 0.1384798 0.9508879 -0.3175872 0.1170488 0.9569902 0 0
-0.3478774 0.1281415 -0.3319955 0.1353128 0.9432889 -0.3201323 0.1172559 0.9504287 0 0
-0.3466676 0.127814 -0.3296246 0.1323901 0.9337471 -0.3225577 0.1151539 0.9321428 0 0
-0.345507 0.1282349 -0.3328092 0.1336382 0.9234812 -0.317636 0.1177785 0.93225 0 0
-0.4023696 0.08581768 -0.4160079 0.1062938 0.9040202 -0.3620044 0.1260764 0.9268334 0 0
-0.3989926 0.08352356 -0.4136358 0.1032891 0.896457 -0.3580169 0.1237535 0.9155515 0 0
-0.3954788 0.07807101 -0.4068925 0.100647 0.8833066 -0.3527491 0.1067525 0.9089525 0 0
-0.4021869 0.08339999 -0.3819663 0.1054201 0.8865414 -0.3696344 0.06519667 0.9075001 0 0
-0.4007542 0.06181074 -0.3779645 0.09677005 0.876739 -0.364689 0.03561223 0.9014489 0 0
-0.3935604 0.05589529 -0.3649135 0.0911878 0.8678966 -0.357219 0.02824992 0.8889486 0 0
-0.38587 0.04522506 -0.3839305 0.07099582 0.8356289 -0.3506571 0.07763541 0.8935833 0 0
-0.3653556 0.04791155 -0.3256998 0.07339515 0.812548 -0.3395719 0.06998059 0.8719 0 0
-0.3609985 0.02176799 -0.3184067 0.03062304 0.8313812 -0.3341998 -0.005543341 0.85672 0 0
-0.3629422 0.002421378 -0.3108465 0.0006487378 0.8255689 -0.3561308 -0.03130594 0.8768125 0 0
-0.3530108 0.01331498 -0.3441453 0.01819182 0.8071852 -0.3578935 0.001512091 0.8010434 0 0
-0.3453926 -0.02122383 -0.2903639 -0.02845054 0.7787542 -0.3194452 -0.05004255 0.8332857 0 0
-0.3345432 -0.03681839 -0.2800032 -0.03933072 0.7541702 -0.3320401 -0.06674846 0.7932083 0 0
-0.3225244 -0.05231468 -0.268003 -0.05376164 0.7322649 -0.3171634 -0.08545157 0.7869999 0 0
-0.3088236 -0.06758401 -0.2567357 -0.06939826 0.7069172 -0.3059378 -0.1014791 0.7668409 0 0
-0.2974237 -0.08268122 -0.2478062 -0.08296438 0.6825798 -0.2763281 -0