-0.2278274 -0.2582964 -0.2337392 -0.2929235 1.097244 -0.2464355 -0.2469978 1.092388 0 0
-0.2343939 -0.2607193 -0.2482682 -0.3036082 1.086815 -0.2627435 -0.2432614 1.102454 0 0
-0.2343939 -0.2607193 -0.2482682 -0.3036082 1.086815 -0.2627435 -0.2432614 1.102454 0 0
-0.224217 -0.2402924 -0.2437869 -0.301366 1.09117 -0.2568922 -0.2107103 1.138625 0 0
-0.2231528 -0.2398384 -0.2422792 -0.2996342 1.094592 -0.2525725 -0.2413718 1.108077 0 0
-0.2053342 -0.2138429 -0.2127012 -0.2746821 1.119974 -0.2443512 -0.1916114 1.165676 0 0
-0.198618 -0.2059006 -0.2036111 -0.2610845 1.139091 -0.221954 -0.2107999 1.124857 0 0
-0.1955974 -0.2052513 -0.2015216 -0.2609489 1.136796 -0.2334992 -0.1899812 1.171571 0 0
-0.1913315 -0.2028137 -0.1974659 -0.2594864 1.139983 -0.2178683 -0.2047272 1.133449 0 0
-0.1899375 -0.2046992 -0.1959844 -0.2633881 1.140451 -0.2224612 -0.1952154 1.158857 0 0
-0.1890766 -0.2068562 -0.1943586 -0.2645248 1.140032 -0.2121817 -0.2089327 1.133935 0 0
-0.221498 -0.2136297 -0.2363367 -0.245837 1.123363 -0.2709735 -0.1730876 1.149707 0 0
-0.2237231 -0.2110087 -0.2351188 -0.242805 1.126599 -0.2729831 -0.1692029 1.153183 0 0
-0.2232611 -0.2104196 -0.2364991 -0.2413694 1.128513 -0.2717816 -0.1717762 1.150231 0 0
-0.2122231 -0.2424133 -0.2292729 -0.3031102 1.111057 -0.2415686 -0.2382689 1.118521 0 0
-0.212301 -0.2420036 -0.2302746 -0.3035246 1.110265 -0.2473244 -0.2123437 1.162239 0 0
-0.2125057 -0.2403122 -0.2291223 -0.3024264 1.111161 -0.2416247 -0.2362931 1.118193 0 0
-0.2130704 -0.2402359 -0.2291549 -0.3011649 1.108791 -0.237978 -0.2332228 1.11569 0 0
-0.2140677 -0.2389716 -0.2286968 -0.3014544 1.110503 -0.2380565 -0.2268383 1.11682 0 0
-0.2095015 -0.2264582 -0.221589 -0.2937766 1.111416 -0.2351532 -0.2212874 1.118816 0 0
-0.2096102 -0.2264361 -0.2227223 -0.2942274 1.110602 -0.2427453 -0.2137755 1.13552 0 0
-0.2111067 -0.2289151 -0.222892 -0.2972827 1.110075 -0.243754 -0.2186085 1.131305 0 0
-0.2113484 -0.2284008 -0.2229796 -0.296112 1.108906 -0.2421064 -0.2168771 1.125362 0 0
-0.2118096 -0.2285044 -0.2242471 -0.2946683 1.106862 -0.2358393 -0.2167495 1.113822 0 0
-0.2123502 -0.2293716 -0.2253638 -0.2952924 1.102921 -0.2352783 -0.2172203 1.108875 0 0
-0.2136272 -0.2288254 -0.226096 -0.2914045 1.096784 -0.237994 -0.2119706 1.107795 0 0
-0.2135335 -0.2250499 -0.2245592 -0.2820207 1.077096 -0.199781 -0.2208267 1.089054 0 0
-0.2084422 -0.2159551 -0.2203554 -0.2726803 1.065152 -0.200886 -0.2150819 1.07291 0 0
-0.2063295 -0.2100579 -0.2197874 -0.261637 1.055847 -0.188635 -0.2351399 1.074864 0 0
-0.2296317 -0.2141929 -0.2143459 -0.2443029 1.045594 -0.2019562 -0.1834589 1.067538 0 0
-0.2311228 -0.2079141 -0.2108624 -0.2319008 1.040096 -0.1973035 -0.1720899 1.06325 0 0
-0.2262194 -0.1886348 -0.2085028 -0.2183692 1.034593 -0.1958769 -0.1554448 1.067718 0 0
-0.224933 -0.1759413 -0.2066616 -0.2025967 1.029438 -0.1895901 -0.1510047 1.061072 0 0
-0.2262202 -0.1687205 -0.205468 -0.1937806 1.028868 -0.2474407 -0.1261658 1.070538 0 0
-0.2259253 -0.15168 -0.2026652 -0.174809 1.023473 -0.2496362 -0.1150664 1.070182 0 0
-0.229529 -0.1443483 -0.198727 -0.157512 1.021846 -0.2528695 -0.1051504 1.065889 0 0
-0.2357072 -0.137923 -0.1961958 -0.1402787 1.025005 -0.2571594 -0.09405553 1.074909 0 0
-0.2398863 -0.1298692 -0.196117 -0.1248597 1.027313 -0.2614251 -0.08547756 1.075788 0 0
-0.2366218 -0.1123414 -0.1996429 -0.1032303 1.024159 -0.2558614 -0.07821757 1.078313 0 0
-0.243405 -0.1066463 -0.2011554 -0.09585627 1.026801 -0.2159528 -0.06736478 1.088 0 0
-0.2526003 -0.1029782 -0.204635 -0.08348521 1.026206 -0.2628548 -0.06011366 1.071769 0 0
-0.2530206 -0.09466278 -0.2094779 -0.07041018 1.022604 -0.2775989 -0.05352466 1.057333 0 0
-0.2529746 -0.08719973 -0.2105964 -0.07076513 1.028054 -0.2811323 -0.05054577 1.0745 0 0
-0.2533977 -0.08290586 -0.2114824 -0.06421713 1.027806 -0.2833082 -0.04957753 1.08475 0 0
-0.2532422 -0.07890097 -0.2119227 -0.06058829 1.031524 -0.2849495 -0.04217947 1.081853 0 0
-0.2530904 -0.07612146 -0.2106036 -0.05398014 1.027926 -0.2848015 -0.03829985 1.08125 0 0
-0.2512354 -0.07353175 -0.208389 -0.05133265 1.030711 -0.2842301 -0.03784565 1.089692 0 0
-0.2472798 -0.07192194 -0.2041506 -0.04970297 1.031833 -0.2790515 -0.03431329 1.084871 0 0
-0.243411 -0.07147615 -0.2028559 -0.05065496 1.045341 -0.275409 -0.03980553 1.095512 0 0
-0.239423 -0.07142095 -0.1976189 -0.05455175 1.059856 -0.2715195 -0.03972086 1.095231 0 0
-0.2360363 -0.07305206 -0.2182161 -0.0480495 1.085559 -0.2698677 -0.05713366 1.1102 0 0
-0.2320362 -0.07366957 -0.1799869 -0.06668435 1.058215 -0.2632365 -0.04079006 1.091238 0 0
-0.2302542 -0.074953 -0.1741995 -0.071661 1.06089 -0.2601832 -0.04484562 1.093831 0 0
-0.2281785 -0.07518866 -0.1704852 -0.07017697 1.060147 -0.2577894 -0.04627441 1.093623 0 0
-0.2268098 -0.07551096 -0.1669242 -0.07452764 1.060401 -0.2552533 -0.04442417 1.090667 0 0
-0.2252285 -0.07663646 -0.1630395 -0.07210038 1.057908 -0.2538378 -0.04453158 1.089845 0 0
-0.2232875 -0.07637722 -0.160361 -0.07559633 1.059911 -0.2509935 -0.04426259 1.087914 0 0
-0.2223551 -0.07721223 -0.158045 -0.08002922 1.061286 -0.2511558 -0.04448746 1.091447 0 0
-0.2207747 -0.07852291 -0.1557145 -0.08459263 1.059411 -0.2474017 -0.04017968 1.092189 0 0
-0.2196658 -0.08119915 -0.1540105 -0.08678105 1.058689 -0.2400426 -0.0364852 1.08595 0 0
-0.2186317 -0.08433795 -0.1508933 -0.09158363 1.056786 -0.1804937 -0.03994982 1.10369 0 0
-0.2169976 -0.08931825 -0.1478641 -0.09988333 1.048071 -0.2302754 -0.04142196 1.079934 0 0
-0.2153571 -0.09435028 -0.145996 -0.1019014 1.051823 -0.2292764 -0.04546051 1.084241 0 0
-0.2129716 -0.1014143 -0.143901 -0.1143839 1.044393 -0.16887 -0.05978997 1.095909 0 0
-0.2116704 -0.1102276 -0.1432242 -0.1221819 1.047886 -0.2247584 -0.06408459 1.088036 0 0
-0.2093143 -0.1211173 -0.1447917 -0.1445522 1.046185 -0.1800095 -0.083795 1.094778 0 0
-0.2081549 -0.132197 -0.1444511 -0.1582456 1.046012 -0.2176638 -0.08467849 1.085026 0 0
-0.206615 -0.144258 -0.1463276 -0.1776896 1.045157 -0.2111686 -0.09595533 1.081821 0 0
-0.1973841 -0.1584533 -0.1390017 -0.1911317 1.02877 -0.2110779 -0.1086024 1.080714 0 0
-0.2008312 -0.1709889 -0.1330082 -0.1995236 1.041657 -0.2063768 -0.1208962 1.07975 0 0
-0.2045022 -0.1827626 -0.134181 -0.2100495 1.059846 -0.2029353 -0.1339178 1.073982 0 0
-0.206384 -0.1919453 -0.1367487 -0.2149163 1.068794 -0.2007074 -0.1450399 1.070702 0 0
-0.2090356 -0.1989266 -0.1469721 -0.2266488 1.076824 -0.19541 -0.1548894 1.066628 0 0
-0.2097079 -0.204258 -0.1465201 -0.2286949 1.079704 -0.1973508 -0.160673 1.068764 0 0
-0.2075695 -0.2080541 -0.1416409 -0.2347682 1.076494 -0.1960613 -0.1634582 1.068838 0 0
-0.2059022 -0.2090668 -0.1438074 -0.2395122 1.076874 -0.196803 -0.1637627 1.070863 0 0
-0.2041995 -0.2083168 -0.1424039 -0.2412716 1.074781 -0.1917236 -0.1617928 1.067713 0 0
-0.2028072 -0.2050575 -0.1438793 -0.2387779 1.075169 -0.1947637 -0.1570889 1.068548 0 0
-0.2002635 -0.2022342 -0.144519 -0.2412763 1.069679 -0.192009 -0.1527308 1.067012 0 0
-0.1983205 -0.195849 -0.1410276 -0.2371466 1.063761 -0.1890498 -0.1438531 1.063139 0 0
-0.1941729 -0.1894558 -0.1374354 -0.2320984 1.058264 -0.185272 -0.1365346 1.059561 0 0
-0.1964939 -0.1741351 -0.1374189 -0.2116819 1.062583 -0.190155 -0.123123 1.061494 0 0
-0.1942251 -0.1620121 -0.1330176 -0.198744 1.05411 -0.1887983 -0.1105216 1.05675 0 0
-0.1955918 -0.1506916 -0.1342561 -0.1896321 1.052171 -0.1923149 -0.09773406 1.054697 0 0
-0.196309 -0.1360949 -0.1332835 -0.1724999 1.048782 -0.19881 -0.08413313 1.057754 0 0
-0.1994971 -0.121525 -0.1348103 -0.1546487 1.049185 -0.2054106 -0.07082087 1.062128 0 0
-0.2009745 -0.1087457 -0.1359041 -0.1372356 1.045727 -0.2079996 -0.05791172 1.060667 0 0
-0.2022499 -0.09857538 -0.1405053 -0.1328737 1.042409 -0.2093269 -0.04553713 1.058633 0 0
-0.2038617 -0.08604518 -0.1423748 -0.1197756 1.040369 -0.2121749 -0.0329918 1.059125 0 0
-0.2033202 -0.0747292 -0.1452796 -0.1062899 1.039994 -0.2134765 -0.02045967 1.05625 0 0
-0.2054816 -0.06238329 -0.1458109 -0.09193604 1.03706 -0.2213386 -0.008791598 1.061344 0 0
-0.2079495 -0.04902381 -0.1469365 -0.0727817 1.036314 -0.2264207 0.004309781 1.0664 0 0
-0.2098434 -0.03650348 -0.1483927 -0.05736934 1.034536 -0.2337383 0.01543356 1.069818 0 0
-0.2133891 -0.02410948 -0.1526588 -0.03989817 1.03232 -0.2400362 0.02606168 1.07083 0 0
-0.2186653 -0.01175346 -0.1574919 -0.0226407 1.031798 -0.2270068 0.04239108 1.059 0 0
-0.2258168 8.357989E-05 -0.1655783 -0.006240704 1.031651 -0.235113 0.05470318 1.056111 0 0
-0.2351223 0.01065296 -0.1720594 0.01131198 1.02741 -0.2642904 0.05613226 1.07669 0 0
-0.2462278 0.02010783 -0.1826408 0.02599652 1.027121 -0.2754939 0.06521034 1.076822 0 0
-0.2622854 0.026878 -0.1967754 0.04210905 1.024458 -0.2948332 0.06794285 1.081442 0 0
-0.286201 0.02815378 -0.22097 0.05931591 1.036292 -0.3158992 0.06813064 1.082531 0 0
-0.3066877 0.02652293 -0.2507935 0.06631444 1.04462 -0.3400104 0.06288167 1.083387 0 0
-0.3251481 0.02647277 -0.2932101 0.07848534 1.059484 -0.3634109 0.06185045 1.087046 0 0
-0.3419136 0.02782072 -0.3192599 0.09135392 1.046566 -0.3840053 0.06037967 1.095556 0 0
-0.3480003 0.02804938 -0.3321743 0.09710933 1.027569 -0.3966267 0.05358648 1.098529 0 0
-0.3416876 0.0335585 -0.3292138 0.09671378 1.044602 -0.393645 0.05393799 1.099289 0 0
-0.322369 0.03687263 -0.3080311 0.1021089 1.050538 -0.3709291 0.06943902 1.120368 0 0
-0.2912252 0.03006561 -0.2661081 0.09440865 1.05404 -0.3348745 0.06072058 1.097324 0 0
-0.2563258 0.0254324 -0.2035117 0.06574594 1.041496 -0.2935285 0.06785085 1.091032 0 0
-0.2236353 0.01633064 -0.1698199 0.05804404 1.032443 -0.2563487 0.05887 1.094975 0 0
-0.1993082 -0.004037962 -0.1371836 0.01504708 1.037771 -0.2182479 0.05110141 1.097344 0 0
-0.1745062 -0.02989832 -0.1093634 -0.0196201 1.040508 -0.189381 0.02038072 1.0969 0 0
-0.1513975 -0.05862879 -0.08601011 -0.06948984 1.044342 -0.1594048 -0.006307793 1.081933 0 0
-0.1387189 -0.08020143 -0.06730357 -0.1002178 1.049997 -0.1243944 -0.02814291 1.086207 0 0
-0.1336573 -0.08916757 -0.06012985 -0.1140504 1.07199 -0.1110754 -0.04257392 1.083397 0 0
-0.1363471 -0.08375721 -0.06167483 -0.1017766 1.059078 -0.1305253 -0.03522304 1.070307 0 0
-0.1492393 -0.06816988 -0.0678557 -0.07993931 1.035265 -0.1640796 -0.02065605 1.068661 0 0
-0.1766264 -0.04772517 -0.09975122 -0.04720539 1.03323 -0.1935635 0.001338384 1.06236 0 0
-0.2126008 -0.02891639 -0.1456326 -0.01955537 1.034411 -0.2379993 0.01871051 1.07576 0 0
-0.2477944 -0.01459878 -0.2065601 0.03777904 1.039201 -0.2828388 0.02886678 1.075409 0 0
-0.2781151 -0.006249912 -0.238999 0.05018737 1.032418 -0.3227508 0.02660633 1.067541 0 0
-0.3055614 -0.004133396 -0.285147 0.06096562 1.033873 -0.3650801 0.02407642 1.10375 0 0
-0.3241362 -0.004896699 -0.3141513 0.06316185 1.027662 -0.3817105 0.01367543 1.097348 0 0
-0.3358009 -0.008173791 -0.3382499 0.06270191 1.025115 -0.3886507 0.01117442 1.094583 0 0
-0.3390988 -0.01598671 -0.3463339 0.05489315 1.026642 -0.3920705 -0.004246714 1.100867 0 0
-0.3388663 -0.01986279 -0.3529946 0.05032158 1.025501 -0.3926076 -0.01113258 1.102613 0 0
-0.3333053 -0.02774415 -0.3473766 0.04018715 1.022836 -0.3906257 -0.007040572 1.101236 0 0
-0.3196177 -0.04142475 -0.3275821 0.02296581 1.015157 -0.3756472 -0.02478646 1.09024 0 0
-0.3034579 -0.06281211 -0.298411 -0.007219098 1.011749 -0.3455383 -0.04425753 1.073 0 0
-0.2809942 -0.09423221 -0.2614501 -0.05726424 1.025685 -0.3324542 -0.07332609 1.0635 0 0
-0.2616008 -0.1199817 -0.2241822 -0.1210191 1.032124 -0.3081102 -0.09984858 1.053259 0 0
-0.2437076 -0.1497416 -0.1946422 -0.1595335 1.018606 -0.2734339 -0.130814 1.040203 0 0
-0.2196378 -0.1910789 -0.1574665 -0.2174996 1.002915 -0.2379604 -0.1551283 1.029182 0 0
-0.2076086 -0.2276706 -0.1486812 -0.2645292 1.035946 -0.2140332 -0.1865412 1.03572 0 0
-0.2219275 -0.2399649 -0.1717897 -0.2847808 1.069643 -0.1999963 -0.2074796 1.063833 0 0
-0.2319935 -0.2432075 -0.195292 -0.3048567 1.101253 -0.2018436 -0.2128788 1.101184 0 0
-0.2274206 -0.2511106 -0.1954234 -0.3013633 1.097279 -0.2006283 -0.2161805 1.099708 0 0
-0.2253042 -0.2528928 -0.1949094 -0.3009855 1.097042 -0.2118661 -0.2184818 1.082798 0 0
-0.224915 -0.2559194 -0.1928953 -0.2972877 1.088864 -0.1939359 -0.2064434 1.095059 0 0
-0.2158155 -0.2524991 -0.1875285 -0.2988513 1.086071 -0.2244968 -0.2171259 1.071912 0 0
-0.1884349 -0.2380912 -0.1436474 -0.2720019 1.045816 -0.1608821 -0.2118735 1.033214 0 0
-0.1706632 -0.2084237 -0.1352688 -0.2552539 1.016866 -0.1482271 -0.1525052 1.005643 0 0
-0.1712908 -0.1633966 -0.129059 -0.2088105 0.994613 -0.159567 -0.1096431 1.004964 0 0
-0.1735409 -0.117462 -0.1229495 -0.1549131 0.9758354 -0.1664172 -0.06655701 1.00636 0 0
-0.177947 -0.07085403 -0.1249616 -0.09177961 0.9630893 -0.1722694 -0.02179948 1.00065 0 0
-0.1881941 -0.02186292 -0.1286146 -0.02948626 0.9572129 -0.183317 0.02215803 1.002706 0 0
-0.203398 0.02405195 -0.1405165 0.01749822 0.9556123 -0.1843793 0.06917586 1.011 0 0
-0.2177072 0.06128718 -0.163824 0.07546956 0.9892552 -0.1995869 0.1111661 1.032444 0 0
-0.2263492 0.0874676 -0.1619012 0.1147377 0.986589 -0.2234648 0.1374196 1.0636 0 0
-0.2359072 0.1088666 -0.1723926 0.1517421 1.005398 -0.2572389 0.1493092 1.076833 0 0
-0.243536 0.1184103 -0.1839309 0.1681808 1.016157 -0.2722493 0.1536709 1.0694 0 0
-0.2500134 0.1177345 -0.19913 0.1725816 1.021551 -0.2779773 0.1562877 1.074667 0 0
-0.254757 0.1105975 -0.2098544 0.1666146 1.009672 -0.2871542 0.1419489 1.068067 0 0
-0.2593468 0.08469228 -0.2145567 0.1430539 1.005698 -0.2852506 0.1246014 1.059375 0 0
-0.2604924 0.03967719 -0.2107551 0.09079682 0.989764 -0.2793988 0.09140886 1.052125 0 0
-0.2643452 -0.01105438 -0.2146206 0.01816141 0.9948026 -0.285742 0.02411274 1.042611 0 0
-0.2632963 -0.05903807 -0.2083776 -0.06060434 0.9701182 -0.2315959 -0.03226135 1.030625 0 0
-0.259063 -0.1169786 -0.2153654 -0.1489841 0.9406337 -0.2519122 -0.07929152 1.002933 0 0
-0.2635328 -0.1836205 -0.2256328 -0.2287806 0.9506403 -0.2540059 -0.1326072 1.009343 0 0
-0.2802609 -0.2222299 -0.2673145 -0.2828729 0.9991096 -0.2537002 -0.1793299 1.008167 0 0
-0.2943204 -0.2272236 -0.2724344 -0.2847553 1.022936 -0.2681012 -0.1927434 1.024235 0 0
-0.3006227 -0.2282936 -0.2815357 -0.2882164 1.036483 -0.2685981 -0.1996657 1.025316 0 0
-0.2956306 -0.2434922 -0.2807539 -0.2961404 1.032467 -0.2694954 -0.1997778 1.029143 0 0
-0.2852675 -0.2396963 -0.2762781 -0.2930247 1.024051 -0.2513059 -0.2116577 1.023708 0 0
-0.2547193 -0.2132579 -0.2372664 -0.2636833 1.004303 -0.21641 -0.1608125 1.0018 0 0
-0.2334026 -0.1706194 -0.2043805 -0.2169172 0.9824449 -0.2091247 -0.1201642 1.00916 0 0
-0.2177629 -0.1178419 -0.1812652 -0.1654601 0.9737098 -0.2014899 -0.07009215 1.015708 0 0
-0.2102211 -0.06087634 -0.1526794 -0.08725397 0.9618791 -0.2005329 -0.01827087 1.01885 0 0
-0.2191584 -0.005811638 -0.149856 0.004547996 0.9769363 -0.2224995 0.03686098 1.032118 0 0
-0.2385519 0.04040308 -0.1841809 0.07828035 0.9936384 -0.2552581 0.09019019 1.046 0 0
-0.2695325 0.07964449 -0.2235883 0.1344414 0.9948811 -0.2992161 0.1229474 1.060667 0 0
-0.3115944 0.11108 -0.2817596 0.1767416 0.9864431 -0.3520979 0.1347807 1.064125 0 0
-0.3633955 0.1312976 -0.3647119 0.1931766 1.022365 -0.4082688 0.1321482 1.090714 0 0
-0.3703627 0.07334546 -0.3933263 0.1421612 1.060088 -0.414151 0.05545294 1.119391 0 0
-0.4315403 0.1058638 -0.4697539 0.171191 1.057463 -0.4570371 0.09360587 1.126118 0 0
-0.4115491 0.05790787 -0.4260397 0.108597 1.062492 -0.4362921 0.0494651 1.100818 0 0
-0.4241543 0.06491618 -0.4591036 0.1384941 1.061434 -0.4613749 0.05786106 1.108714 0 0
-0.3949576 0.04898151 -0.4349673 0.1152692 1.060848 -0.4362091 0.02667949 1.134625 0 0
-0.3888445 0.05604881 -0.4186747 0.1188725 1.054385 -0.4281237 0.04561995 1.112867 0 0
-0.379417 0.06313092 -0.3962956 0.1207753 1.048131 -0.4260793 0.0548223 1.1065 0 0
-0.3939259 0.1175799 -0.4196789 0.1813617 1.031373 -0.4391341 0.1047142 1.075615 0 0
-0.3637733 0.1353791 -0.3599432 0.1770134 0.9988729 -0.409268 0.1367496 1.0552 0 0
-0.3163783 0.07810742 -0.2993476 0.1478571 0.9959498 -0.3592092 0.1122109 1.056083 0 0
-0.277707 0.03544569 -0.2377518 0.08624917 0.9851968 -0.3139178 0.07415437 1.059727 0 0
-0.2441908 -0.0009519195 -0.1901516 0.007087046 0.9595954 -0.253236 0.04285557 1.035333 0 0
-0.2060348 -0.0476684 -0.1357848 -0.05271968 0.9529374 -0.1996949 -0.007345159 1.030917 0 0
-0.179453 -0.1090446 -0.1258934 -0.1375314 0.9662574 -0.1620832 -0.07278214 1.016046 0 0
-0.1690997 -0.1664164 -0.1226765 -0.2168863 0.9893771 -0.1496829 -0.1208512 1.020955 0 0
-0.1712303 -0.2082448 -0.1405111 -0.265004 1.03083 -0.1422739 -0.1632452 1.03052 0 0
-0.1823021 -0.2170472 -0.1554609 -0.2725225 1.052265 -0.1472808 -0.1850114 1.04329 0 0
-0.1911761 -0.2145098 -0.1523573 -0.2679958 1.060474 -0.1596621 -0.1820313 1.047475 0 0
-0.1816526 -0.2241727 -0.1537963 -0.2734243 1.055618 -0.1521904 -0.1926782 1.048846 0 0
-0.180166 -0.185493 -0.1300813 -0.2218763 1.050174 -0.1491865 -0.1421022 1.026441 0 0
-0.1747427 -0.1555349 -0.1194764 -0.19495 1.010278 -0.1641575 -0.1037198 1.0145 0 0
-0.1882044 -0.1004107 -0.1187448 -0.1134466 0.9844114 -0.1955568 -0.05627566 1.002895 0 0
-0.233078 -0.04628263 -0.1720954 -0.03683463 0.9590777 -0.2468994 -0.0121186 0.9997895 0 0
-0.2849199 -0.01181669 -0.2537636 0.02183974 0.9656767 -0.3148026 0.004038662 1.008154 0 0
-0.3420273 0.0137866 -0.3401485 0.0684894 0.9671667 -0.3790976 0.02257231 1.0275 0 0
-0.4109935 0.03513399 -0.4234841 0.09561292 0.9431363 -0.4636166 0.05946279 1.034 0 0
-0.4769532 0.04576709 -0.5123818 0.09568192 0.9861765 -0.5182182 0.04379172 1.050083 0 0
-0.4804897 0.004641266 -0.5238359 0.06267098 1.016719 -0.5255884 0.006313979 1.0835 0 0
-0.4822967 -0.01487004 -0.5363643 0.03042454 1.046744 -0.4895752 0.02031613 1.119583 0 0
-0.4773314 -0.025971 -0.5391398 0.002037182 1.060765 -0.4503211 -0.005238059 1.08225 0 0
-0.4764406 -0.02895729 -0.5301282 -0.0100782 1.063808 -0.4718086 0.01397302 1.1432 0 0
-0.4783847 -0.0264036 -0.5414554 0.001073931 1.053852 -0.5007693 -0.06259967 1.101084 0 0
-0.4834355 -0.01741738 -0.5447536 0.0248472 1.033967 -0.495156 0.01797972 1.1235 0 0
-0.4243924 -0.01398603 -0.4810429 0.005641462 1.029218 -0.4558485 -0.04877267 1.1044 0 0
-0.4556438 0.01606013 -0.5073856 0.06914257 0.9831102 -0.4908467 0.009031276 1.053733 0 0
-0.4274727 0.0289399 -0.4727408 0.08695299 0.9505265 -0.4750868 0.02600037 1.018133 0 0
-0.3755423 0.02978047 -0.4010976 0.09158585 0.9375026 -0.429673 0.02884011 1.019 0 0
-0.3354243 0.03024833 -0.3350775 0.08190344 0.9377086 -0.3997818 0.04845932 1.0112 0 0
-0.2865033 0.02172175 -0.2688091 0.07437523 0.9279649 -0.3341857 0.0445231 1.000273 0 0
-0.2418464 0.008715034 -0.1981259 0.04059078 0.910789 -0.2739223 0.03997711 0.9920833 0 0
-0.1937949 -0.01391969 -0.1339588 -0.009914379 0.9166152 -0.2132191 0.028604 1.00425 0 0
-0.1495278 -0.04707464 -0.08221792 -0.05424814 0.9337595 -0.1589214 -0.009168969 0.9873889 0 0
-0.1215861 -0.0864567 -0.05858769 -0.1078311 0.9711237 -0.1202837 -0.04640956 1.00913 0 0
-0.101465 -0.1276426 -0.03685283 -0.158529 0.9963626 -0.09792196 -0.07957648 1.019267 0 0
-0.09531802 -0.1662442 -0.03518503 -0.2113468 1.026655 -0.08267699 -0.1183427 1.035563 0 0
-0.09480817 -0.1928895 -0.02364238 -0.2255254 1.060238 -0.05162085 -0.1952473 1.097667 0 0
-0.1013019 -0.2233479 -0.04043937 -0.2605069 1.09236 -0.08291853 -0.1820192 1.068383 0 0
-0.1180604 -0.2391329 -0.06787428 -0.2751413 1.118039 -0.09252087 -0.2029513 1.085804 0 0
-0.1378951 -0.2527382 -0.09519594 -0.2846965 1.128395 -0.154717 -0.2155661 1.098134 0 0
-0.1524204 -0.2571379 -0.1124577 -0.2900993 1.130471 -0.1546889 -0.2154587 1.098471 0 0
-0.1659587 -0.2633879 -0.1301367 -0.2958298 1.129499 -0.1647286 -0.2208676 1.099173 0 0
-0.1782065 -0.2572756 -0.1418907 -0.2941699 1.118948 -0.1457558 -0.2263649 1.099625 0 0
-0.1899865 -0.2496039 -0.1503339 -0.293493 1.112812 -0.195372 -0.2246832 1.089608 0 0
-0.1885236 -0.2472365 -0.1421825 -0.2871795 1.098656 -0.1453557 -0.23157 1.076631 0 0
-0.1901438 -0.2465051 -0.1529438 -0.2881647 1.09524 -0.1451309 -0.2305281 1.074044 0 0
-0.1925754 -0.2455087 -0.1570719 -0.2887557 1.092204 -0.1977469 -0.2190254 1.073022 0 0
-0.1921455 -0.2449354 -0.1554484 -0.2882222 1.089736 -0.1612042 -0.2332257 1.05885 0 0
-0.1896843 -0.2460529 -0.1470733 -0.2882473 1.090989 -0.1731753 -0.1931096 1.089542 0 0
-0.1873223 -0.2451922 -0.146497 -0.2901701 1.0919 -0.1749121 -0.2108238 1.070405 0 0
-0.1834537 -0.2435813 -0.1413478 -0.2881041 1.088594 -0.1700098 -0.2213016 1.059934 0 0
-0.1739213 -0.24078 -0.1295823 -0.2829084 1.078629 -0.147156 -0.2188722 1.053611 0 0
-0.1614155 -0.2349122 -0.1146702 -0.2711896 1.059141 -0.1353613 -0.2051952 1.04512 0 0
-0.1484695 -0.2192223 -0.09553572 -0.2566775 1.031308 -0.1200521 -0.1853204 1.040357 0 0
-0.1430573 -0.1947206 -0.1045778 -0.2432083 0.9963552 -0.1122375 -0.1460894 1.017739 0 0
-0.1491734 -0.1678178 -0.1040758 -0.2105086 0.981129 -0.1165803 -0.1224862 1.009737 0 0
-0.1549157 -0.1414811 -0.1093925 -0.1801456 0.9671838 -0.1254136 -0.09639769 1.001778 0 0
-0.1643268 -0.1139373 -0.1189288 -0.1464 0.953402 -0.1396412 -0.07110015 0.9915833 0 0
-0.1773538 -0.08760779 -0.1302076 -0.1096148 0.9472857 -0.143292 -0.05364296 0.9946667 0 0
-0.1944376 -0.06316259 -0.1475366 -0.07909956 0.9410324 -0.1554635 -0.03255212 0.9858999 0 0
-0.2149418 -0.04225333 -0.1762462 -0.06240321 0.9245865 -0.1911187 -0.005738284 0.9789523 0 0
-0.2354379 -0.02426279 -0.1975814 -0.02978258 0.911887 -0.207672 0.01626702 0.9796153 0 0
-0.2570259 -0.01254456 -0.2324289 -0.008400984 0.9046331 -0.2433304 0.03316787 0.9764616 0 0
-0.275434 0.001671818 -0.2702774 0.01236704 0.8866932 -0.2598154 0.04309765 0.9687778 0 0
-0.3064188 0.01568578 -0.3074044 0.03519063 0.8867655 -0.295953 0.06327202 0.9625 0 0
-0.3414177 0.02907808 -0.3502847 0.04697246 0.8858318 -0.3296603 0.07012032 0.9578182 0 0
-0.376764 0.04202308 -0.3940462 0.05684549 0.8895941 -0.3718081 0.0782195 0.9591999 0 0
-0.4139367 0.0463773 -0.4380517 0.06122727 0.8966483 -0.4099666 0.0793739 0.9626365 0 0
-0.4451587 0.04272447 -0.4777351 0.06474392 0.9137395 -0.44036 0.07258744 0.9718236 0 0
-0.4738201 0.03803177 -0.5137878 0.05979954 0.9332464 -0.4749436 0.06978793 0.9863077 0 0
-0.5009995 0.03434692 -0.5495287 0.05363892 0.9505963 -0.5025968 0.06079811 0.9977501 0 0
-0.4443212 -0.02010406 -0.4901432 0.004493653 1.006033 -0.4635972 -0.05771476 1.090909 0 0
-0.4828242 -0.01827233 -0.5318894 0.01893792 0.9984749 -0.514744 0.01971043 1.083 0 0
-0.4871363 -0.02332725 -0.5380243 0.01185675 1.010996 -0.4953017 -0.06949595 1.099091 0 0
-0.48854 -0.02712243 -0.5415964 0.006320423 1.018018 -0.5156705 0.01149288 1.07275 0 0
-0.4873416 -0.0285001 -0.5416201 0.003395151 1.021814 -0.4914196 0.009475199 1.114111 0 0
-0.4873593 -0.02856885 -0.5424592 0.007572199 1.023069 -0.4908682 -0.07688576 1.10231 0 0
-0.4860929 -0.02562226 -0.5383124 0.01106651 1.015493 -0.4921195 -0.07537311 1.103087 0 0
-0.4856086 -0.02117698 -0.5352959 0.01636919 1.004657 -0.5138265 0.02139521 1.062714 0 0
-0.4953009 -0.0003460285 -0.5469434 0.03625342 0.9951109 -0.5107819 0.02335197 1.0758 0 0
-0.4837343 0.005632009 -0.5327846 0.04473994 0.9836769 -0.5003809 0.02706183 1.053 0 0
-0.5049489 0.03590906 -0.5606741 0.05972142 0.9576562 -0.5158931 0.0672125 1.0108 0 0
-0.4878537 0.04374321 -0.5401163 0.07118694 0.94304 -0.487709 0.06574266 1.004125 0 0
-0.4658362 0.05189557 -0.5138603 0.0823788 0.933906 -0.4709068 0.07872743 0.984 0 0
-0.4413115 0.06144137 -0.4826415 0.09444094 0.9255061 -0.4558071 0.04441614 1.008667 0 0
-0.4108129 0.06191739 -0.4446523 0.1037522 0.9153356 -0.4391311 0.07238442 0.9772223 0 0
-0.381768 0.06881069 -0.4043474 0.1118428 0.9058672 -0.3866014 0.09606409 0.972077 0 0
-0.3498414 0.06730814 -0.3626593 0.1147574 0.9061974 -0.3427478 0.1125042 0.9465454 0 0
-0.3191189 0.06760163 -0.3184068 0.1148633 0.9055468 -0.3473933 0.07134979 0.987125 0 0
-0.2901929 0.0622624 -0.2768823 0.1092397 0.9088333 -0.3292932 0.07866707 1.011833 0 0
-0.2623315 0.0584542 -0.235476 0.0974219 0.9132681 -0.2920071 0.1000265 1.021667 0 0
-0.2365011 0.04933044 -0.1990207 0.0834247 0.9276287 -0.2590078 0.08065315 1.01225 0 0
-0.2114947 0.04196658 -0.1623134 0.06573492 0.937728 -0.2020524 0.08999979 1.017778 0 0
-0.1897632 0.02203298 -0.1303866 0.0298969 0.935383 -0.1779313 0.06742301 1.034 0 0
-0.1694154 -0.002697994 -0.1080809 -0.002411842 0.9526657 -0.1464883 0.03458871 1.027 0 0
-0.1541281 -0.03315654 -0.09149042 -0.04272702 0.9620101 -0.1288708 -0.0003981682 1.03075 0 0
-0.1431994 -0.06744546 -0.08194156 -0.0846732 0.9764891 -0.1098106 -0.04162931 1.036182 0 0
-0.138596 -0.103556 -0.07602516 -0.1299726 0.9874381 -0.1001817 -0.08415747 1.046095 0 0
-0.1399496 -0.1343594 -0.07166859 -0.1622469 1.03584 -0.1052759 -0.1111363 1.081053 0 0
-0.1445815 -0.1632905 -0.08338387 -0.1944591 1.057947 -0.1089377 -0.1409435 1.087958 0 0
-0.1464658 -0.1889645 -0.09096383 -0.2237095 1.069371 -0.1147814 -0.1644737 1.1085 0 0
-0.1516322 -0.2040497 -0.0968667 -0.2423169 1.080327 -0.1348251 -0.1685281 1.083837 0 0
-0.1550755 -0.2107081 -0.1033767 -0.2497733 1.086298 -0.1372296 -0.1752549 1.087765 0 0
-0.1543383 -0.2096639 -0.103523 -0.246489 1.088228 -0.1353821 -0.1725273 1.087317 0 0
-0.1496063 -0.204254 -0.09439524 -0.2415318 1.079092 -0.1360538 -0.1625473 1.079027 0 0
-0.144353 -0.1932539 -0.08070955 -0.2264874 1.067134 -0.1290689 -0.1494524 1.071737 0 0
-0.1435534 -0.1683936 -0.07328518 -0.1970149 1.052304 -0.1295798 -0.1259916 1.058914 0 0
-0.1412877 -0.1454506 -0.06564182 -0.1689802 1.03218 -0.129993 -0.1026995 1.047767 0 0
-0.1410438 -0.1186332 -0.06424523 -0.1358984 1.021447 -0.1359401 -0.07762904 1.03653 0 0
-0.1406693 -0.09678344 -0.07301394 -0.1142664 1.006635 -0.1417705 -0.05425895 1.027733 0 0
-0.1460406 -0.06850949 -0.07800805 -0.07770514 0.9962887 -0.1565651 -0.03119623 1.019333 0 0
-0.1576972 -0.03835315 -0.08885782 -0.02347318 0.9785231 -0.1773101 -0.003569625 1.005 0 0
-0.1755265 -0.0117762 -0.1114777 0.01345919 0.9796643 -0.1939311 0.01796398 0.9991001 0 0
-0.1944812 0.01626405 -0.1349826 0.05865012 0.947433 -0.2094856 0.04389792 0.99072 0 0
-0.2178658 0.03668305 -0.1660108 0.08630215 0.9514491 -0.2369695 0.06273905 0.9882728 0 0
-0.2425391 0.05265961 -0.1996101 0.1047667 0.9537523 -0.265303 0.08272957 0.9886501 0 0
-0.2668757 0.07780546 -0.2438248 0.1364627 0.9399505 -0.292257 0.06069362 0.9801111 0 0
-0.2952839 0.08749097 -0.280993 0.1465783 0.9309318 -0.3205602 0.1071511 0.9752273 0 0
-0.3238079 0.09259159 -0.32429 0.1533348 0.929409 -0.3502525 0.1062131 0.9786 0 0
-0.3509989 0.09072973 -0.3615777 0.1512021 0.9311304 -0.3790109 0.1002563 0.9770399 0 0
-0.3744561 0.08147661 -0.4008042 0.1452902 0.9340971 -0.4040107 0.0912293 0.9830455 0 0
-0.3989847 0.0775511 -0.4338773 0.1368476 0.9394687 -0.4280239 0.08352279 0.987591 0 0
-0.4203524 0.07460289 -0.4588205 0.1282457 0.9430788 -0.4514667 0.08322447 0.9902222 0 0
-0.4358723 0.06899403 -0.4769348 0.1195905 0.9429578 -0.4661131 0.0762873 0.9924334 0 0
-0.4507335 0.0668968 -0.4925967 0.1145229 0.9457921 -0.4754864 0.06191372 1.000258 0 0
-0.4580936 0.06333221 -0.5003307 0.110695 0.9446148 -0.4858845 0.0624136 1.002364 0 0
-0.4650395 0.06369975 -0.5109852 0.1085149 0.9494137 -0.4968224 0.06557123 1.00504 0 0
-0.4676656 0.06374617 -0.5177835 0.1084817 0.9532734 -0.4965683 0.06330971 1.00412 0 0
-0.469391 0.06703472 -0.5187482 0.113202 0.9521721 -0.4995077 0.07275591 1.005567 0 0
-0.4652158 0.07102171 -0.5153294 0.119474 0.9521276 -0.5052469 0.07654911 1.014667 0 0
-0.4594323 0.07718735 -0.5060088 0.1274964 0.9530923 -0.4863799 0.07908293 1.002161 0 0
-0.4491812 0.08346024 -0.4945471 0.1383956 0.9526299 -0.480171 0.08553471 1.006571 0 0
-0.4353948 0.09147549 -0.4743702 0.1491636 0.9494119 -0.4668151 0.1010122 0.9988078 0 0
-0.4153309 0.09403462 -0.4548749 0.1611824 0.9491933 -0.4498708 0.1001615 1.005684 0 0
-0.395347 0.09833755 -0.4178444 0.1645714 0.9437043 -0.437327 0.1282269 1.012889 0 0
-0.3717037 0.1014387 -0.3797199 0.1660976 0.9498683 -0.4229567 0.1383226 1.0182 0 0
-0.350565 0.1130686 -0.3621935 0.1800145 0.9392127 -0.3895361 0.1484774 1.011667 0 0
-0.3276877 0.1228431 -0.3327165 0.1861133 0.9441906 -0.3672832 0.1462473 1.007833 0 0
-0.3017026 0.1291663 -0.2950628 0.1882483 0.9424309 -0.3346149 0.1539982 1.008235 0 0
-0.2733155 0.1279923 -0.2593998 0.1887312 0.9401361 -0.3191889 0.16079 1.023778 0 0
-0.2437872 0.1232115 -0.216543 0.1787674 0.946284 -0.2762126 0.1643632 1.019286 0 0
-0.2143013 0.1132942 -0.179086 0.1677235 0.9592919 -0.245541 0.1564644 1.027833 0 0
-0.1859793 0.1059809 -0.1414813 0.1558819 0.9712944 -0.2040058 0.1596181 1.044875 0 0
-0.1587569 0.09437415 -0.1040933 0.1331595 0.9827937 -0.1744049 0.1499914 1.049273 0 0
-0.1330621 0.08315083 -0.07161801 0.1208593 1.003315 -0.1561955 0.1295469 1.070625 0 0
-0.1091145 0.07224531 -0.04420124 0.09894185 1.022858 -0.1192208 0.1145613 1.0658 0 0
-0.08700576 0.06436381 -0.02267274 0.07300945 1.035886 -0.0987272 0.1063398 1.085684 0 0
-0.07218374 0.0474753 -0.005913989 0.04616624 1.057752 -0.06535615 0.08655325 1.079456 0 0
-0.05927649 0.0299872 0.006919376 0.02200956 1.070102 -0.02203693 0.05438768 1.112 0 0
-0.04987648 0.01172852 0.02031479 0.004390823 1.081352 -0.04894312 0.03952983 1.123455 0 0
-0.04539135 -0.008258272 0.02569 -0.02208687 1.088539 -0.02140534 0.01901575 1.133111 0 0
-0.04136839 -0.02927839 0.03137688 -0.04556747 1.095353 -0.03141085 0.01083688 1.133429 0 0
-0.03703875 -0.05101684 0.035045 -0.07048342 1.111577 -0.0251412 -0.01064787 1.14445 0 0
-0.03809611 -0.07144303 0.03489507 -0.09717389 1.114845 -0.02467958 -0.03010169 1.14875 0 0
-0.0412952 -0.08947472 0.03086363 -0.1187671 1.116215 -0.02217904 -0.05198984 1.146 0 0
-0.04520745 -0.1029763 0.02841237 -0.134039 1.12798 -0.02201194 -0.06488521 1.155 0 0
-0.04831014 -0.1111224 0.02447216 -0.1441289 1.134032 -0.0266122 -0.07489523 1.152179 0 0
-0.04885576 -0.113786 0.02252188 -0.1476004 1.132503 -0.01985819 -0.08060733 1.163688 0 0
-0.04888972 -0.111267 0.0221463 -0.1441661 1.133452 -0.02277285 -0.07810935 1.157605 0 0
-0.04801464 -0.1038715 0.02265945 -0.1364317 1.127817 -0.005466125 -0.08819492 1.169077 0 0
-0.04747852 -0.09320287 0.02565854 -0.1237685 1.124315 -0.0222405 -0.05546527 1.1558 0 0
-0.04624268 -0.07940362 0.02757264 -0.1068774 1.114009 -0.01775292 -0.03753843 1.160333 0 0
-0.04384751 -0.06294923 0.02982023 -0.0886471 1.104132 -0.02065182 -0.01914799 1.16075 0 0
-0.04410558 -0.04454697 0.03049054 -0.06674504 1.094003 -0.03041052 -0.002048973 1.116095 0 0
-0.04063356 -0.02574328 0.03147672 -0.04084342 1.091287 -0.03253884 0.0158824 1.10576 0 0
-0.04377449 -0.005345087 0.02880962 -0.01388228 1.082356 -0.03818847 0.03597916 1.103941 0 0
-0.0482528 0.01484322 0.02473865 0.01362639 1.070384 -0.04565729 0.05483418 1.092769 0 0
-0.05656609 0.03573891 0.01546663 0.03921286 1.060419 -0.05526627 0.06898709 1.073784 0 0
-0.06577594 0.05574608 0.004970813 0.06563486 1.047305 -0.08349074 0.09042161 1.053743 0 0
-0.09944049 0.08095135 -0.02482191 0.1223991 1.016978 -0.1254171 0.1117618 1.033652 0 0
-0.1117968 0.09969039 -0.04191783 0.1421723 1.017776 -0.1466059 0.119522 1.022182 0 0
-0.1373258 0.1073361 -0.07050736 0.155352 1.014151 -0.1320472 0.1606261 1.005 0 0
-0.1593431 0.1149314 -0.09810217 0.169347 1.004445 -0.1918699 0.1366596 1.006667 0 0
-0.1823534 0.1222074 -0.1280706 0.1743105 0.998509 -0.212082 0.1418746 0.999143 0 0
-0.201721 0.1377283 -0.1560656 0.1775595 0.9893237 -0.2332502 0.1316288 0.989346 0 0
-0.2259584 0.1558239 -0.1956847 0.1920019 0.9816357 -0.2608571 0.1506796 0.980625 0 0
-0.2798516 0.1556245 -0.2565323 0.1980679 0.9623438 -0.3096257 0.1824483 1.016 0 0
-0.3057307 0.1479235 -0.2909778 0.1938489 0.9574168 -0.3424894 0.1661638 1.003044 0 0
-0.3286194 0.1344051 -0.3109754 0.1833265 0.9445186 -0.3685893 0.1471593 0.9936801 0 0
-0.3478171 0.1184399 -0.3404235 0.1740861 0.9459403 -0.3921623 0.1362 0.9960909 0 0
-0.3654985 0.1062058 -0.3674153 0.1646375 0.9460096 -0.4085538 0.1226164 0.9937143 0 0
-0.3833917 0.09730219 -0.3952826 0.1590374 0.9404292 -0.4253421 0.09633493 0.9884001 0 0
-0.4010448 0.09531297 -0.4299509 0.1575445 0.9336258 -0.4422744 0.08867927 1.003941 0 0
-0.4061252 0.08068811 -0.4296505 0.1427283 0.934794 -0.4447563 0.07129935 0.9983792 0 0
-0.4097455 0.07127234 -0.4364284 0.1346872 0.9376827 -0.4402919 0.04963693 0.9966135 0 0
-0.4128466 0.06642102 -0.4421594 0.1282763 0.9381445 -0.4481253 0.04659842 0.9993793 0 0
-0.4143689 0.06386608 -0.4442525 0.1241496 0.9351204 -0.4521172 0.04692899 0.9984643 0 0
-0.4487801 0.09321788 -0.4866242 0.1392288 0.9267098 -0.479154 0.08336474 0.9797647 0 0
-0.4120204 0.06201757 -0.448555 0.1222457 0.920983 -0.4475946 0.05027339 0.9884616 0 0
-0.4072549 0.06419408 -0.4453715 0.124702 0.9133775 -0.4495642 0.06561693 0.979 0 0
-0.3969869 0.06546809 -0.435375 0.1275787 0.9043698 -0.4425697 0.06250235 0.9720001 0 0
-0.3928997 0.07614405 -0.4293398 0.1383273 0.8952854 -0.4376774 0.08593464 0.9570999 0 0
-0.3800823 0.07804545 -0.4098451 0.1388301 0.8859528 -0.4334505 0.08731914 0.9606 0 0
-0.3640042 0.08068641 -0.3845533 0.1377076 0.8755815 -0.4031431 0.08295135 0.9449999 0 0
-0.3426773 0.07630592 -0.3566847 0.1348478 0.8619494 -0.3889095 0.08930002 0.938 0 0
-0.316117 0.06840439 -0.3163653 0.1297641 0.8441683 -0.3631413 0.09399239 0.9297143 0 0
-0.2869339 0.06811798 -0.2823838 0.1312923 0.83584 -0.3282965 0.09536078 0.9088333 0 0
-0.2566722 0.07495992 -0.2448147 0.1350833 0.8361388 -0.2926123 0.1071492 0.904625 0 0
-0.2214451 0.07699869 -0.2024094 0.1335924 0.8347434 -0.2581327 0.1052135 0.8997272 0 0
-0.1845449 0.07044146 -0.1471541 0.1243219 0.8262949 -0.206783 0.1151728 0.9135 0 0
-0.1482879 0.06795052 -0.101791 0.1195896 0.8329889 -0.155603 0.1198215 0.9036667 0 0
-0.1112805 0.06361746 -0.06013785 0.1114269 0.850521 -0.1347615 0.09611996 0.8713199 0 0
-0.08109934 0.05600593 -0.02261629 0.09460798 0.8632314 -0.07011593 0.1171632 0.9238 0 0
-0.05753575 0.04808971 0.003794179 0.07840339 0.8773544 -0.08091354 0.09371402 0.9260714 0 0
-0.0366342 0.04207962 0.02137889 0.06571188 0.8963879 -0.06061374 0.08783409 0.9314616 0 0
-0.02165036 0.03500403 0.03743607 0.05310002 0.9031648 -0.04163546 0.07900833 0.9233685 0 0
-0.00629933 0.0293387 0.05754934 0.04554948 0.8881828 -0.0222796 0.07451566 0.9197143 0 0
0.004477613 0.0224678 0.06636029 0.03843072 0.8925544 -0.00990829 0.05885321 0.8957999 0 0
0.01543429 0.01693826 0.07740147 0.03843346 0.8879172 -0.001349523 0.05525074 0.8919141 0 0
0.02242807 0.01167576 0.08382355 0.03886563 0.8736213 -0.003309759 0.04449102 0.8841713 0 0
0.02535463 0.007064137 0.08458758 0.03711579 0.8655213 0.06593291 -0.04397881 0.9217334 0 0
0.02653491 0.000734694 0.08378075 0.02763895 0.855777 0.06847759 -0.05838307 0.9245715 0 0
0.02538081 -0.004436502 0.08347104 0.01661016 0.843788 0.0672521 -0.06333717 0.9112501 0 0
0.01708293 -0.0128566 0.06968736 0.003390127 0.8327816 0.06438092 -0.0628936 0.8967858 0 0
0.005248179 -0.02142363 0.05564917 -0.004013031 0.8201458 0.06399162 -0.06780026 0.8972 0 0
-0.006102201 -0.03077547 0.03901718 -0.01783324 0.8049564 0.05829904 -0.002617552 0.8922 0 0
-0.02829821 -0.04358886 0.02293365 -0.02892214 0.7967606 -0.05032516 -0.007927994 0.8347368 0 0
-0.04375139 -0.05723755 0.001068366 -0.05296036 0.7901967 -0.06529205 -0.01978735 0.8313599 0 0
-0.061224 -0.06973443 -0.02077391 -0.07038599 0.788922 -0.08137249 -0.03464086 0.8286765 0 0
-0.08427757 -0.08426954 -0.04906276 -0.09027456 0.7915317 -0.08086677 -0.04550473 0.812 0 0
-0.1002804 -0.09341193 -0.06815021 -0.1048826 0.7908621 -0.08125031 -0.06102681 0.8341666 0 0
-0.1122361 -0.1017501 -0.08426412 -0.1149701 0.7946372 -0.08393963 -0.07602374 0.8334286 0 0
-0.1233366 -0.1084784 -0.0995676 -0.1273784 0.7956336 -0.1300571 -0.07102939 0.839919 0 0
-0.1331874 -0.1148687 -0.1081159 -0.1337269 0.7982048 -0.1064909 -0.08844139 0.8406668 0 0
-0.1387856 -0.1187715 -0.1155766 -0.1389847 0.8037233 -0.116938 -0.09027901 0.84775 0 0
-0.1435479 -0.1225775 -0.1184369 -0.1433034 0.8038878 -0.1218522 -0.09411217 0.8473889 0 0
-0.1385339 -0.1274911 -0.1174977 -0.1447547 0.8025517 -0.1051356 -0.1110769 0.8241819 0 0
-0.138611 -0.1305205 -0.1149564 -0.1482227 0.8025258 -0.1090172 -0.1114936 0.8234584 0 0
-0.1381216 -0.132812 -0.1133282 -0.1532918 0.7998138 -0.114795 -0.1083801 0.8242277 0 0
-0.1470444 -0.1371345 -0.1106668 -0.1569242 0.8024966 -0.1237775 -0.1015547 0.8427941 0 0
-0.1464422 -0.1401897 -0.1083981 -0.1628516 0.7994803 -0.1160172 -0.1052059 0.836246 0 0
-0.1454011 -0.1419569 -0.105591 -0.1659331 0.7993065 -0.09991673 -0.1200546 0.8330001 0 0
-0.147422 -0.145684 -0.