0 0 0 0 0 0 0 0 0 0
-0.1882136 -0.2737428 -0.2020213 -0.3133083 1.1489 -0.224134 -0.2305413 1.1673 0 0
-0.1886694 -0.2742572 -0.2013861 -0.3161283 1.153863 -0.223531 -0.2435672 1.16955 0 0
-0.1883024 -0.2746241 -0.2036521 -0.3159016 1.152433 -0.2237091 -0.2345436 1.168324 0 0
-0.1884345 -0.2769208 -0.2052741 -0.3170096 1.152508 -0.2022491 -0.2800032 1.136174 0 0
-0.1880106 -0.2761172 -0.2021945 -0.3160299 1.152725 -0.2224838 -0.2404981 1.168933 0 0
-0.1887952 -0.275761 -0.2022517 -0.3142858 1.149904 -0.1912776 -0.2828692 1.130435 0 0
-0.1886227 -0.2764386 -0.2018331 -0.3146055 1.151908 -0.2018406 -0.2800204 1.136778 0 0
-0.1892584 -0.2759636 -0.2087242 -0.3165595 1.150528 -0.2083807 -0.2803203 1.139 0 0
-0.1888894 -0.2749859 -0.2048488 -0.3175122 1.156185 -0.2235559 -0.2442554 1.169188 0 0
-0.1896233 -0.275225 -0.2053792 -0.3182518 1.154436 -0.2235824 -0.2442537 1.169199 0 0
-0.1811402 -0.2677638 -0.1829709 -0.3018164 1.147596 -0.1987526 -0.2804538 1.131148 0 0
-0.1793131 -0.2635116 -0.1790513 -0.2984525 1.147422 -0.1980906 -0.2792844 1.130995 0 0
-0.17915 -0.2585634 -0.1817143 -0.3066585 1.149298 -0.2134608 -0.2375443 1.197 0 0
-0.1789295 -0.258018 -0.1803524 -0.3071498 1.15069 -0.202979 -0.2734424 1.139571 0 0
-0.1794657 -0.257263 -0.1812416 -0.3070596 1.151516 -0.2028097 -0.2725018 1.140807 0 0
-0.1804237 -0.2582364 -0.184719 -0.3079546 1.152563 -0.2148319 -0.2348476 1.201 0 0
-0.1811935 -0.258976 -0.1868514 -0.3091235 1.154089 -0.2055065 -0.2739658 1.142 0 0
-0.181668 -0.2599294 -0.1892167 -0.3103369 1.154158 -0.2053814 -0.2737532 1.14239 0 0
-0.1825641 -0.2607002 -0.1895654 -0.3107471 1.157235 -0.2055884 -0.2739218 1.142249 0 0
-0.183924 -0.260639 -0.189684 -0.3105718 1.156692 -0.2059821 -0.2734933 1.143782 0 0
-0.1857526 -0.2608404 -0.1902669 -0.3110493 1.158743 -0.2067612 -0.2738748 1.145021 0 0
-0.186141 -0.2609923 -0.1905985 -0.3112066 1.15909 -0.207547 -0.2745211 1.144898 0 0
-0.1863176 -0.2608895 -0.1910207 -0.3109301 1.158115 -0.205508 -0.2723763 1.146581 0 0
-0.1858716 -0.2602807 -0.1913204 -0.3124789 1.159769 -0.2098728 -0.2733072 1.152037 0 0
-0.1866316 -0.2623391 -0.1914836 -0.3126107 1.162062 -0.2094326 -0.274513 1.15115 0 0
-0.1876215 -0.2625087 -0.1930706 -0.3133755 1.163123 -0.212598 -0.2701484 1.158064 0 0
-0.1889715 -0.26628 -0.1928747 -0.3142107 1.165336 -0.2089411 -0.2762334 1.149402 0 0
-0.1901938 -0.2650782 -0.1960215 -0.3149717 1.160603 -0.2082737 -0.2749259 1.148962 0 0
-0.1915029 -0.2650144 -0.1942988 -0.314968 1.167064 -0.210256 -0.2754515 1.149772 0 0
-0.1921107 -0.2649596 -0.1983176 -0.316397 1.160578 -0.2122254 -0.2761899 1.152366 0 0
-0.1936363 -0.2656322 -0.1989722 -0.3171091 1.162593 -0.2133974 -0.2761772 1.152286 0 0
-0.1949588 -0.2658454 -0.1986481 -0.3164562 1.162108 -0.2127347 -0.2755764 1.15164 0 0
-0.1958866 -0.2676203 -0.1991315 -0.3166681 1.161761 -0.2129194 -0.2769758 1.150994 0 0
-0.1973009 -0.2682105 -0.2019044 -0.3175643 1.161515 -0.2153153 -0.2773761 1.152978 0 0
-0.1981439 -0.2704431 -0.2024793 -0.3179788 1.163236 -0.2124993 -0.2762307 1.151761 0 0
-0.199419 -0.2705449 -0.2017844 -0.317027 1.163898 -0.2157707 -0.2776617 1.154634 0 0
-0.2007059 -0.2706859 -0.2031013 -0.3165714 1.161277 -0.217567 -0.2768531 1.154998 0 0
-0.2026337 -0.2721538 -0.2053628 -0.3181294 1.162966 -0.2186084 -0.2772104 1.155827 0 0
-0.2043969 -0.2723266 -0.2058118 -0.3190358 1.164351 -0.2225315 -0.2756653 1.157435 0 0
-0.2054231 -0.2726363 -0.2077236 -0.3185649 1.161143 -0.216786 -0.2750871 1.154518 0 0
-0.2080775 -0.2729894 -0.2101281 -0.3190283 1.157878 -0.2248784 -0.274427 1.157 0 0
-0.2090278 -0.2729653 -0.2105811 -0.3181359 1.157293 -0.2193452 -0.2740887 1.154839 0 0
-0.2102954 -0.2726251 -0.2113687 -0.3190622 1.155549 -0.2216055 -0.2711051 1.155743 0 0
-0.2121194 -0.2715564 -0.2093116 -0.3177638 1.154766 -0.2283745 -0.2697945 1.156089 0 0
-0.2133454 -0.2702726 -0.2078474 -0.316767 1.152425 -0.2274287 -0.2670392 1.152994 0 0
-0.2147046 -0.2672103 -0.2078189 -0.314876 1.148643 -0.2297953 -0.264552 1.155067 0 0
-0.2171331 -0.2658275 -0.2067487 -0.313618 1.14525 -0.2314405 -0.2613638 1.155244 0 0
-0.2195427 -0.2657498 -0.2061052 -0.3075678 1.138272 -0.2339412 -0.2582663 1.155265 0 0
-0.2217357 -0.2640334 -0.2036344 -0.3068783 1.134745 -0.2533714 -0.2635159 1.1648 0 0
-0.2242732 -0.2626262 -0.19924 -0.3035766 1.132987 -0.2284066 -0.3118226 1.181 0 0
-0.2277718 -0.2583326 -0.1886601 -0.3071251 1.132306 -0.2015619 -0.2517719 1.204462 0 0
-0.2269355 -0.2588614 -0.1862034 -0.3108113 1.135992 -0.2021962 -0.2565883 1.190778 0 0
-0.2251737 -0.2562213 -0.1803935 -0.3067269 1.134092 -0.2266338 -0.2964627 1.175214 0 0
-0.2201282 -0.2543588 -0.1760777 -0.3019342 1.139049 -0.2062775 -0.2317107 1.1956 0 0
-0.2149471 -0.2493746 -0.1670733 -0.2964818 1.122169 -0.2039391 -0.2520049 1.179889 0 0
-0.212064 -0.2419612 -0.1630523 -0.2908926 1.122814 -0.2283227 -0.2645472 1.17713 0 0
-0.1986009 -0.2311446 -0.1455057 -0.2704106 1.118767 -0.2360738 -0.2576577 1.186445 0 0
-0.1899597 -0.2162749 -0.1285056 -0.2517253 1.113779 -0.1640864 -0.2608189 1.18775 0 0
-0.1787406 -0.2001889 -0.1150924 -0.2264552 1.117118 -0.1390401 -0.2364194 1.1725 0 0
-0.1850804 -0.1844273 -0.1194553 -0.2219424 1.130315 -0.2093006 -0.2204284 1.184174 0 0
-0.1790984 -0.1675385 -0.1069828 -0.2019966 1.124744 -0.2114001 -0.2091311 1.1888 0 0
-0.1762042 -0.1519251 -0.1070292 -0.1779374 1.137124 -0.200958 -0.1980508 1.193769 0 0
-0.1730849 -0.1369781 -0.1023112 -0.1581101 1.135358 -0.1942786 -0.1810585 1.186808 0 0
-0.1673794 -0.1246553 -0.09346833 -0.131008 1.137536 -0.1936098 -0.1764139 1.200143 0 0
-0.1637533 -0.1112199 -0.09031974 -0.1212764 1.13878 -0.1797957 -0.1588689 1.183583 0 0
-0.1592848 -0.101607 -0.08597159 -0.11706 1.136687 -0.1878597 -0.1550925 1.190143 0 0
-0.1547901 -0.09475575 -0.08407245 -0.1055338 1.134011 -0.1775709 -0.1448267 1.1755 0 0
-0.1543123 -0.0918415 -0.08435885 -0.1050738 1.132631 -0.1099987 -0.1282286 1.138962 0 0
-0.1529958 -0.08884819 -0.08325246 -0.09914843 1.129809 -0.1466202 -0.1295013 1.147722 0 0
-0.1551413 -0.08741327 -0.08607991 -0.09614451 1.127194 -0.1624775 -0.1293117 1.152555 0 0
-0.1562706 -0.08571191 -0.08574615 -0.0915127 1.12466 -0.1346576 -0.1229961 1.130491 0 0
-0.158806 -0.08565361 -0.08767058 -0.09111041 1.122214 -0.1434236 -0.1239816 1.138459 0 0
-0.1618093 -0.08563828 -0.09064492 -0.09307098 1.119942 -0.1811313 -0.04041921 1.103379 0 0
-0.1632974 -0.08553141 -0.09091511 -0.09070026 1.114395 -0.1865322 -0.04123181 1.100309 0 0
-0.1701967 -0.08230279 -0.09540089 -0.07712889 1.106929 -0.2028194 -0.04485825 1.099139 0 0
-0.1826102 -0.07720583 -0.1059355 -0.06380408 1.09478 -0.2170546 -0.04472487 1.09629 0 0
-0.1976095 -0.07473855 -0.1182224 -0.0485781 1.076238 -0.2339384 -0.05200123 1.090299 0 0
-0.20926 -0.0726084 -0.134949 -0.04107431 1.071469 -0.2475035 -0.05858822 1.083655 0 0
-0.2192902 -0.07169782 -0.1485506 -0.03215653 1.064979 -0.258972 -0.06047259 1.08013 0 0
-0.223186 -0.07103711 -0.1523941 -0.0322426 1.062611 -0.264478 -0.05807732 1.079576 0 0
-0.2217366 -0.07117948 -0.1465173 -0.04166374 1.060599 -0.2613822 -0.05274545 1.07517 0 0
-0.2180586 -0.07158366 -0.1513942 -0.04036074 1.06672 -0.2499204 -0.04157197 1.078447 0 0
-0.2125938 -0.07150163 -0.1463293 -0.04610299 1.070262 -0.2342553 -0.03294102 1.077595 0 0
-0.2089051 -0.06917123 -0.1448774 -0.04122227 1.077525 -0.23482 -0.03517137 1.064079 0 0
-0.212883 -0.06736984 -0.1400859 -0.03410202 1.05121 -0.2381433 -0.02953899 1.062734 0 0
-0.2187052 -0.06072702 -0.1469753 -0.02540638 1.051536 -0.2438308 -0.02675601 1.060056 0 0
-0.2193023 -0.04694834 -0.1533447 -0.01106915 1.043466 -0.236167 -0.005145027 1.067322 0 0
-0.2200373 -0.042775 -0.1516493 -0.008372232 1.033027 -0.2387244 -0.003219406 1.06632 0 0
-0.217385 -0.03869852 -0.147897 -0.009262025 1.027198 -0.2348877 0.0007123012 1.058 0 0
-0.2162623 -0.03619318 -0.1501504 -0.003623784 1.022394 -0.2259646 0.01131134 1.054067 0 0
-0.2137584 -0.03162826 -0.1502732 0.001928587 1.014191 -0.2282148 0.007430341 1.050905 0 0
-0.2148295 -0.0322024 -0.1521459 0.0004886058 1.014188 -0.237323 0.002601654 1.043636 0 0
-0.2117939 -0.02698665 -0.1459105 0.003733513 1.002196 -0.2397154 0.003135179 1.03731 0 0
-0.2119268 -0.02496156 -0.1503074 0.002827993 1.001902 -0.2293334 0.01616351 1.034067 0 0
-0.2125115 -0.02644479 -0.1503124 -0.007181361 1.001616 -0.2471076 -0.006042764 0.9949001 0 0
-0.2117237 -0.02952004 -0.1525853 -0.01003869 1.000761 -0.2453852 -0.004952158 0.9932677 0 0
-0.2090672 -0.03630339 -0.1440841 -0.01164808 0.9920707 -0.2362524 0.002292933 0.9968334 0 0
-0.2041267 -0.03862864 -0.1403342 -0.0133345 0.9846446 -0.2275247 0.0005072789 0.9949545 0 0
-0.1937664 -0.04013352 -0.1311462 -0.02433638 0.9796662 -0.2147913 -0.0007664298 0.9858183 0 0
-0.1849617 -0.04610898 -0.1200287 -0.03615398 0.9721121 -0.2007516 -0.00331845 0.9843599 0 0
-0.176427 -0.05241364 -0.1097982 -0.04209257 0.9706351 -0.1919968 -0.007882057 0.9816667 0 0
-0.1703301 -0.06044754 -0.1052894 -0.05360825 0.9681337 -0.1864509 -0.01896619 0.9680454 0 0
-0.1630239 -0.06769337 -0.09780569 -0.06550309 0.9651162 -0.1789991 -0.02603227 0.9683751 0 0
-0.1564206 -0.07670081 -0.09134632 -0.07629949 0.9624079 -0.1695914 -0.03426062 0.9586667 0 0
-0.1510729 -0.0839929 -0.08906792 -0.07899145 0.9598557 -0.1597511 -0.03867416 0.9614211 0 0
-0.1463219 -0.09322173 -0.08220987 -0.0969355 0.9538832 -0.159184 -0.05039332 0.954739 0 0
-0.1405873 -0.1020205 -0.07840766 -0.1117598 0.9529272 -0.153622 -0.06005418 0.9521668 0 0
-0.1369346 -0.1120893 -0.07474013 -0.1181087 0.9474147 -0.1490351 -0.06800022 0.9465834 0 0
-0.1331661 -0.1220972 -0.07036012 -0.1309677 0.9435378 -0.1435687 -0.07544846 0.945381 0 0
-0.1295895 -0.1296913 -0.06729787 -0.1557464 0.9405036 -0.1327009 -0.08233026 0.9384348 0 0
-0.1240081 -0.1377675 -0.05913061 -0.1614732 0.9329954 -0.1281041 -0.08953543 0.9334166 0 0
-0.1187508 -0.1441976 -0.05196111 -0.1758539 0.9188361 -0.1247428 -0.09632538 0.929 0 0
-0.1155598 -0.1494571 -0.05003822 -0.1837329 0.9158664 -0.1137151 -0.1015686 0.929913 0 0
-0.1144632 -0.1538254 -0.05159847 -0.1926762 0.9158994 -0.1154745 -0.1033515 0.920625 0 0
-0.1113385 -0.1565406 -0.05022321 -0.1964427 0.9104047 -0.1091696 -0.1063207 0.915375 0 0
-0.108191 -0.1587067 -0.04765972 -0.1988022 0.9090242 -0.1060584 -0.1070689 0.9075625 0 0
-0.106487 -0.1595639 -0.04652548 -0.1965507 0.906296 -0.107243 -0.1099837 0.9028332 0 0
-0.1064003 -0.1609466 -0.04504712 -0.1981948 0.8951724 -0.1082503 -0.1109503 0.8920001 0 0
-0.09678788 -0.1624905 -0.0338029 -0.1955706 0.8705616 -0.1082628 -0.1138199 0.8806539 0 0
-0.09700169 -0.1634293 -0.03380369 -0.1950586 0.8606774 -0.1103201 -0.1150573 0.8708148 0 0
-0.0856922 -0.1604979 -0.02926171 -0.1835605 0.8457593 -0.1078637 -0.1146203 0.8555499 0 0
-0.08342961 -0.1588138 -0.03057711 -0.181843 0.8341339 -0.1134093 -0.1130448 0.8484815 0 0
-0.08444139 -0.1545744 -0.03162235 -0.1778703 0.8216619 -0.1157171 -0.1098032 0.8411786 0 0
-0.08531698 -0.1504544 -0.03458666 -0.1725511 0.8150995 -0.1136003 -0.1046558 0.8317619 0 0
-0.08835591 -0.1464652 -0.04004385 -0.1745093 0.8052806 -0.06028162 -0.1114296 0.8405833 0 0
-0.09519409 -0.1413778 -0.03749641 -0.1591237 0.7973233 -0.1250977 -0.09786142 0.8233573 0 0
-0.09705443 -0.1338181 -0.03852417 -0.1512369 0.7888678 -0.07203672 -0.0981067 0.8366364 0 0
-0.1110606 -0.1295978 -0.04108714 -0.1520121 0.7830826 -0.07810017 -0.08983443 0.8369412 0 0
-0.1130136 -0.120418 -0.04455596 -0.133172 0.7875081 -0.08525345 -0.07650124 0.8343334 0 0
-0.1170928 -0.1117461 -0.04495711 -0.1201529 0.7810187 -0.08988819 -0.06540176 0.8273078 0 0
-0.1210156 -0.102967 -0.04920237 -0.1014056 0.7755296 -0.1092986 -0.05721725 0.8291429 0 0
-0.1265294 -0.09490146 -0.05289344 -0.090002 0.7753392 -0.1600906 -0.06683493 0.8002425 0 0
-0.133905 -0.08587278 -0.05895343 -0.07916822 0.7700245 -0.123732 -0.03575845 0.8180714 0 0
-0.1426157 -0.07878181 -0.06659283 -0.06581432 0.7612323 -0.1355771 -0.03113242 0.8040435 0 0
-0.1514299 -0.07206894 -0.07410453 -0.05372022 0.7489834 -0.1501179 -0.02487698 0.7986842 0 0
-0.161112 -0.06653971 -0.08808066 -0.04477926 0.7498188 -0.1668982 -0.01532974 0.803 0 0
-0.1708422 -0.06129823 -0.09787485 -0.03718096 0.7374021 -0.1711069 -0.008319184 0.7924167 0 0
-0.1812733 -0.05858736 -0.1044865 -0.03501117 0.7409404 -0.1900365 -0.01356595 0.7760001 0 0
-0.1921349 -0.0558012 -0.1218648 -0.02445487 0.7298995 -0.2200319 -0.03157761 0.7543888 0 0
-0.2008273 -0.05233783 -0.1305848 -0.02029417 0.7233737 -0.209203 -0.002492572 0.7685333 0 0
-0.2086527 -0.05029044 -0.1344839 -0.02249432 0.7291145 -0.2394697 -0.03342199 0.7394865 0 0
-0.2160322 -0.04750895 -0.1417249 -0.01945794 0.7258418 -0.2197918 0.003450462 0.7609444 0 0
-0.2225178 -0.04576713 -0.1514601 -0.01510657 0.7237273 -0.2290571 -0.002288982 0.7540852 0 0
-0.2268993 -0.04135117 -0.1552336 -0.01208516 0.7236487 -0.2617946 -0.02506995 0.7344546 0 0
-0.2308063 -0.03660617 -0.1646327 -0.002511131 0.7180126 -0.2670138 -0.01661437 0.7352989 0 0
-0.2321268 -0.03237098 -0.1681937 -0.005157015 0.7360144 -0.2632866 -0.0165145 0.7311214 0 0
-0.2331345 -0.02793734 -0.1670386 0.003384716 0.7285126 -0.2637725 -0.01298455 0.7302439 0 0
-0.2339552 -0.02577239 -0.1775186 -0.0007827596 0.7440547 -0.2637604 -0.008166926 0.7293824 0 0
-0.2340311 -0.02248112 -0.1777863 0.004063473 0.742541 -0.2638538 -0.004853576 0.7279643 0 0
-0.2346528 -0.0207571 -0.1789969 0.008264963 0.7422802 -0.2632182 -0.00431621 0.7292292 0 0
-0.2346857 -0.01925824 -0.1748739 0.01344079 0.736656 -0.2638585 -0.006698427 0.7295116 0 0
-0.2354013 -0.01806001 -0.1778342 0.01095415 0.7408578 -0.2640079 0.001180714 0.7273793 0 0
-0.2352657 -0.01454982 -0.1728902 0.01381817 0.738598 -0.2631087 0.001821898 0.7253529 0 0
-0.2360525 -0.01342849 -0.1751224 0.01584967 0.7395903 -0.2654246 0.003106515 0.7276789 0 0
-0.2364509 -0.01206799 -0.1766789 0.01695029 0.7406215 -0.2645514 0.005652199 0.7245881 0 0
-0.2361276 -0.01044 -0.1717614 0.01795953 0.7369995 -0.2644223 0.006795939 0.7233273 0 0
-0.2365469 -0.009149497 -0.1726841 0.0220664 0.7359934 -0.264006 0.006930544 0.7239876 0 0
-0.2354362 -0.007941808 -0.1731533 0.0228064 0.7355626 -0.2465961 0.04026429 0.7535 0 0
-0.2337527 -0.008970388 -0.1730124 0.01966196 0.738905 -0.2621623 0.006229251 0.7252399 0 0
-0.2309967 -0.01092196 -0.1686385 0.01740402 0.7378865 -0.2598364 0.007629086 0.7247121 0 0
-0.2266465 -0.01405114 -0.1649423 0.01457562 0.7381684 -0.2527794 0.007054882 0.7189429 0 0
-0.2184996 -0.01862539 -0.1535864 0.008821188 0.7327888 -0.2416091 0.004601994 0.7131315 0 0
-0.2091719 -0.02851642 -0.1456207 0.003882603 0.7230816 -0.2307793 -0.006061051 0.7071025 0 0
-0.1953555 -0.04298809 -0.1345268 -0.02035057 0.7217112 -0.2113172 -0.02058564 0.6996078 0 0
-0.1752528 -0.06110505 -0.101975 -0.05293654 0.6994949 -0.1934326 -0.03277164 0.6882285 0 0
-0.158042 -0.08119427 -0.08875186 -0.075472 0.7013246 -0.172234 -0.05459856 0.680771 0 0
-0.144656 -0.1017249 -0.08296759 -0.08453117 0.7022437 -0.1591072 -0.08015785 0.6711702 0 0
-0.1315604 -0.1221021 -0.07874671 -0.1115808 0.6965941 -0.1363217 -0.09991768 0.6548648 0 0
-0.1166635 -0.1379763 -0.05901485 -0.1346328 0.6856792 -0.1184725 -0.1207851 0.6424131 0 0
-0.1009686 -0.1578516 -0.03677611 -0.1733688 0.6362058 -0.0957312 -0.1324362 0.629294 0 0
-0.1002549 -0.1649332 -0.05705902 -0.1571277 0.6463985 -0.08700898 -0.1503096 0.622125 0 0
-0.1093617 -0.1705801 -0.04347196 -0.1600018 0.6519651 -0.07183442 -0.1547024 0.6363684 0 0
-0.1203692 -0.167888 -0.048366 -0.167523 0.6561188 -0.1391666 -0.1899539 0.6940541 0 0
-0.1308168 -0.1658374 -0.08599934 -0.1803774 0.6889591 -0.101848 -0.2148191 0.7563334 0 0
-0.1336725 -0.1663088 -0.08902356 -0.1825735 0.6964561 -0.1599154 -0.2055338 0.7394 0 0
-0.1357806 -0.1666928 -0.09247634 -0.1838601 0.6984553 -0.109464 -0.2169265 0.7634 0 0
-0.1120057 -0.1836996 -0.09142736 -0.1853516 0.6973487 -0.1051046 -0.213895 0.7518461 0 0
-0.1385044 -0.1674371 -0.0904 -0.1851604 0.703626 -0.1167528 -0.2269005 0.76525 0 0
-0.1399998 -0.1662321 -0.09042851 -0.1858261 0.7067857 -0.1360407 -0.2206805 0.7658182 0 0
-0.1041413 -0.1877299 -0.08978359 -0.1868931 0.7089084 -0.09644663 -0.2020132 0.73025 0 0
-0.1053279 -0.1897081 -0.09014422 -0.1856311 0.7024915 -0.0931325 -0.2027406 0.7368817 0 0
-0.1028753 -0.1900839 -0.08452427 -0.187077 0.7143914 -0.08251959 -0.1950787 0.736 0 0
-0.1030413 -0.1909602 -0.08899433 -0.1879106 0.7160965 -0.08272883 -0.178557 0.712 0 0
-0.1015662 -0.1910377 -0.09238999 -0.189962 0.7148245 -0.07997215 -0.1894345 0.7313334 0 0
-0.1055953 -0.1940667 -0.09463279 -0.1912775 0.7154215 -0.08517097 -0.190734 0.7261254 0 0
-0.1041498 -0.1927162 -0.0949792 -0.1906275 0.7151821 -0.0885224 -0.1928342 0.7255614 0 0
-0.1012863 -0.1952455 -0.09344234 -0.1906022 0.7147135 -0.09226942 -0.1880134 0.7043333 0 0
-0.1030296 -0.1958679 -0.1039787 -0.1921728 0.7057732 -0.1000488 -0.1902012 0.6985 0 0
-0.07985295 -0.2534046 -0.08105718 -0.2488807 0.6630855 -0.07746042 -0.2458121 0.6561219 0 0
-0.1057424 -0.1973809 -0.1066565 -0.1936647 0.7042586 -0.1026803 -0.1916653 0.697 0 0
-0.08029084 -0.2561598 -0.08149239 -0.2516103 0.6643746 -0.07789245 -0.2485079 0.6574242 0 0
-0.08048057 -0.2574893 -0.08168212 -0.252931 0.6657982 -0.07792944 -0.2487627 0.6577021 0 0
-0.07904335 -0.2600128 -0.08026348 -0.2554226 0.6651275 -0.07740874 -0.2500194 0.657735 0 0
-0.07952227 -0.2629319 -0.08093532 -0.2581282 0.6681159 -0.07736038 -0.2533153 0.6595658 0 0
-0.08044932 -0.2666101 -0.08185856 -0.261087 0.6710303 -0.07807469 -0.2587406 0.6628987 0 0
-0.08085988 -0.2682078 -0.08218379 -0.2628498 0.671578 -0.0784772 -0.2603046 0.6635998 0 0
-0.08371545 -0.2711428 -0.08459829 -0.2655566 0.6736978 -0.08126022 -0.2631907 0.6659023 0 0
-0.08514004 -0.2728316 -0.08597971 -0.2674795 0.6744269 -0.0826482 -0.2648465 0.6667413 0 0
-0.08593934 -0.2735016 -0.08674762 -0.2682745 0.6750877 -0.08337455 -0.2653962 0.6671602 0 0
-0.08705932 -0.2744041 -0.08784965 -0.269313 0.6756488 -0.084275 -0.2659678 0.6676034 0 0
-0.08800046 -0.2755651 -0.08888316 -0.270612 0.675756 -0.08513137 -0.2670313 0.6679634 0 0
-0.08895534 -0.2767123 -0.08968617 -0.271656 0.6771749 -0.08619308 -0.2683897 0.6692187 0 0
-0.0905439 -0.2783378 -0.09131414 -0.2733466 0.6777401 -0.0879146 -0.2702552 0.6702581 0 0
-0.09098394 -0.2783616 -0.09185442 -0.2735172 0.6776569 -0.08759378 -0.2693217 0.6696611 0 0
-0.09146801 -0.2786406 -0.09240745 -0.2738591 0.6776769 -0.08786456 -0.2694078 0.6697028 0 0
-0.09184773 -0.2782398 -0.09279352 -0.2735234 0.6780027 -0.08794259 -0.2688992 0.6697847 0 0
-0.09186967 -0.2781364 -0.09276213 -0.2734907 0.6789283 -0.08793665 -0.2688108 0.670203 0 0
-0.09215587 -0.2782703 -0.09301628 -0.2736783 0.679695 -0.08826596 -0.2690379 0.6707518 0 0
-0.09214869 -0.2781328 -0.09299842 -0.2736638 0.6807287 -0.08831788 -0.2690025 0.6713611 0 0
-0.09258851 -0.2783147 -0.09340968 -0.273886 0.6814126 -0.08881041 -0.2693036 0.6720409 0 0
-0.09243985 -0.2785057 -0.09330126 -0.2741668 0.6824193 -0.08880153 -0.2695277 0.6727425 0 0
-0.09218442 -0.2786996 -0.09312709 -0.27447 0.6835732 -0.08874008 -0.2697912 0.6736273 0 0
-0.09231334 -0.2787975 -0.09329548 -0.2745732 0.6840149 -0.08887993 -0.2699167 0.6741301 0 0
-0.09244167 -0.279186 -0.09343812 -0.2749857 0.684883 -0.08910786 -0.270354 0.6749825 0 0
-0.09239364 -0.2792452 -0.09344982 -0.2751316 0.6857922 -0.08915111 -0.2704956 0.6758237 0 0
-0.09236371 -0.2793944 -0.09347399 -0.2753169 0.6865575 -0.08918954 -0.2706858 0.676576 0 0
-0.09287623 -0.2799516 -0.09390721 -0.2758559 0.6874482 -0.08971389 -0.2712877 0.6775714 0 0
-0.09275385 -0.2801233 -0.09386125 -0.2758909 0.6872735 -0.08952516 -0.2712843 0.677424 0 0
-0.09269737 -0.2800198 -0.09383427 -0.2757647 0.6874769 -0.08947072 -0.2711923 0.6776551 0 0
-0.09275584 -0.2799582 -0.09389023 -0.2756391 0.6875085 -0.0894969 -0.2711351 0.6777796 0 0
-0.09252124 -0.2801441 -0.09370176 -0.2758345 0.6879708 -0.08937658 -0.271304 0.6781781 0 0
-0.0926447 -0.2803826 -0.09381626 -0.2760469 0.6882467 -0.08948429 -0.2715056 0.6784854 0 0
-0.09314664 -0.2808554 -0.09427373 -0.2765653 0.688994 -0.08991754 -0.2719794 0.6791958 0 0
-0.09305075 -0.2808513 -0.09418944 -0.276456 0.6887702 -0.08981279 -0.2719131 0.6791154 0 0
-0.09386383 -0.2820508 -0.0948943 -0.2778601 0.6912707 -0.09077874 -0.273