0 0 0 0 0 0 0 0 0 0
0 0 0 0 0 0 0 0 0 0
-0.504505 -0.1305223 -0.4978147 -0.132973 1.07153 -0.5127607 -0.09775142 1.135864 0 0
-0.5079837 -0.1305929 -0.4938921 -0.1324709 1.078529 -0.5548525 -0.1266368 1.1265 0 0
-0.5099235 -0.130795 -0.4974179 -0.1280916 1.087967 -0.5539815 -0.1266147 1.127765 0 0
-0.5080392 -0.1287082 -0.4925318 -0.1249969 1.093755 -0.5452127 -0.1225112 1.1292 0 0
-0.511263 -0.1282026 -0.4902942 -0.1218512 1.100216 -0.5455682 -0.1199957 1.138143 0 0
-0.5121218 -0.1266951 -0.4886273 -0.1152014 1.106659 -0.5461314 -0.1176586 1.146364 0 0
-0.4999114 -0.1166386 -0.4881683 -0.1091721 1.113229 -0.5442652 -0.1136016 1.155823 0 0
-0.4943015 -0.1034888 -0.4861344 -0.102817 1.115349 -0.5595039 -0.1096777 1.195895 0 0
-0.4983413 -0.1057132 -0.4853184 -0.09667532 1.123288 -0.5402666 -0.10229 1.165588 0 0
-0.4926582 -0.09499363 -0.4828714 -0.0909682 1.128739 -0.5585053 -0.1034735 1.206555 0 0
-0.4914245 -0.09273052 -0.481801 -0.08663612 1.134593 -0.5358351 -0.09537624 1.1775 0 0
-0.4906922 -0.08988198 -0.4829618 -0.08291791 1.137591 -0.5489242 -0.09823778 1.213143 0 0
-0.4905312 -0.08769511 -0.4805925 -0.07990243 1.141451 -0.5533265 -0.09310882 1.218 0 0
-0.4906211 -0.08436088 -0.4787919 -0.07606104 1.142363 -0.5476243 -0.09102038 1.21328 0 0
-0.4912851 -0.08175396 -0.4801219 -0.07296208 1.145001 -0.549228 -0.08643997 1.217667 0 0
-0.4930008 -0.08001367 -0.4814634 -0.06977066 1.146167 -0.5538003 -0.08882146 1.228077 0 0
-0.4939075 -0.07791446 -0.482129 -0.06854781 1.147863 -0.5490096 -0.08739279 1.220801 0 0
-0.4946412 -0.07665503 -0.4819425 -0.0685316 1.148439 -0.5504301 -0.08683938 1.224739 0 0
-0.4957163 -0.07515285 -0.4842374 -0.06534497 1.149006 -0.5529717 -0.08196069 1.223377 0 0
-0.4976882 -0.07399868 -0.4858747 -0.06287764 1.151119 -0.5583457 -0.08273933 1.236462 0 0
-0.4994341 -0.07290592 -0.4838981 -0.06154079 1.149394 -0.54975 -0.06899261 1.211727 0 0
-0.4905413 -0.05686002 -0.4887387 -0.05374042 1.146535 -0.5065465 -0.04640758 1.157 0 0
-0.4906391 -0.0530894 -0.4880952 -0.05056341 1.14503 -0.5086485 -0.03986404 1.157415 0 0
-0.4915308 -0.05043079 -0.4876667 -0.04741808 1.144025 -0.5051703 -0.0387361 1.156934 0 0
-0.492588 -0.04914451 -0.4901176 -0.04735812 1.142508 -0.5253661 -0.04860653 1.172667 0 0
-0.4942127 -0.04687819 -0.4926614 -0.04336303 1.146 -0.5098627 -0.03662558 1.158545 0 0
-0.4935496 -0.0468884 -0.4917941 -0.04328718 1.143996 -0.5099177 -0.03298664 1.1593 0 0
-0.5089667 -0.06188462 -0.4903455 -0.04528284 1.148503 -0.565318 -0.07544959 1.23479 0 0
-0.5046934 -0.06021287 -0.4895708 -0.04560769 1.148291 -0.5538842 -0.05666049 1.212529 0 0
-0.5300394 -0.0848803 -0.4952132 -0.04627615 1.156667 -0.5525542 -0.05682054 1.2011 0 0
-0.5305343 -0.1032365 -0.4844582 -0.0478645 1.168689 -0.5589114 -0.064999 1.227362 0 0
-0.4986879 -0.03949017 -0.4971783 -0.03503395 1.144465 -0.530775 -0.0422467 1.1705 0 0
-0.5008214 -0.03649352 -0.4988628 -0.03404347 1.145961 -0.5295271 -0.03484355 1.169776 0 0
-0.5288823 -0.08549695 -0.4957089 -0.03839028 1.159452 -0.55622 -0.0436159 1.21825 0 0
-0.520261 -0.05108333 -0.4975423 -0.02960647 1.148145 -0.5500059 -0.04280114 1.187875 0 0
-0.519094 -0.04465017 -0.4996854 -0.02476597 1.147534 -0.557895 -0.04403182 1.208071 0 0
-0.5240527 -0.05084779 -0.4996533 -0.02348095 1.147892 -0.5532643 -0.03828492 1.1872 0 0
-0.5273823 -0.05430763 -0.5013626 -0.0221725 1.147958 -0.5572206 -0.03694316 1.191397 0 0
-0.531123 -0.0618984 -0.5013109 -0.02718036 1.156325 -0.5610364 -0.03312381 1.2165 0 0
-0.5322165 -0.06243612 -0.5001897 -0.02513139 1.155421 -0.5598484 -0.03512241 1.205729 0 0
-0.5356185 -0.0660111 -0.5016465 -0.02347104 1.157477 -0.5643353 -0.03429665 1.216158 0 0
-0.539369 -0.07128787 -0.5037253 -0.02270985 1.159536 -0.5623173 -0.03527085 1.206687 0 0
-0.5418133 -0.07378858 -0.5050913 -0.02381767 1.162098 -0.5678901 -0.03182296 1.218733 0 0
-0.5436118 -0.07399112 -0.5058864 -0.02406934 1.165324 -0.5648965 -0.02735666 1.2173 0 0
-0.5450428 -0.07594727 -0.4995797 -0.0216569 1.166903 -0.5628948 -0.03034103 1.206424 0 0
-0.550736 -0.09963511 -0.5664562 -0.1669639 1.220497 -0.5230501 -0.1729399 1.272944 0 0
-0.5528431 -0.08462492 -0.5096911 -0.04181872 1.176969 -0.5676474 -0.03057346 1.200706 0 0
-0.5511099 -0.07010924 -0.4999309 -0.01719843 1.164837 -0.5691215 -0.02785061 1.199734 0 0
-0.5506563 -0.06695842 -0.4925514 -0.01817629 1.168691 -0.5680388 -0.03033922 1.200308 0 0
-0.5486456 -0.06424465 -0.4908199 -0.01678451 1.170033 -0.568224 -0.02974175 1.197727 0 0
-0.548279 -0.06319293 -0.5073562 -0.01683747 1.173578 -0.5683514 -0.03020672 1.199813 0 0
-0.5198282 0.005110493 -0.5155792 0.01614987 1.143896 -0.5640987 -0.01563972 1.169727 0 0
-0.5155343 0.007305722 -0.5086945 0.01767536 1.142421 -0.5561824 -0.004170681 1.16675 0 0
-0.5134273 0.009137282 -0.4980869 0.0168869 1.14121 -0.557815 -0.01145493 1.167757 0 0
-0.509553 0.01107723 -0.4886439 0.01707187 1.143399 -0.5520994 -0.009195444 1.165769 0 0
-0.5074281 0.01067962 -0.485469 0.02696581 1.142508 -0.544376 -0.006306107 1.158714 0 0
-0.5087371 0.004223221 -0.4721912 0.02390726 1.144061 -0.5213425 0.02611785 1.168182 0 0
-0.5030767 0.003143596 -0.4620313 0.02519807 1.146502 -0.4985078 0.03788964 1.16553 0 0
-0.497767 0.001674168 -0.4578255 0.0354398 1.149452 -0.5274887 0.003413446 1.165937 0 0
-0.4905722 0.009641118 -0.4446554 0.03348024 1.152838 -0.5167275 0.008790833 1.160111 0 0
-0.4803852 0.01790633 -0.4377885 0.04278347 1.151191 -0.5115641 0.01190762 1.160846 0 0
-0.4716314 0.03154295 -0.4299695 0.0429377 1.155223 -0.4793814 0.03416749 1.166455 0 0
-0.4583572 0.04099206 -0.4188102 0.04587707 1.150254 -0.455812 0.04944574 1.172429 0 0
-0.4451655 0.04284151 -0.4095138 0.0490037 1.150284 -0.4475511 0.05304434 1.171333 0 0
-0.4285906 0.04295886 -0.3989973 0.05197328 1.146814 -0.4451488 0.04752351 1.17075 0 0
-0.4173826 0.04151205 -0.3864139 0.05340512 1.143852 -0.4269135 0.05759199 1.167318 0 0
-0.4314696 0.02038825 -0.3733476 0.04592499 1.150604 -0.4055903 0.03260928 1.207875 0 0
-0.4278474 0.01456697 -0.3605282 0.05490975 1.142432 -0.4194001 0.06069815 1.190364 0 0
-0.4234715 0.01270777 -0.3686432 0.03668566 1.174179 -0.4052839 0.06207542 1.184429 0 0
-0.4168033 0.01558975 -0.3646469 0.04714193 1.177002 -0.3968267 0.06834918 1.188083 0 0
-0.4110773 0.01835265 -0.3540622 0.03905917 1.179177 -0.4029474 0.0642854 1.192632 0 0
-0.405699 0.02296244 -0.3491929 0.0437998 1.179723 -0.3779968 0.07159092 1.18532 0 0
-0.3984195 0.0287669 -0.3392389 0.04916906 1.176929 -0.4337948 0.04406305 1.171029 0 0
-0.3954338 0.03168684 -0.3193332 0.04997888 1.170488 -0.3876831 0.07425889 1.206143 0 0
-0.3971037 0.03099531 -0.3266979 0.06903499 1.178413 -0.4333122 0.06333911 1.195308 0 0
-0.3934463 0.03670039 -0.3236038 0.07045399 1.179382 -0.4299772 0.0738939 1.190931 0 0
-0.3892712 0.04354188 -0.3149078 0.06243397 1.177061 -0.4239623 0.08221 1.192457 0 0
-0.3861606 0.05132948 -0.3108652 0.06942408 1.172969 -0.4220221 0.09379358 1.197185 0 0
-0.3826891 0.05948746 -0.3085428 0.08647037 1.181484 -0.420746 0.100677 1.203231 0 0
-0.3801171 0.06531183 -0.3040483 0.09682689 1.183908 -0.4125192 0.1074091 1.198229 0 0
-0.3761736 0.0719265 -0.2988806 0.09350717 1.181515 -0.4055018 0.1144647 1.195842 0 0
-0.3726771 0.07903103 -0.2949207 0.09760687 1.177664 -0.4023543 0.1217435 1.196563 0 0
-0.3716476 0.08557701 -0.2931391 0.1045571 1.175731 -0.3698947 0.1336785 1.1646 0 0
-0.3715308 0.09319211 -0.2930146 0.1098022 1.177446 -0.3707154 0.1402802 1.162248 0 0
-0.3702357 0.1015102 -0.2942557 0.121294 1.176681 -0.399656 0.1471121 1.209357 0 0
-0.3710325 0.1104375 -0.2947735 0.1310628 1.174384 -0.3999152 0.1569867 1.2066 0 0
-0.3748538 0.1203898 -0.2959407 0.142115 1.173468 -0.3995629 0.1620141 1.193204 0 0
-0.3756995 0.1304178 -0.2995815 0.1575776 1.170589 -0.4072919 0.1764575 1.208667 0 0
-0.3793164 0.1415432 -0.3033857 0.1751301 1.16968 -0.4145997 0.1859482 1.207546 0 0
-0.3837291 0.1504807 -0.3083564 0.1849394 1.171667 -0.4035898 0.1973085 1.183464 0 0
-0.3875265 0.1598117 -0.314601 0.1961702 1.171137 -0.4110277 0.2040705 1.184731 0 0
-0.3906469 0.1669741 -0.3191869 0.2068691 1.171589 -0.4204761 0.2100618 1.188533 0 0
-0.3941182 0.1731122 -0.3233682 0.2190346 1.176298 -0.4315904 0.2109829 1.196077 0 0
-0.3987032 0.1814794 -0.3289182 0.2289395 1.177485 -0.4231351 0.2198423 1.175816 0 0
-0.4016402 0.190366 -0.3358892 0.2380746 1.180219 -0.4198375 0.23429 1.16308 0 0
-0.4072894 0.1968257 -0.3430044 0.2470724 1.181701 -0.4611214 0.2115551 1.213952 0 0
-0.4131068 0.2017694 -0.3519939 0.2515551 1.180869 -0.4395729 0.2370557 1.171848 0 0
-0.4183236 0.2050244 -0.3609689 0.2547252 1.180778 -0.4529031 0.238067 1.185 0 0
-0.4271186 0.1888903 -0.3798418 0.2520595 1.178136 -0.4581462 0.1987417 1.170975 0 0
-0.4286784 0.2082613 -0.3797664 0.2547151 1.175692 -0.4509576 0.244291 1.148379 0 0
-0.4348364 0.207434 -0.3949863 0.2513153 1.167632 -0.4551359 0.2443958 1.136652 0 0
-0.4433278 0.2054185 -0.4100119 0.2496191 1.157595 -0.4655102 0.2404 1.12724 0 0
-0.4526366 0.205825 -0.4136628 0.2540007 1.153825 -0.4973967 0.2329302 1.191091 0 0
-0.4620623 0.2115408 -0.4256746 0.2653246 1.14092 -0.5058289 0.2345823 1.157808 0 0
-0.4727472 0.1979358 -0.4467546 0.2667893 1.123068 -0.5080052 0.1960558 1.1308 0 0
-0.4802542 0.1976353 -0.4588922 0.2649776 1.113492 -0.5065501 0.2227648 1.144222 0 0
-0.4888682 0.1936597 -0.4723874 0.2593652 1.107506 -0.519376 0.2023124 1.136067 0 0
-0.4998653 0.1866203 -0.4854 0.2547382 1.096576 -0.5307513 0.1913704 1.131438 0 0
-0.5063151 0.183005 -0.4948792 0.2494694 1.093342 -0.5342793 0.1853176 1.123 0 0
-0.5090351 0.1855291 -0.5052125 0.2510972 1.083918 -0.5366475 0.159733 1.11485 0 0
-0.5090191 0.182817 -0.5084918 0.2467798 1.08109 -0.5361572 0.1554405 1.111609 0 0
-0.5116264 0.2311921 -0.5094646 0.2486519 1.072204 -0.532601 0.2335175 1.092231 0 0
-0.5144258 0.230456 -0.5098618 0.2464304 1.071037 -0.5328861 0.2333335 1.091356 0 0
-0.5124084 0.2278949 -0.5129146 0.2450997 1.065013 -0.5363142 0.2334681 1.09188 0 0
-0.5114529 0.1716071 -0.5042309 0.2381347 1.069263 -0.5662637 0.1523163 1.1086 0 0
-0.5070146 0.1689815 -0.5035597 0.239877 1.066838 -0.5627418 0.1536836 1.107813 0 0
-0.5020629 0.1712894 -0.5014784 0.2403643 1.063732 -0.5471616 0.1422596 1.101437 0 0
-0.4981807 0.1698821 -0.5049667 0.2381841 1.066495 -0.5461047 0.140619 1.099571 0 0
-0.4941364 0.1734913 -0.4979344 0.2430319 1.059929 -0.5465515 0.1463416 1.098616 0 0
-0.4901358 0.1733407 -0.4967081 0.2423796 1.060931 -0.544436 0.1515252 1.097417 0 0
-0.4830095 0.1711685 -0.4882416 0.2387358 1.060176 -0.533646 0.1479192 1.093762 0 0
-0.4766363 0.1741455 -0.4830028 0.2418884 1.057407 -0.5290388 0.1507532 1.089048 0 0
-0.4707004 0.1804392 -0.4760343 0.2475034 1.053713 -0.5277728 0.1606495 1.088154 0 0
-0.4623934 0.182203 -0.4717712 0.2489509 1.056923 -0.5145621 0.1542133 1.0873 0 0
-0.4545804 0.1836353 -0.4610658 0.2486605 1.055151 -0.5094681 0.1575215 1.08785 0 0
-0.4458715 0.1823045 -0.4514424 0.2509079 1.054538 -0.5022901 0.1549015 1.09425 0 0
-0.433289 0.1760061 -0.4426787 0.24514 1.06125 -0.4955226 0.1590311 1.0975 0 0
-0.4237072 0.1767042 -0.4304935 0.2456786 1.061825 -0.4818787 0.1598803 1.088412 0 0
-0.4135886 0.1750977 -0.4198792 0.2439647 1.066053 -0.4746309 0.1576113 1.102 0 0
-0.4013074 0.1701755 -0.4003204 0.2379735 1.070876 -0.4565171 0.158295 1.0949 0 0
-0.3906389 0.1695862 -0.3928738 0.2388508 1.072184 -0.4463186 0.1614089 1.089409 0 0
-0.3789646 0.1704472 -0.3804079 0.2392576 1.076519 -0.4356667 0.1626437 1.084111 0 0
-0.3699886 0.170435 -0.3701182 0.2396744 1.079821 -0.4215297 0.1574873 1.0878 0 0
-0.3604947 0.1729242 -0.3605576 0.2421914 1.080251 -0.4159788 0.1652039 1.089316 0 0
-0.35108 0.1736559 -0.3515353 0.2426228 1.079726 -0.405856 0.1660056 1.087176 0 0
-0.3424945 0.1741602 -0.3435737 0.2438035 1.083363 -0.3950405 0.1627965 1.0862 0 0
-0.3343915 0.1744728 -0.3325322 0.244632 1.086258 -0.3904675 0.1681902 1.088385 0 0
-0.3268897 0.1745512 -0.3206879 0.2449977 1.087485 -0.3829848 0.1670526 1.092929 0 0
-0.3206273 0.1869821 -0.3135347 0.2467821 1.091194 -0.3747683 0.1863092 1.098435 0 0
-0.3127863 0.1895404 -0.3077604 0.2492629 1.090998 -0.3705751 0.1720287 1.092229 0 0
-0.3058904 0.1890214 -0.3001647 0.2494953 1.093066 -0.351816 0.2024945 1.097375 0 0
-0.2986648 0.1886251 -0.2869586 0.247902 1.095397 -0.3469485 0.1676348 1.08236 0 0
-0.2932074 0.1846187 -0.2816323 0.2433717 1.101739 -0.3487336 0.171189 1.101118 0 0
-0.2878585 0.1807131 -0.274011 0.2384749 1.106816 -0.3389043 0.1914087 1.108611 0 0
-0.2819284 0.1806916 -0.2656253 0.2394561 1.109717 -0.3300516 0.1826138 1.096708 0 0
-0.2757214 0.1759995 -0.2534481 0.2337496 1.111564 -0.3170643 0.1973205 1.111375 0 0
-0.2693006 0.1772828 -0.2443476 0.2344061 1.109739 -0.3068111 0.1989431 1.114087 0 0
-0.2639578 0.1731285 -0.2359752 0.2314672 1.111121 -0.3009762 0.1947152 1.128621 0 0
-0.2592206 0.169202 -0.2291832 0.2286471 1.114429 -0.2988035 0.1896156 1.131953 0 0
-0.2549888 0.1662741 -0.2238776 0.2247704 1.117676 -0.2924575 0.1919324 1.149 0 0
-0.2510609 0.1634759 -0.2169974 0.2208582 1.118268 -0.2821712 0.1919232 1.129958 0 0
-0.2472346 0.1609939 -0.2119966 0.2206621 1.117263 -0.2713752 0.1955713 1.12112 0 0
-0.2449104 0.1525994 -0.2050794 0.2078245 1.120214 -0.2784747 0.1772767 1.125 0 0
-0.242004 0.1460141 -0.1974114 0.203744 1.121251 -0.2730572 0.173907 1.129647 0 0
-0.2370414 0.1389059 -0.1945036 0.1991161 1.125531 -0.2750084 0.1556488 1.102857 0 0
-0.2316105 0.1243104 -0.1822432 0.1805091 1.13164 -0.2599071 0.1524137 1.1234 0 0
-0.2228271 0.1123219 -0.1750432 0.170095 1.131984 -0.2634708 0.1450286 1.13025 0 0
-0.2113588 0.09963433 -0.1558801 0.1546074 1.126905 -0.24026 0.1317724 1.113542 0 0
-0.2053166 0.08880614 -0.1467353 0.1302077 1.130144 -0.2247063 0.1262411 1.120667 0 0
-0.205301 0.08437842 -0.1447265 0.1200553 1.130908 -0.223526 0.1200841 1.113885 0 0
-0.205568 0.08609607 -0.1416012 0.1195603 1.129057 -0.2168463 0.1186761 1.089701 0 0
-0.2063154 0.08851358 -0.141468 0.1231235 1.131483 -0.2131945 0.1264857 1.1775 0 0
-0.2079543 0.08895148 -0.1446792 0.1236108 1.130869 -0.2147543 0.1276355 1.1793 0 0
-0.2077605 0.08848852 -0.1445208 0.1229669 1.129387 -0.2201602 0.1279269 1.097057 0 0
-0.2081602 0.08647801 -0.1441916 0.1192819 1.127809 -0.2248982 0.1252507 1.106043 0 0
-0.2091476 0.08519316 -0.1436025 0.1174801 1.125668 -0.230151 0.1236776 1.11385 0 0
-0.2093027 0.08471861 -0.1439683 0.1173391 1.126156 -0.2257119 0.1257047 1.106071 0 0
-0.2081104 0.08478479 -0.1445386 0.1155601 1.124361 -0.227761 0.1243642 1.106501 0 0
-0.2081104 0.08478479 -0.1445386 0.1155601 1.124361 -0.227761 0.1243642 1.106501 0 0
-0.2088055 0.08463227 -0.1435724 0.1159561 1.125952 -0.2192732 0.1252782 1.095474 0 0
-0.2100533 0.08332971 -0.1432161 0.1154353 1.125629 -0.223675 0.1255551 1.10251 0 0
-0.209874 0.082049 -0.1443803 0.1142259 1.126264 -0.2231267 0.1249127 1.101221 0 0
-0.2102586 0.0815112 -0.1446829 0.1133077 1.125079 -0.2224508 0.1252232 1.101158 0 0
-0.2092323 0.08184802 -0.1438835 0.1137337 1.126034 -0.2191176 0.1227234 1.093441 0 0
-0.2099979 0.08110107 -0.1429163 0.1103178 1.125182 -0.2180782 0.1217638 1.092048 0 0
-0.2103432 0.08079627 -0.1446939 0.1104347 1.124814 -0.2258349 0.1219323 1.10286 0 0
-0.2103701 0.08018408 -0.1445786 0.1103484 1.123882 -0.2223104 0.1237689 1.099728 0 0
-0.2093711 0.08019185 -0.1438358 0.1090683 1.122447 -0.2174613 0.1137532 1.081179 0 0
-0.209166 0.07879896 -0.1440291 0.105246 1.116643 -0.2172461 0.1134867 1.080169 0 0
-0.2093811 0.077773 -0.1444044 0.101487 1.11524 -0.2180815 0.1099074 1.080075 0 0
-0.2092128 0.07669411 -0.1442457 0.09891004 1.11202 -0.2153298 0.1137993 1.081706 0 0
-0.2073358 0.07640892 -0.1396997 0.09677224 1.109809 -0.2145808 0.113052 1.079264 0 0
-0.2069091 0.07642295 -0.1396759 0.09605928 1.11004 -0.2132711 0.1131508 1.076887 0 0
-0.2069585 0.07592742 -0.1418371 0.09449425 1.106247 -0.2121178 0.1133861 1.07506 0 0
-0.2069585 0.07592742 -0.1418371 0.09449425 1.106247 -0.2121178 0.1133861 1.07506 0 0
-0.2077498 0.07515697 -0.1393166 0.08935218 1.106088 -0.2131493 0.1139062 1.077558 0 0
-0.2103004 0.06172148 -0.1408583 0.09102125 1.104819 -0.2243347 0.1101892 1.081189 0 0
-0.2098273 0.06287332 -0.1400017 0.08865967 1.102598 -0.2263366 0.1118813 1.084498 0 0
-0.2127673 0.06183922 -0.1426968 0.0902708 1.095898 -0.2297351 0.1081707 1.076 0 0
-0.2160563 0.06282242 -0.1455349 0.09090126 1.085799 -0.2355981 0.1086317 1.068959 0 0
-0.2205488 0.06356377 -0.1504831 0.09451988 1.074764 -0.2500038 0.1021087 1.061077 0 0
-0.2297947 0.06384192 -0.1563912 0.09321804 1.068936 -0.2603528 0.1004314 1.053 0 0
-0.2434274 0.06124647 -0.1722246 0.09509173 1.055557 -0.2747254 0.09738947 1.04756 0 0
-0.2533577 0.06153869 -0.1822591 0.09664946 1.04453 -0.2874787 0.0930305 1.0348 0 0
-0.2656619 0.05937698 -0.200028 0.09925283 1.034603 -0.3036336 0.09150504 1.032737 0 0
-0.2792817 0.05791872 -0.2154585 0.1037796 1.023136 -0.3214657 0.07981534 1.022913 0 0
-0.2947918 0.05686699 -0.2341842 0.1076691 1.011861 -0.3424086 0.07325634 1.022739 0 0
-0.3109879 0.05581933 -0.2469798 0.1066445 0.9997838 -0.3565763 0.07880862 1.016187 0 0
-0.3210798 0.05781403 -0.2685871 0.1113328 0.988645 -0.3700803 0.07877288 1.024167 0 0
-0.3355297 0.05970547 -0.2838004 0.1091623 0.9857011 -0.384091 0.06166017 1.008 0 0
-0.3355297 0.05970547 -0.2838004 0.1091623 0.9857011 -0.384091 0.06166017 1.008 0 0
-0.3482752 0.05929749 -0.3043401 0.1125517 0.9848948 -0.3593969 0.09491152 1.017462 0 0
-0.3599868 0.05904708 -0.3274001 0.1185859 0.982634 -0.4038055 0.0498787 1.008353 0 0
-0.3694683 0.06217946 -0.347271 0.1251932 0.9800126 -0.4124686 0.04830406 1.011011 0 0
-0.3792348 0.06333239 -0.3583581 0.1284305 0.9825437 -0.422364 0.05514724 1.0135 0 0
-0.3896105 0.06612916 -0.3665121 0.1311847 0.9801286 -0.4392573 0.0668616 1.016643 0 0
-0.3950155 0.07108554 -0.3770488 0.1376738 0.9822471 -0.4420157 0.07066341 1.018333 0 0
-0.3991378 0.07563994 -0.3840663 0.1417141 0.9871798 -0.450184 0.07158235 1.02275 0 0
-0.3998214 0.07869122 -0.3880943 0.1475793 0.9906607 -0.4504423 0.07123435 1.02285 0 0
-0.402591 0.08371932 -0.3931062 0.155999 0.9973003 -0.4526709 0.0803142 1.026364 0 0
-0.4022459 0.08956703 -0.3909688 0.1638295 1.006117 -0.4596851 0.09046509 1.0336 0 0
-0.4021968 0.1052599 -0.3963143 0.1728955 1.012729 -0.4516984 0.1129274 1.057714 0 0
-0.4003111 0.1111581 -0.3856486 0.1787918 1.010028 -0.4194596 0.1618758 1.029889 0 0
-0.3976091 0.111198 -0.3831292 0.1859914 1.018859 -0.4551754 0.1074957 1.0465 0 0
-0.3923374 0.1081824 -0.3763463 0.1856047 1.02037 -0.445257 0.1052148 1.042789 0 0
-0.388869 0.112391 -0.3717201 0.1890376 1.025661 -0.4428238 0.1129311 1.049842 0 0
-0.3801461 0.1097141 -0.3638152 0.1862669 1.02668 -0.4331364 0.1131297 1.047 0 0
-0.367442 0.1186152 -0.3555425 0.1949369 1.029058 -0.4194587 0.114242 1.04675 0 0
-0.3551444 0.1173308 -0.3372459 0.1929215 1.03012 -0.4128034 0.1176791 1.055077 0 0
-0.3434265 0.110676 -0.3280903 0.1883838 1.035157 -0.3994779 0.1156547 1.056 0 0
-0.3308865 0.1081104 -0.313341 0.1873749 1.039768 -0.3790801 0.1156393 1.046192 0 0
-0.3192496 0.1046934 -0.2929151 0.1842342 1.038548 -0.3709939 0.1201933 1.050294 0 0
-0.3094282 0.09797397 -0.2744579 0.1690594 1.045328 -0.3623653 0.1226442 1.055417 0 0
-0.3008367 0.09139486 -0.2679551 0.1667082 1.048211 -0.3466271 0.1123657 1.050591 0 0
-0.2960492 0.08364034 -0.2547987 0.1541611 1.056477 -0.3423902 0.1080073 1.059867 0 0
-0.29267 0.0800945 -0.2480952 0.1497265 1.060923 -0.3391181 0.1172578 1.078364 0 0
-0.2906621 0.07827996 -0.2437034 0.1479657 1.067608 -0.3364769 0.1109191 1.093333 0 0
-0.2888746 0.07812862 -0.2396193 0.1462356 1.071499 -0.333313 0.1193787 1.086875 0 0
-0.2882662 0.08217739 -0.2462752 0.1478199 1.076543 -0.3316293 0.1233029 1.077273 0 0
-0.2932744 0.08459648 -0.2491608 0.1521012 1.07841 -0.3383932 0.1141789 1.079253 0 0
-0.3002344 0.08985534 -0.2487595 0.1532189 1.07702 -0.3494503 0.1293193 1.077941 0 0
-0.3068481 0.09982701 -0.2655183 0.1675972 1.074193 -0.358727 0.1241508 1.074833 0 0
-0.3141181 0.1059281 -0.2752828 0.1734622 1.074078 -0.369572 0.133886 1.076857 0 0
-0.3205284 0.1096447 -0.2871762 0.1788337 1.069755 -0.3745959 0.1234563 1.069688 0 0
-0.3254994 0.1123357 -0.2972623 0.1849514 1.067169 -0.3777282 0.1215743 1.074687 0 0
-0.3302019 0.1139381 -0.3037361 0.1869831 1.06499 -0.3805087 0.1205739 1.075421 0 0
-0.3336305 0.1209009 -0.3090596 0.1941349 1.060039 -0.3882365 0.1267349 1.074 0 0
-0.3327869 0.1207687 -0.3078999 0.1939915 1.061345 -0.3916483 0.1323407 1.071357 0 0
-0.3287552 0.1188267 -0.3023077 0.1910372 1.063453 -0.3839324 0.1257707 1.073247 0 0
-0.3233326 0.1186964 -0.2983194 0.1917327 1.066474 -0.3784323 0.1279781 1.075439 0 0
-0.3165635 0.1186816 -0.2859058 0.1929246 1.068252 -0.3663219 0.1286572 1.076954 0 0
-0.3082382 0.1180881 -0.2734245 0.1929256 1.069884 -0.3606265 0.1334057 1.07679 0 0
-0.3007406 0.1146544 -0.2607976 0.1867138 1.070193 -0.3496582 0.1374897 1.077722 0 0
-0.2954523 0.107281 -0.2505791 0.1784009 1.073727 -0.3411796 0.1334813 1.08275 0 0
-0.2912068 0.102412 -0.2447597 0.1734945 1.076571 -0.3319546 0.1310984 1.083812 0 0
-0.290631 0.1014443 -0.243 0.1704756 1.078582 -0.329904 0.1351097 1.086333 0 0
-0.292939 0.1008139 -0.248189 0.1702683 1.079654 -0.3421215 0.1333665 1.090796 0 0
-0.296518 0.1016026 -0.2567575 0.1704343 1.079616 -0.3440548 0.1273789 1.078052 0 0
-0.3048068 0.105924 -0.2667913 0.1744125 1.077827 -0.3568791 0.1307796 1.077118 0 0
-0.3130945 0.1108884 -0.2802026 0.1797373 1.075029 -0.3651996 0.1242159 1.078087 0 0
-0.3177788 0.1100518 -0.2912214 0.1818764 1.068639 -0.3710859 0.1202127 1.0724 0 0
-0.3181072 0.1121621 -0.2982359 0.1867358 1.06794 -0.3662955 0.1212315 1.076077 0 0
-0.3160509 0.1143706 -0.2915282 0.1871775 1.069115 -0.3691882 0.1256431 1.080113 0 0
-0.3077899 0.1140138 -0.2838255 0.1873764 1.073133 -0.3617428 0.1242817 1.07635 0 0
-0.3011333 0.1134035 -0.2672382 0.1876912 1.07464 -0.3495901 0.1305867 1.085727 0 0
-0.2923887 0.1108322 -0.254287 0.1858851 1.077626 -0.3390643 0.1307159 1.080824 0 0
-0.2879768 0.1034729 -0.2490913 0.1754061 1.087839 -0.3299014 0.1366528 1.1044 0 0
-0.2828765 0.09954851 -0.2453434 0.1743556 1.092915 -0.3232831 0.1314449 1.108125 0 0
-0.2788092 0.1023947 -0.2305832 0.1766391 1.088442 -0.3116627 0.1380777 1.117 0 0
-0.2763414 0.1001676 -0.2335552 0.1745306 1.093753 -0.3055761 0.1366495 1.1205 0 0
-0.2749729 0.1040885 -0.2272913 0.1767623 1.089117 -0.3142421 0.1368176 1.116397 0 0
-0.274238 0.1050726 -0.2279301 0.1756117 1.090387 -0.3143625 0.1326334 1.120633 0 0
-0.2745309 0.1034501 -0.2277487 0.1728059 1.08805 -0.3079036 0.1344163 1.123778 0 0
-0.2751023 0.1031931 -0.2258842 0.173604 1.08493 -0.3134877 0.1346134 1.116431 0 0
-0.2749425 0.1014066 -0.2241259 0.1713998 1.083212 -0.3200951 0.1301136 1.114995 0 0
-0.2739685 0.1010179 -0.227823 0.1714819 1.084467 -0.3097991 0.1294877 1.098846 0 0
-0.2741657 0.1011804 -0.2281979 0.1717649 1.086237 -0.3072695 0.1347215 1.117878 0 0
-0.2745762 0.101279 -0.2285781 0.1720511 1.088083 -0.305564 0.1388572 1.1382 0 0
-0.2738803 0.1009842 -0.2280883 0.1722828 1.085703 -0.311016 0.1396676 1.117167 0 0
-0.2751561 0.1010544 -0.230832 0.1725857 1.086828 -0.3257029 0.1245018 1.104 0 0
-0.2766306 0.1016334 -0.2386967 0.1724508 1.08848 -0.3231025 0.1209634 1.092188 0 0
-0.2816994 0.1013323 -0.2398895 0.1703257 1.083209 -0.329233 0.1270269 1.079529 0 0
-0.2856966 0.101773 -0.2464258 0.169995 1.081269 -0.3338345 0.1233599 1.079905 0 0
-0.2877274 0.105554 -0.2529756 0.172287 1.08228 -0.3378252 0.1239478 1.075211 0 0
-0.2886159 0.1067748 -0.2569869 0.1766377 1.078751 -0.3373138 0.118018 1.077875 0 0
-0.2894076 0.1063628 -0.2566601 0.1755667 1.077324 -0.3373479 0.1223908 1.078608 0 0
-0.2868318 0.1064578 -0.2570499 0.1763985 1.079067 -0.3372756 0.1204327 1.073167 0 0
-0.2859319 0.1070924 -0.2553688 0.1766698 1.079608 -0.333929 0.120748 1.079169 0 0
-0.2860142 0.1072052 -0.2553532 0.1770606 1.078755 -0.3338669 0.1223352 1.080822 0 0
-0.2862211 0.1088212 -0.2533742 0.1794608 1.077386 -0.3346207 0.1289213 1.0884 0 0
-0.2873448 0.1092315 -0.254404 0.1800961 1.077369 -0.341696 0.1299695 1.087833 0 0
-0.2877522 0.1087255 -0.254305 0.1800265 1.076953 -0.3391603 0.1290922 1.090266 0 0
-0.2862228 0.1077715 -0.2525141 0.1796335 1.07645 -0.3374572 0.125687 1.083272 0 0
-0.2824653 0.108113 -0.2522511 0.1813385 1.077139 -0.334004 0.1234825 1.079704 0 0
-0.2784303 0.1065282 -0.2425368 0.179937 1.075949 -0.3265875 0.1215942 1.077167 0 0
-0.2784303 0.1065282 -0.2425368 0.179937 1.075949 -0.3265875 0.1215942 1.077167 0 0
-0.2767496 0.1019297 -0.2383966 0.1745884 1.08116 -0.3242632 0.1195071 1.078267 0 0
-0.2785009 0.101075 -0.2445167 0.1749763 1.085044 -0.3237258 0.1178152 1.077526 0 0
-0.2818588 0.1001118 -0.2511476 0.1733297 1.087417 -0.3304291 0.1206274 1.082663 0 0
-0.282912 0.1026266 -0.2500668 0.1752944 1.083644 -0.3501701 0.1256159 1.11 0 0
-0.2818202 0.1023763 -0.2505458 0.1748644 1.083131 -0.3305781 0.120088 1.081529 0 0
-0.2779189 0.09948599 -0.2333958 0.1713146 1.082061 -0.3211455 0.1278903 1.091945 0 0
-0.2704331 0.09724678 -0.2260928 0.1689878 1.08473 -0.3093141 0.1281825 1.1101 0 0
-0.268406 0.09441195 -0.2229725 0.1679689 1.089475 -0.297541 0.1327049 1.14375 0 0
-0.2678968 0.08943991 -0.2262866 0.163026 1.095981 -0.3033953 0.1209947 1.124429 0 0
-0.2689428 0.09178235 -0.2200602 0.1641047 1.091799 -0.3109961 0.1166125 1.109334 0 0
-0.273171 0.09336527 -0.2299377 0.1634469 1.092302 -0.3135006 0.1275522 1.102167 0 0
-0.2774373 0.09376547 -0.239085 0.1620857 1.090044 -0.3256101 0.1234 1.092615 0 0
-0.2781613 0.09818669 -0.2421206 0.1674861 1.086811 -0.3322913 0.1209492 1.089445 0 0
-0.2753815 0.0993568 -0.2374997 0.1677582 1.085529 -0.3211889 0.119523 1.087263 0 0
-0.2709619 0.09715687 -0.2309536 0.1697086 1.087262 -0.3205586 0.1203398 1.092802 0 0
-0.268057 0.09351928 -0.2290874 0.1651851 1.093713 -0.3064943 0.1313658 1.115167 0 0
-0.2681903 0.09313821 -0.2319283 0.1675567 1.099616 -0.3078423 0.1217073 1.101998 0 0
-0.2698351 0.09276794 -0.2287888 0.164763 1.096821 -0.3091245 0.1200956 1.097316 0 0
-0.2734074 0.09763637 -0.2369716 0.1702585 1.096976 -0.3177676 0.116686 1.082438 0 0
-0.2778693 0.1038684 -0.2489056 0.1759115 1.093488 -0.3243582 0.1206512 1.086176 0 0
-0.2777568 0.1055249 -0.2445697 0.1753776 1.094011 -0.3270241 0.1206556 1.092846 0 0
-0.2745082 0.1046553 -0.241032 0.1767506 1.09636 -0.3246782 0.1263409 1.097126 0 0
-0.2690427 0.1041632 -0.2296202 0.1771399 1.098541 -0.3131415 0.1308068 1.121222 0 0
-0.2690602 0.1022285 -0.2272683 0.1758102 1.098542 -0.3119334 0.1272226 1.107192 0 0
-0.2719991 0.1007352 -0.234146 0.1737951 1.096381 -0.3250419 0.1292158 1.106 0 0
-0.2758838 0.1015847 -0.2450416 0.1730625 1.091969 -0.3206069 0.1177383 1.092136 0 0
-0.2760197 0.1041203 -0.2444778 0.175632 1.089579 -0.3242623 0.1291237 1.097198 0 0
-0.273189 0.1037387 -0.2384916 0.1755695 1.089054 -0.3157213 0.1258636 1.095462 0 0
-0.2697208 0.1087987 -0.2307018 0.1792001 1.089105 -0.3032526 0.1458896 1.133167 0 0
-0.269525 0.1114906 -0.2279367 0.1816786 1.08806 -0.3016497 0.1508206 1.132714 0 0
-0.2750253 0.1049117 -0.2394582 0.1739404 1.087793 -0.3204182 0.1255664 1.0928 0 0
-0.2780724 0.1077544 -0.2477289 0.1774274 1.087272 -0.320915 0.1270939 1.095532 0 0
-0.2783847 0.1071097 -0.24793 0.1763283 1.079275 -0.3245734 0.1246866 1.079143 0 0
-0.27597 0.10681 -0.245573 0.1776338 1.078333 -0.3215947 0.1209028 1.07065 0 0
-0.2753641 0.1049726 -0.2435618 0.177003 1.078141 -0.3220858 0.1228821 1.072267 0 0
-0.275106 0.1054038 -0.2408282 0.175913 1.073266 -0.3217366 0.1224289 1.069 0 0
-0.2788194 0.1067505 -0.2457639 0.175366 1.076503 -0.3297391 0.1262791 1.07513 0 0
-0.2804878 0.1104372 -0.2536919 0.1811291 1.068314 -0.3261521 0.1230394 1.071101 0 0
-0.2800777 0.1101749 -0.2527078 0.180068 1.065129 -0.3395271 0.1259776 1.079333 0 0
-0.2775624 0.1100292 -0.2433204 0.1800787 1.062718 -0.3278055 0.1255067 1.0665 0 0
-0.2764934 0.10984 -0.2384964 0.1799736 1.062871 -0.3279644 0.1270112 1.075742 0 0
-0.2814252 0.1101283 -0.2425276 0.180703 1.063553 -0.3261788 0.1260623 1.062444 0 0
-0.2911007 0.1107042 -0.2529212 0.17828 1.061329 -0.3340888 0.1253593 1.059273 0 0
-0.3004238 0.112835 -0.266391 0.1803 1.058924 -0.3494148 0.1286588 1.060833 0 0
-0.3052047 0.1117815 -0.2709964 0.1793068 1.053158 -0.3514543 0.1286696 1.061 0 0
-0.3069362 0.1115158 -0.2791624 0.1812697 1.048188 -0.3540476 0.1236585 1.054467 0 0
-0.3104892 0.1082306 -0.2802518 0.1758983 1.042796 -0.3609425 0.1297015 1.0607 0 0
-0.3138487 0.1041754 -0.2873397 0.1720751 1.031335 -0.354012 0.123948 1.047176 0 0
-0.3218233 0.09692521 -0.3042909 0.164697 1.018891 -0.3698384 0.1236442 1.050429 0 0
-0.328847 0.08278206 -0.3116093 0.1427205 1.003526 -0.3696028 0.1023935 1.034923 0 0
-0.3371294 0.06383969 -0.324574 0.1184094 0.9833958 -0.3845628 0.08979252 1.033333 0 0
-0.3425789 0.03904496 -0.3345292 0.0813499 0.9590247 -0.3856087 0.06751476 1.008625 0 0
-0.3441805 0.0003977271 -0.3394517 0.0309947 0.9305664 -0.3485454 0.05008454 0.961125 0 0
-0.343256 -0.04799904 -0.3436204 -0.03513803 0.9017467 -0.3691523 -0.0191984 0.928889 0 0
-0.3472322 -0.1086517 -0.34989 -0.1057854 0.8730377 -0.38787 -0.1067748 0.9301112 0 0
-0.3530467 -0.1816672 -0.3523575 -0.1880338 0.8566056 -0.4036441 -0.1922119 0.9424445 0 0
-0.3664015 -0.2074338 -0.3651977 -0.2467635 0.9299037 -0.4237469 -0.1966859 1.03075 0 0
-0.3570447 -0.2669238 -0.3631963 -0.3039229 0.9701561 -0.348902 -0.3320792 1.041714 0 0
-0.3312281 -0.2761159 -0.3348377 -0.3109906 1.026708 -0.2986438 -0.276153 1.053036 0 0
-0.3318351 -0.2889309 -0.3355757 -0.3249765 1.066754 -0.2980524 -0.2858078 1.082125 0 0
-0.3318513 -0.2973232 -0.3359869 -0.3356243 1.100335 -0.2977466 -0.2856296 1.108579 0 0
-0.3329085 -0.3038798 -0.3390941 -0.3453998 1.126298 -0.2976044 -0.2950015 1.120478 0 0
-0.3408935 -0.2941045 -0.3245113 -0.3344028 1.132012 -0.2938142 -0.2787137 1.146265 0 0
-0.3308736 -0.309085 -0.3346363 -0.350857 1.15834 -0.2913434 -0.2933261 1.17625 0 0
-0.3313201 -0.3122213 -0.3321386 -0.3567725 1.178012 -0.2923165 -0.3007311 1.178796 0 0
-0.3312489 -0.3145864 -0.3403525 -0.3634087 1.186075 -0.2906428 -0.2969995 1.198467 0 0
-0.3322642 -0.3159828 -0.3390548 -0.3615952 1.18837 -0.2930898 -0.3110453 1.18855 0 0
-0.3315315 -0.3166445 -0.3375216 -0.3648494 1.1968 -0.2911722 -0.3027563 1.2052 0 0
-0.3305917 -0.3174486 -0.3408999 -0.3669087 1.199757 -0.2909753 -0.3104396 1.199349 0 0
-0.3287229 -0.3178922 -0.3401964 -0.367011 1.200425 -0.2890692 -0.3020296 1.214727 0 0
-0.3294492 -0.3176697 -0.3424565 -0.3688605 1.201716 -0.2948955 -0.3249084 1.166768 0 0
-0.3285928 -0.3168004 -0.3428921 -0.3686324 1.191534 -0.2897607 -0.31334 1.19737 0 0
-0.3292173 -0.3162754 -0.3439333 -0.3665233 1.183659 -0.2956346 -0.3331238 1.192938 0 0
-0.3287662 -0.3139279 -0.3449489 -0.3664394 1.178211 -0.3078976 -0.3195267 1.133219 0 0
-0.3284236 -0.3092951 -0.3430432 -0.3567096 1.158427 -0.3077322 -0.3163241 1.122659 0 0
-0.3283714 -0.3071296 -0.3377401 -0.3481459 1.141912 -0.3095388 -0.3497623 1.168667 0 0
-0.3291427 -0.3051219 -0.3349392 -0.3431996 1.130162 -0.2976629 -0.3020536 1.130303 0 0
-0.3305847 -0.3017511 -0.3372383 -0.3392766 1.117791 -0.3105525 -0.338555 1.144143 0 0
-0.3315981 -0.2985942 -0.3375256 -0.3361343 1.108824 -0.3100413 -0.3359377 1.139606 0 0
-0.3330305 -0.296415 -0.3375815 -0.3339249 1.104375 -0.3108719 -0.3147052 1.147588 0 0
-0.3351804 -0.2947533 -0.3397821 -0.3313697 1.099093 -0.3127999 -0.3227431 1.1285 0 0
-0.3359655 -0.2912596 -0.3366562 -0.3272639 1.094509 -0.3201505 -0.3372637 1.12 0 0
-0.3359921 -0.2898361 -0.3360327 -0.3258537 1.095257 -0.3126415 -0.3170277 1.129091 0 0
-0.3379238 -0.288638 -0.3386425 -0.3234764 1.092644 -0.3157515 -0.3250783 1.120703 0 0
-0.3389211 -0.2899072 -0.3403232 -0.3255519 1.097149 -0.3103796 -0.3031029 1.127875 0 0
-0.3404242 -0.2910119 -0.3414246 -0.3261247 1.09841 -0.3241612 -0.3373731 1.118333 0 0
-0.3420778 -0.2915684 -0.3423531 -0.3274461 1.098799 -0.324643 -0.337874 1.12 0 0
-0.3431888 -0.2929597 -0.342329 -0.3315118 1.106909 -0.3201999 -0.3294657 1.12269 0 0
-0.3464515 -0.2948149 -0.3472034 -0.3321883 1.105677 -0.318201 -0.3174709 1.140696 0 0
-0.3475948 -0.2968485 -0.351288 -0.3350871 1.106152 -0.3181089 -0.3081752 1.144714 0 0
-0.3492037 -0.2987468 -0.3521721 -0.3360669 1.10592 -0.3234802 -0.3244076 1.144 0 0
-0.3507836 -0.2983477 -0.3520262 -0.3353356 1.103093 -0.3220525 -0.3188996 1.140309 0 0
-0.3520316 -0.2966408 -0.3527698 -0.3350048 1.101936 -0.3289174 -0.3331775 1.144625 0 0
-0.3549309 -0.2970135 -0.3567934 -0.3362384 1.098492 -0.3262425 -0.3178164 1.132625 0 0
-0.3578877 -0.2987271 -0.3592868 -0.3383082 1.098688 -0.3365033 -0.3396203 1.120875 0 0
-0.3603781 -0.2964688 -0.3609792 -0.3364117 1.091449 -0.3361431 -0.3320609 1.1087 0 0
-0.363993 -0.2952007 -0.3625352 -0.3340684 1.084291 -0.3317024 -0.2940085 1.105308 0 0
-0.3667911 -0.2911176 -0.3650317 -0.3313658 1.075611 -0.3359005 -0.2875767 1.089605 0 0
-0.3699867 -0.2886192 -0.3669318 -0.3278338 1.064092 -0.3395163 -0.2817593 1.078464 0 0
-0.3736885 -0.2889193 -0.3692393 -0.3254437 1.056957 -0.3425257 -0.2823812 1.0692 0 0
-0.3766041 -0.2847799 -0.3741179 -0.3228685 1.045416 -0.3456766 -0.2787305 1.058659 0 0
-0.3798281 -0.2826532 -0.3779069 -0.3210864 1.036932 -0.348633 -0.2797516 1.051834 0 0
-0.3835297 -0.2822109 -0.3807006 -0.3194829 1.029312 -0.3570306 -0.3146981 1.054167 0 0
-0.3874111 -0.2794662 -0.385911 -0.3176756 1.019266 -0.355459 -0.2807715 1.030436 0 0
-0.3967302 -0.2948909 -0.4012023 -0.3300897 1.01735 -0.3596205 -0.2999573 1.026278 0 0
-0.396054 -0.2637973 -0.3827804 -0.3194216 1.008964 -0.3622102 -0.2491641 1.0403 0 0
-0.3987414 -0.2617196 -0.3874819 -0.3180483 0.9992731 -0.3643946 -0.2537977 1.020778 0 0
-0.3993733 -0.2604279 -0.3876347 -0.3148309 0.9919314 -0.367268 -0.2618248 1.024429 0 0
-0.3995958 -0.2574619 -0.3906032 -0.314412 0.9814157 -0.3675716 -0.2598732 1.016667 0 0
-0.4005416 -0.2555007 -0.3906521 -0.3117254 0.9711222 -0.3659528 -0.2428208 1.01165 0 0
-0.3975829 -0.2744665 -0.3979884 -0.3133501 0.9618598 -0.3806665 -0.318547 0.99675 0 0
-0.3978881 -0.2733881 -0.3968689 -0.3105291 0.9527752 -0.3836238 -0.3174501 0.97625 0 0
-0.3988748 -0.2727808 -0.3991255 -0.3095379 0.9447541 -0.3751783 -0.3035832 0.9682727 0 0
-0.3987353 -0.271846 -0.4010969 -0.3080643 0.9358225 -0.3755737 -0.3025714 0.9541538 0 0
-0.3983031 -0.2712666 -0.3966113 -0.3043902 0.9265026 -0.3636795 -0.2620358 0.9361715 0 0
-0.3987536 -0.2703436 -0.4007832 -0.3035648 0.9175413 -0.3696445 -0.285248 0.9426 0 0
-0.3970064 -0.2686626 -0.3996553 -0.3017305 0.9093429 -0.3666183 -0.2781866 0.9394559 0 0
-0.3959109 -0.2663977 -0.4055943 -0.3011242 0.89619 -0.3651468 -0.2856665 0.9199376 0 0
-0.396334 -0.2580993 -0.4049614 -0.2971339 0.8880974 -0.3700726 -0.2852652 0.9160556 0 0
-0.3919528 -0.2624504 -0.4211154 -0.3016208 0.8725713 -0.3641906 -0.2864646 0.9048333 0 0
-0.386917 -0.2608045 -0.4205399 -0.3009828 0.8596686 -0.3598974 -0.285636 0.8940771 0 0
-0.3982295 -0.2650368 -0.4360858 -0.3146396 0.8645677 -0.3747531 -0.3037255 0.9105 0 0
-0.3953757 -0.2607339 -0.4374273 -0.3150556 0.8670021 -0.3796737 -0.3055151 0.9024999 0 0
-0.3896736 -0.2561646 -0.4400544 -0.3105181 0.8592255 -0.3658035 -0.300346 0.8929999 0 0
-0.3798192 -0.2522332 -0.3849401 -0.2795061 0.8223691 -0.3662495 -0.2985059 0.8854445 0 0
-0.3693034 -0.2494209 -0.3524517 -0.2615957 0.7940481 -0.4209042 -0.2651763 0.8399157 0 0
-0.3526041 -0.2434714 -0.3465956 -0.2585413 0.777093 -0.4094712 -0.2552857 0.8374858 0 0
-0.3342851 -0.2388959 -0.3417683 -0.2561145 0.7650101 -0.3957359 -0.2560742 0.8304324 0 0
-0.3174703 -0.2340435 -0.3274573 -0.2481526 0.7497636 -0.3802378 -0.2607877 0.82075 0 0
-0.3029242 -0.229773 -0.3103985 -0.2391506 0.730629 -0.3654994 -0.267188 0.803 0 0
-0.2873983 -0.2271469 -0.298331 -0.2301903 0.707253 -0.2948389 -0.2478904 0.7584 0 0
-0.2778374 -0.2218151 -0.2884181 -0.2247081 0.6905188 -0.2916047 -0.2486876 0.7496092 0 0
-0.2653618 -0.2150835 -0.2762389 -0.2191999 0.6749808 -0.300859 -0.2461037 0.7377501 0 0
-0.2546793 -0.2109828 -0.2595516 -0.2106287 0.6559463 -0.2729028 -0.2036614 0.661 0 0
-0.2485274 -0.209485 -0.2540633 -0.207917 0.642105 -0.2648496 -0.210106 0.6518 0 0
-0.2422855 -0.2062212 -0.2419801 -0.200687 0.6294605 -0.2463503 -0.2038283 0.6328 0 0
-0.2218119 -0.1977013 -0.2265385 -0.1917266 0.6165298 -0.2436094 -0.1837056 0.6174999 0 0
-0.2770883 -0.3154182 -0.2808734 -0.3125454 0.7754595 -0.2401604 -0.3255884 0.8005751 0 0
-0.271312 -0.3529861 -0.2759901 -0.4148035 0.7542085 -0.2600802 -0.3277008 0.7769092 0 0
-0.2680701 -0.3605053 -0.2840539 -0.4111019 0.765414 -0.2966469 -0.3422631 0.7761429 0 0
-0.2568029 -0.3653846 -0.2661042 -0.4187338 0.7576182 -0.2820676 -0.3316402 0.7686666 0 0
-0.2558728 -0.3959005 -0.2856682 -0.4603478 0.7970293 -0.2970264 -0.3592121 0.7732 0 0
-0.2603958 -0.3789479 -0.2686485 -0.4165698 0.7673329 -0.2876044 -0.3842394 0.7675715 0 0
-0.2672061 -0.3783896 -0.2690593 -0.4147666 0.7646294 -0.2755343 -0.3673333 0.7784 0 0
-0.2722728 -0.3699104 -0.2770834 -0.3992961 0.7585459 -0.2411891 -0.3750174 0.7748889 0 0
-0.2718498 -0.3569974 -0.291326 -0.3969556 0.7733278 -0.2361761 -0.3835678 0.7637058 0 0
-0.2616008 -0.3428243 -0.2648731 -0.3998167 0.7721273 -0.2297958 -0.3842865 0.7687272 0 0
-0.2485631 -0.3947004 -0.2285133 -0.4333267 0.7669128 -0.1975475 -0.3931598 0.78 0 0
-0.2473035 -0.394717 -0.2924549 -0.4289697 0.7667927 -0.2012747 -0.4121652 0.7708077 0 0
-0.2670846 -0.3393338 -0.2963919 -0.4018165 0.7737014 -0.2312545 -0.3301737 0.7805834 0 0
-0.2665915 -0.3386336 -0.2901729 -0.3964112 0.7768621 -0.2239457 -0.3239027 0.7776667 0 0
-0.2652285 -0.3343326 -0.2928433 -0.3942422 0.775679 -0.2231705 -0.3244766 0.7746596 0 0
-0.2664612 -0.3340342 -0.2955781 -0.3932474 0.7742511 -0.222719 -0.3213929 0.7728183 0 0
-0.2666121 -0.3330408 -0.2981583 -0.3906921 0.778145 -0.2272739 -0.3247984 0.7679139 0 0
-0.2670352 -0.3338082 -0.2985137 -0.399407 0.7661239 -0.22482 -0.3151363 0.7674 0 0
-0.2670352 -0.3338082 -0.2985137 -0.399407 0.7661239 -0.22482 -0.3151363 0.7674 0 0
-0.2670352 -0.3338082 -0.2985137 -0.399407 0.7661239 -0.22482 -0.3151363 0.7674 0 0
-0.2670352 -0.3338082 -0.2985137 -0.399407 0.7661239 -0.22482 -0.3151363 0.7674 0 0
-0.2671891 -0.3314583 -0.298368 -0.392154 0.7765508 -0.2224325 -0.3168281 0.7650715 0 0
-0.2671891 -0.3314583 -0.298368 -0.392154 0.7765508 -0.2224325 -0.3168281 0.7650715 0 0
-0.2671891 -0.3314583 -0.298368 -0.392154 0.7765508 -0.2224325 -0.3168281 0.7650715 0 0
-0.2671891 -0.3314583 -0.298368 -0.392154 0.7765508 -0.2224325 -0.3168281 0.7650715 0 0
-0.2671891 -0.3314583 -0.298368 -0.392154 0.7765508 -0.2224325 -0.3168281 0.7650715 0 0
-0.2670264 -0.330887 -0.3006742 -0.3956458 0.7736809 -0.2244634 -0.3217694 0.7680982 0 0
-0.2670264 -0.330887 -0.3006742 -0.3956458 0.7736809 -0.2244634 -0.3217694 0.7680982 0 0
-0.2670264 -0.330887 -0.3006742 -0.3956458 0.7736809 -0.2244634 -0.3217694 0.7680982 0 0
-0.2670264 -0.330887 -0.3006742 -0.3956458 0.7736809 -0.2244634 -0.3217694 0.7680982 0 0
-0.2665816 -0.3295424 -0.3035448 -0.3979318 0.7809376 -0.220785 -0.3158013 0.7666538 0 0
-0.2665816 -0.3295424 -0.3035448 -0.3979318 0.7809376 -0.220785 -0.3158013 0.7666538 0 0
-0.2665816 -0.3295424 -0.3035448 -0.3979318 0.7809376 -0.220785 -0.3158013 0.7666538 0 0
-0.2661667 -0.3251087 -0.300114 -0.39203 0.7759968 -0.2216089 -0.317147 0.7667074 0 0
-0.2677428 -0.328083 -0.3030107 -0.3922739 0.7821521 -0.222565 -0.3224084 0.767844 0 0
-0.2677428 -0.328083 -0.3030107 -0.3922739 0.7821521 -0.222565 -0.3224084 0.767844 0 0
-0.2677428 -0.328083 -0.3030107 -0.3922739 0.7821521 -0.222565 -0.3224084 0.767844 0 0
-0.2676803 -0.3259621 -0.3015518 -0.3920406 0.7681252 -0.2234848 -0.3208964 0.7688457 0 0
-0.2676803 -0.3259621 -0.3015518 -0.3920406 0.7681252 -0.2234848 -0.3208964 0.7688457 0 0
-0.2671786 -0.3275947 -0.3059199 -0.3890663 0.7800052 -0.2220094 -0.3225415 0.7684627 0 0
-0.2309996 -0.3806361 -0.2066095 -0.4298765 0.7861434 -0.1992795 -0.3581542 0.8203158 0 0
-0.2693183 -0.3370622 -0.3018835 -0.410261 0.7497813 -0.2293095 -0.3282993 0.7587777 0 0
-0.2698781 -0.335329 -0.300877 -0.4088951 0.7472813 -0.2273819 -0.3198945 0.7573494 0 0
-0.2693 -0.3357313 -0.3031858 -0.4053679 0.7595124 -0.2286109 -0.325483 0.7571766 0 0
-0.2655105 -0.3312396 -0.307792 -0.3950433 0.7766206 -0.2215286 -0.3349516 0.7634445 0 0
-0.2655105 -0.3312396 -0.307792 -0.3950433 0.7766206 -0.2215286 -0.3349516 0.7634445 0 0
-0.2655105 -0.3312396 -0.307792 -0.3950433 0.7766206 -0.2215286 -0.3349516 0.7634445 0 0
-0.2638197 -0.328595 -0.2988195 -0.3886185 0.7747414 -0.2181732 -0.3281115 0.769409 0 0
-0.2638197 -0.328595 -0.2988195 -0.3886185 0.7747414 -0.2181732 -0.3281115 0.769409 0 0
-0.2638197 -0.328595 -0.2988195 -0.3886185 0.7747414 -0.2181732 -0.3281115 0.769409 0 0
-0.2638197 -0.328595 -0.2988195 -0.3886185 0.7747414 -0.2181732 -0.3281115 0.769409 0 0
-0.2657042 -0.332718 -0.3021665 -0.3963621 0.7600996 -0.2200081 -0.3328446 0.7647747 0 0
-0.2657042 -0.332718 -0.3021665 -0.3963621 0.7600996 -0.2200081 -0.3328446 0.7647747 0 0
-0.2657042 -0.332718 -0.3021665 -0.3963621 0.7600996 -0.2200081 -0.3328446 0.7647747 0 0
-0.2657042 -0.332718 -0.3021665 -0.3963621 0.7600996 -0.2200081 -0.3328446 0.7647747 0 0
-0.2657042 -0.332718 -0.3021665 -0.3963621 0.7600996 -0.2200081 -0.3328446 0.7647747 0 0
-0.2657042 -0.332718 -0.3021665 -0.3963621 0.7600996 -0.2200081 -0.3328446 0.7647747 0 0
-0.2665782 -0.3333676 -0.3023358 -0.3967054 0.7567577 -0.2205171 -0.3286653 0.7640287 0 0
-0.2665782 -0.3333676 -0.3023358 -0.3967054 0.7567577 -0.2205171 -0.3286653 0.7640287 0 0
-0.2665782 -0.3333676 -0.3023358 -0.3967054 0.7567577 -0.2205171 -0.3286653 0.7640287 0 0
-0.2665782 -0.3333676 -0.3023358 -0.3967054 0.7567577 -0.2205171 -0.3286653 0.7640287 0 0
-0.2668988 -0.3329269 -0.2995179 -0.3877435 0.7631555 -0.2187206 -0.3280464 0.766152 0 0
-0.2668988 -0.3329269 -0.2995179 -0.3877435 0.7631555 -0.2187206 -0.3280464 0.766152 0 0
-0.2668988 -0.3329269 -0.2995179 -0.3877435 0.7631555 -0.2187206 -0.3280464 0.766152 0 0
-0.2668988 -0.3329269 -0.2995179 -0.3877435 0.7631555 -0.2187206 -0.3280464 0.766152 0 0
-0.2677067 -0.3352362 -0.2954935 -0.392729 0.7550067 -0.2206154 -0.3290443 0.764074 0 0
-0.2677067 -0.3352362 -0.2954935 -0.392729 0.7550067 -0.2206154 -0.3290443 0.764074 0 0
-0.2677067 -0.3352362 -0.2954935 -0.392729 0.7550067 -0.2206154 -0.3290443 0.764074 0 0
-0.2687701 -0.3366677 -0.3028718 -0.3917001 0.7661133 -0.2207217 -0.3271953 0.7619102 0 0
-0.2686461 -0.3373951 -0.3074713 -0.4008227 0.7618628 -0.2223916 -0.3288738 0.7626354 0 0
-0.2692556 -0.3386447 -0.3