0 0 0 0 0 0 0 0 0 0
-0.4084746 -0.335783 -0.391455 -0.3731046 1.222685 -0.3761704 -0.3017544 1.246291 -0.4184271 -0.288195
-0.4076129 -0.3358097 -0.3939493 -0.3763003 1.226864 -0.3763204 -0.3017364 1.249596 -0.4182145 -0.2886245
-0.4081698 -0.3376628 -0.3947122 -0.3766822 1.228849 -0.3758538 -0.3028867 1.251083 -0.4179066 -0.2888929
-0.4068048 -0.3366195 -0.3914 -0.3755047 1.224895 -0.3756005 -0.3011656 1.249075 -0.4176708 -0.2888839
-0.4076563 -0.339385 -0.3930148 -0.3765878 1.22585 -0.3758587 -0.302486 1.250725 -0.4175753 -0.289179
-0.4073609 -0.3318564 -0.3944413 -0.3744929 1.225729 -0.3768103 -0.2979917 1.251266 -0.4175198 -0.2889294
-0.4081079 -0.3321655 -0.3960905 -0.3763504 1.227868 -0.3763024 -0.3280126 1.269207 -0.4174311 -0.2888082
-0.4066782 -0.3319291 -0.3938426 -0.3748828 1.225027 -0.377785 -0.2952443 1.246936 -0.4200188 -0.2795984
-0.4069783 -0.3319547 -0.3963626 -0.375594 1.226327 -0.3770731 -0.3301288 1.272522 -0.4198534 -0.279899
-0.4070368 -0.3333331 -0.3953057 -0.3766738 1.228313 -0.3763067 -0.323666 1.269716 -0.4194982 -0.2804091
-0.4070321 -0.3335348 -0.3962692 -0.3761887 1.228885 -0.3767413 -0.3269948 1.26997 -0.4193699 -0.2806352
-0.4064957 -0.3323241 -0.3946001 -0.3752732 1.228872 -0.3755411 -0.3269215 1.274537 -0.4191844 -0.2810443
-0.406511 -0.3329371 -0.3953564 -0.3759249 1.229879 -0.3757054 -0.3230681 1.271173 -0.4189516 -0.2815456
-0.4057069 -0.3335604 -0.3948233 -0.376453 1.23177 -0.3768806 -0.2962891 1.256318 -0.4186122 -0.2821214
-0.40543 -0.3334874 -0.3946317 -0.3767367 1.233525 -0.3751353 -0.3277986 1.275565 -0.4182403 -0.2824161
-0.4049928 -0.3339362 -0.3943907 -0.3764043 1.233169 -0.3773359 -0.2955592 1.257952 -0.4177849 -0.2823395
-0.404018 -0.3309374 -0.39481 -0.3792967 1.238494 -0.3723925 -0.3248258 1.280542 -0.4172717 -0.2825848
-0.4005999 -0.3249861 -0.3847996 -0.372481 1.223173 -0.4118838 -0.3710327 1.259 -0.4170482 -0.2824137
-0.395916 -0.3035631 -0.3563799 -0.3663866 1.214487 -0.3642446 -0.294593 1.270353 -0.4154931 -0.2712722
-0.3900008 -0.2692079 -0.3483112 -0.2995526 1.190892 -0.3678751 -0.2431586 1.266864 -0.4145569 -0.229717
-0.3769352 -0.2478106 -0.3088467 -0.2941632 1.18492 -0.35588 -0.2330571 1.262 -0.4145214 -0.2178013
-0.3646109 -0.2239969 -0.294448 -0.2653417 1.195474 -0.3646418 -0.239489 1.265685 -0.3985869 -0.2126782
-0.3549652 -0.1970191 -0.2831502 -0.2191282 1.206619 -0.3228562 -0.2033785 1.254429 -0.4071754 -0.1790554
-0.3422901 -0.166211 -0.2657511 -0.1693905 1.189696 -0.3212068 -0.1902968 1.255118 -0.3966327 -0.1670444
-0.3357861 -0.1369058 -0.2605495 -0.1295099 1.196524 -0.3129051 -0.1636983 1.25613 -0.3821309 -0.1444573
-0.3272719 -0.1083608 -0.251882 -0.09279405 1.191193 -0.3188069 -0.1430937 1.268 -0.3862891 -0.1386641
-0.3248427 -0.08479515 -0.2533713 -0.05968096 1.198405 -0.308089 -0.1182639 1.267033 -0.3569204 -0.1074392
-0.3260308 -0.06613313 -0.2539673 -0.0357152 1.210362 -0.3118458 -0.1046148 1.276926 -0.3604906 -0.1050664
-0.3253439 -0.04616195 -0.2530864 -0.01221839 1.212702 -0.2952009 -0.07542647 1.270577 -0.3632521 -0.08895977
-0.3257268 -0.02977581 -0.2543794 0.005625723 1.217298 -0.2827698 -0.04812971 1.263428 -0.3477053 -0.05192777
-0.3269511 -0.01929379 -0.2572974 0.02264616 1.22699 -0.2685354 -0.02283879 1.257294 -0.356509 -0.05544448
-0.3281947 -0.01047071 -0.2590306 0.03226373 1.234089 -0.2842392 -0.02665756 1.2735 -0.3586455 -0.05444508
-0.3297509 -0.003138541 -0.2612439 0.03968872 1.237206 -0.2739362 -0.008643343 1.26875 -0.3553257 -0.04362795
-0.3300816 0.001751603 -0.26297 0.04496831 1.241568 -0.2807113 -0.009230653 1.272967 -0.3547696 -0.03970644
-0.3317514 0.004106084 -0.264475 0.04942643 1.244239 -0.2787062 -0.002444087 1.271567 -0.3547218 -0.03660735
-0.3327367 0.006432955 -0.266048 0.05100052 1.244308 -0.2811235 -0.002431009 1.276107 -0.3546423 -0.03456902
-0.333663 0.007035768 -0.2679157 0.05120598 1.248811 -0.2823463 -0.000944572 1.274914 -0.354737 -0.03357381
-0.3335884 0.006346145 -0.2679465 0.05151647 1.247054 -0.2843588 -0.004738302 1.275545 -0.3548228 -0.03304227
-0.3332391 0.007121474 -0.2679851 0.05195971 1.24871 -0.2979816 -0.01461795 1.275172 -0.3548512 -0.03239973
-0.3333676 0.007709636 -0.2679389 0.05380794 1.248949 -0.2806523 0.0005629904 1.278731 -0.3548776 -0.03166872
-0.3343326 0.007992437 -0.2690427 0.05666598 1.251413 -0.2806623 0.00391736 1.279708 -0.3549946 -0.03091299
-0.3389531 0.005482127 -0.2676395 0.05229778 1.257677 -0.2944009 -0.006758291 1.2937 -0.3550457 -0.02964991
-0.3377701 0.01235304 -0.268141 0.06167465 1.260223 -0.3279902 -0.05129506 1.313563 -0.3554546 -0.02807016
-0.3411085 0.01652743 -0.2695036 0.06883886 1.265232 -0.329315 -0.05019965 1.31504 -0.3560958 -0.02334974
-0.3435458 0.02123501 -0.2742703 0.07856382 1.271533 -0.2927154 0.0197063 1.291459 -0.3569625 -0.01546932
-0.345119 0.02720711 -0.2819249 0.0784011 1.280817 -0.3310554 -0.03800425 1.315867 -0.3581203 -0.01027997
-0.3472802 0.03613418 -0.2844687 0.09187362 1.283063 -0.3296383 -0.02354725 1.318714 -0.3591305 -0.001291704
-0.3483216 0.04444159 -0.2927896 0.1036692 1.283146 -0.393006 0.0657068 1.261638 -0.3595717 0.00637471
-0.3507014 0.05163349 -0.292296 0.1087954 1.284881 -0.3971228 0.07767584 1.26254 -0.3589588 0.01798891
-0.351388 0.05984363 -0.2999596 0.1189728 1.285486 -0.397063 0.08110078 1.257676 -0.3588927 0.02641347
-0.3528071 0.07001658 -0.3042499 0.1319861 1.284516 -0.3998056 0.08898897 1.258231 -0.359335 0.03387624
-0.3533367 0.0766327 -0.3065335 0.13957 1.283869 -0.4003949 0.09234086 1.258447 -0.3599702 0.03923323
-0.3552281 0.08251254 -0.3162337 0.1453013 1.283583 -0.4023063 0.0987712 1.256414 -0.3603502 0.04222454
-0.3563548 0.08987809 -0.3213008 0.1550878 1.280634 -0.4048071 0.1048154 1.254128 -0.3609823 0.04908501
-0.3573393 0.09414691 -0.3152278 0.1589948 1.27917 -0.4070532 0.1108257 1.25027 -0.3615707 0.05417961
-0.3592329 0.100117 -0.3241262 0.1639568 1.276812 -0.4097625 0.1145336 1.248639 -0.3624566 0.06023619
-0.3600418 0.1124291 -0.3312039 0.1795897 1.272888 -0.4110109 0.11494 1.246276 -0.3636746 0.06435502
-0.3621505 0.1177544 -0.3373211 0.1865451 1.270131 -0.4108408 0.1124317 1.247569 -0.3644904 0.06729006
-0.3638699 0.1213853 -0.3402446 0.1906138 1.266961 -0.4153153 0.1150078 1.24885 -0.3654332 0.07066097
-0.3664421 0.1247813 -0.3440157 0.1926298 1.267176 -0.417082 0.1170589 1.246263 -0.3668571 0.07310132
-0.3684038 0.1308229 -0.3501924 0.1990499 1.263352 -0.4164021 0.1171855 1.244484 -0.369184 0.07500798
-0.3710112 0.1343302 -0.3545593 0.2029612 1.262611 -0.4278576 0.1480218 1.318667 -0.3708002 0.07883708
-0.3739615 0.1377592 -0.3583442 0.2050429 1.259086 -0.4256933 0.1389505 1.289167 -0.3721043 0.08071847
-0.3757904 0.1416002 -0.3622906 0.2073692 1.256825 -0.419655 0.149296 1.249678 -0.3734316 0.082663
-0.3757454 0.1437007 -0.3656703 0.2080339 1.256976 -0.4172956 0.1428352 1.258773 -0.3741433 0.0845248
-0.3763579 0.1463291 -0.3675555 0.2114535 1.256663 -0.4228783 0.1401294 1.272778 -0.3755614 0.08720186
-0.3762943 0.1490036 -0.3670873 0.2148022 1.256109 -0.4192576 0.147052 1.262184 -0.3757888 0.08824206
-0.3769112 0.149007 -0.3687761 0.2149274 1.257115 -0.4193054 0.1514594 1.264935 -0.3760789 0.08923981
-0.3778518 0.1496525 -0.3701073 0.215252 1.257529 -0.4233156 0.1455033 1.274 -0.3764076 0.09052633
-0.3774941 0.1521926 -0.3688846 0.2184693 1.256525 -0.4233351 0.1492994 1.271333 -0.3766522 0.0915749
-0.3776249 0.1526083 -0.3703597 0.2184209 1.256315 -0.4213775 0.146996 1.267423 -0.376853 0.09302292
-0.3774549 0.1519554 -0.3685276 0.2147701 1.256603 -0.4213613 0.1466587 1.266186 -0.3770182 0.0942683
-0.3781506 0.1547799 -0.3702225 0.2189098 1.25556 -0.4214126 0.1580611 1.267464 -0.3770389 0.0952172
-0.3782258 0.1546588 -0.3703367 0.2193927 1.255255 -0.4209088 0.1534725 1.264639 -0.3771343 0.09625873
-0.3777747 0.1544307 -0.3706616 0.2187469 1.254459 -0.4198955 0.1579673 1.263085 -0.3771828 0.09720439
-0.3781599 0.1547351 -0.3709446 0.2184996 1.252882 -0.4209214 0.1525509 1.263918 -0.3772307 0.09788029
-0.3787519 0.157167 -0.3707782 0.2210883 1.250851 -0.4221551 0.1525678 1.263894 -0.3773991 0.09851564
-0.3787794 0.1554437 -0.3691504 0.2208021 1.244435 -0.4277825 0.1563933 1.252921 -0.3776112 0.09876011
-0.3770113 0.1533464 -0.3585699 0.221053 1.247153 -0.4272446 0.149935 1.232349 -0.3776947 0.09883586
-0.3749878 0.1518175 -0.3570315 0.2195742 1.246393 -0.4316216 0.1366112 1.2451 -0.3776765 0.09876229
-0.3739202 0.1494137 -0.3545864 0.2162179 1.245037 -0.4285398 0.1316383 1.241059 -0.377573 0.09857994
-0.3742374 0.1492257 -0.3564178 0.2171542 1.246438 -0.4379877 0.1264811 1.262875 -0.37744 0.09845468
-0.37495 0.1486389 -0.3560625 0.2165276 1.246696 -0.4318334 0.1333585 1.254458 -0.3774469 0.09838011
-0.3756099 0.1489275 -0.3533784 0.2174954 1.248329 -0.4318321 0.1340028 1.253109 -0.3774193 0.09830219
-0.3764499 0.1495589 -0.358172 0.2169587 1.24902 -0.4313047 0.1339492 1.25389 -0.3775176 0.09808513
-0.37611 0.1497461 -0.3578792 0.2169735 1.248477 -0.3862841 0.1646736 1.229333 -0.377575 0.09803402
-0.3763161 0.1499997 -0.3588066 0.2176294 1.247739 -0.4305224 0.1285119 1.247043 -0.3776186 0.09802748
-0.3762257 0.1504851 -0.3593054 0.2174727 1.247858 -0.4294344 0.1306565 1.25765 -0.3775195 0.09819628
-0.3760517 0.1504175 -0.3620284 0.217468 1.247704 -0.4273575 0.1270709 1.240116 -0.3774517 0.09865765
-0.3755208 0.1511526 -0.3643439 0.2166066 1.247567 -0.4286807 0.1284449 1.242813 -0.377573 0.09880757
-0.3762544 0.1510657 -0.3644933 0.2173627 1.247764 -0.4280732 0.1283056 1.242848 -0.3776768 0.09904651
-0.3763368 0.1529891 -0.3657946 0.2203137 1.247076 -0.4294662 0.1285595 1.246589 -0.3773141 0.09973831
-0.3760103 0.1533363 -0.3666582 0.2210786 1.247282 -0.4295988 0.1285502 1.246227 -0.3771003 0.1005482
-0.3764526 0.1536289 -0.3685168 0.2199355 1.248298 -0.4279903 0.1289784 1.241815 -0.3769581 0.1011138
-0.3766452 0.155725 -0.3699417 0.2236867 1.247113 -0.4301689 0.131214 1.239735 -0.3767131 0.1018718
-0.3770269 0.1561685 -0.3703761 0.223915 1.24919 -0.4303781 0.131155 1.243287 -0.3761777 0.1024825
-0.3767733 0.1564286 -0.3704772 0.2238428 1.249557 -0.4305157 0.1329638 1.241287 -0.3759162 0.1033026
-0.3771782 0.1565051 -0.3719744 0.2241001 1.249517 -0.4306871 0.134201 1.241376 -0.3757045 0.1044148
-0.3775474 0.1592131 -0.3725302 0.2268358 1.248815 -0.4318882 0.1390608 1.243393 -0.3752871 0.1056284
-0.3798416 0.1598468 -0.3738753 0.2272143 1.249538 -0.4314061 0.1465034 1.241682 -0.3755092 0.106265
-0.3821118 0.1606366 -0.3758355 0.2273789 1.249727 -0.4280754 0.158067 1.258788 -0.3755772 0.106243
-0.3828175 0.1616595 -0.3789995 0.2279177 1.251922 -0.4254532 0.1621083 1.253457 -0.3756447 0.1063651
-0.3828418 0.1617924 -0.3801029 0.2276878 1.25427 -0.426095 0.156629 1.252738 -0.375679 0.1063626
-0.3828314 0.1619381 -0.3802092 0.2284221 1.256415 -0.425791 0.1581733 1.252735 -0.37571 0.1063343
-0.383016 0.1621354 -0.3811694 0.2279338 1.255312 -0.4243762 0.1636937 1.252824 -0.3758435 0.1064931
-0.3836292 0.1618922 -0.3820404 0.2277786 1.254117 -0.4290973 0.1583907 1.254548 -0.3759499 0.1067209
-0.3843215 0.1615991 -0.3803605 0.2281875 1.25487 -0.4340791 0.1626387 1.271727 -0.3762513 0.1085412
-0.3838896 0.1600511 -0.3805405 0.2285359 1.256268 -0.4318427 0.1525502 1.2435 -0.3765197 0.1094798
-0.3836899 0.1593641 -0.3813814 0.2287403 1.257032 -0.439925 0.1453504 1.252217 -0.3766549 0.1095297
-0.3845281 0.1613713 -0.3809496 0.2318451 1.257031 -0.4391754 0.142147 1.2494 -0.3769355 0.1101614
-0.3844754 0.1616668 -0.3810715 0.2312607 1.258813 -0.4398997 0.1426267 1.251944 -0.3770893 0.1105914
-0.3844088 0.1618987 -0.3803426 0.2318685 1.258246 -0.4402095 0.1437961 1.252909 -0.3772632 0.110908
-0.3844488 0.1622551 -0.3808885 0.2313959 1.257117 -0.4368513 0.1393002 1.250099 -0.3774816 0.1112844
-0.3843863 0.1621356 -0.3816192 0.2313858 1.256585 -0.4347946 0.1386194 1.242121 -0.3777974 0.1119693
-0.3848948 0.1628045 -0.3816898 0.2313506 1.255819 -0.4354059 0.1399275 1.246061 -0.3780944 0.112137
-0.3862104 0.165881 -0.3837798 0.2351429 1.256303 -0.4361336 0.1403214 1.247526 -0.3785419 0.1124395
-0.3868202 0.1658757 -0.3844512 0.2351753 1.255515 -0.4379629 0.1419136 1.247528 -0.3790078 0.1130281
-0.3880396 0.1684966 -0.3863447 0.2377255 1.256873 -0.4389641 0.1420983 1.248499 -0.3796904 0.1138965
-0.3879507 0.1692022 -0.3858306 0.2380166 1.257188 -0.4375986 0.1430604 1.247703 -0.380585 0.1146818
-0.388612 0.1725643 -0.387583 0.2417106 1.258712 -0.4374378 0.1434634 1.248407 -0.3815216 0.1166152
-0.389207 0.1727969 -0.3883193 0.2426193 1.259313 -0.4421757 0.1447375 1.247286 -0.3847292 0.1301335
-0.3901707 0.1758932 -0.3885496 0.2491875 1.260205 -0.448687 0.14816 1.24816 -0.3856183 0.1338297
-0.3897753 0.1766329 -0.3889766 0.2488973 1.259606 -0.4468921 0.1452139 1.251365 -0.3856392 0.1352517
-0.390088 0.1769347 -0.3901564 0.2483191 1.258846 -0.4441261 0.1451932 1.248576 -0.3854432 0.1337701
-0.3914766 0.1794753 -0.3934954 0.2527412 1.260412 -0.4487546 0.1456689 1.259682 -0.3853186 0.1320244
-0.3918195 0.1795282 -0.392374 0.2526965 1.26118 -0.4476161 0.1476141 1.254649 -0.3848273 0.1295621
-0.3925257 0.1793112 -0.393097 0.2524592 1.260664 -0.4517177 0.1591065 1.255375 -0.3844126 0.1298774
-0.3927883 0.1771614 -0.3939107 0.2498021 1.263936 -0.4498775 0.1612118 1.255868 -0.3847212 0.1254777
-0.3931804 0.1797442 -0.3929532 0.2533036 1.262631 -0.4499947 0.160648 1.266727 -0.3847223 0.1255362
-0.3925597 0.1791395 -0.3926266 0.2531732 1.262557 -0.4485873 0.1586044 1.255631 -0.3846855 0.1255798
-0.3914645 0.1791599 -0.3921321 0.253303 1.262518 -0.4481953 0.1547406 1.250715 -0.3846111 0.1256085
-0.3905132 0.1790587 -0.391279 0.2530193 1.260303 -0.4481747 0.1517939 1.253961 -0.3844852 0.1256613
-0.3904962 0.1787573 -0.3908987 0.2528608 1.261213 -0.4483587 0.1496936 1.251194 -0.3840908 0.1247526
-0.3900896 0.1788593 -0.3903326 0.2525817 1.259569 -0.4480924 0.1496635 1.250926 -0.3837344 0.1241033
-0.3898576 0.1786299 -0.3899902 0.2519574 1.258076 -0.4465716 0.1498673 1.242125 -0.383312 0.1230217
-0.3901772 0.1763543 -0.390375 0.2487728 1.257197 -0.4510133 0.1686548 1.309 -0.3828313 0.1220264
-0.3898267 0.1776844 -0.3910701 0.2484569 1.255386 -0.4382768 0.1701514 1.27525 -0.3821219 0.120648
-0.3883736 0.1791191 -0.3908689 0.2489495 1.25592 -0.4296159 0.1933969 1.2894 -0.381494 0.1201033
-0.3862005 0.1774035 -0.3933332 0.2455926 1.257345 -0.4262919 0.1601008 1.269304 -0.3804066 0.1190102
-0.3839104 0.1776161 -0.3912268 0.2459393 1.258767 -0.4239128 0.157835 1.26645 -0.3794018 0.1175868
-0.3821859 0.1771734 -0.3867283 0.2461499 1.261441 -0.4201126 0.1614259 1.2645 -0.3782854 0.1163373
-0.3802648 0.1736248 -0.3850922 0.2408207 1.262851 -0.4196726 0.1607828 1.265757 -0.3774191 0.1157045
-0.3798516 0.1738186 -0.3841808 0.2405728 1.263607 -0.420562 0.1583845 1.268535 -0.3767353 0.1152897
-0.379164 0.1740624 -0.3836167 0.2413202 1.264981 -0.4198497 0.1637751 1.266357 -0.3761145 0.1149643
-0.3786166 0.1741696 -0.3825293 0.2411622 1.264232 -0.4208486 0.1694156 1.271393 -0.3755897 0.1146221
-0.37745 0.1739566 -0.3793764 0.2400772 1.264682 -0.4212921 0.1631852 1.271542 -0.3750911 0.1144337
-0.3766655 0.1739656 -0.3772245 0.2407481 1.265123 -0.4146268 0.1541718 1.26056 -0.3746427 0.1142762
-0.3763339 0.1737781 -0.3781892 0.2404418 1.265631 -0.4174916 0.1553645 1.266108 -0.3742608 0.1142563
-0.3757036 0.1737487 -0.376195 0.240467 1.264949 -0.4161294 0.1530782 1.264301 -0.37385 0.1141891
-0.376568 0.173193 -0.3786338 0.2406485 1.264904 -0.4189308 0.1590548 1.265971 -0.3735796 0.1142216
-0.3765795 0.1722596 -0.3763949 0.2401575 1.263994 -0.4203173 0.1600734 1.266061 -0.3733518 0.1141187
-0.3758661 0.1703518 -0.3728116 0.2401195 1.265117 -0.4273572 0.1585765 1.247267 -0.3730986 0.1140606
-0.3742254 0.1696804 -0.3707418 0.2397538 1.265458 -0.4244594 0.1524099 1.241326 -0.3727111 0.1141003
-0.3731644 0.1691747 -0.3688433 0.2394707 1.264965 -0.4250526 0.1483992 1.241568 -0.37238 0.1140901
-0.3720648 0.1693727 -0.3681782 0.2398345 1.265837 -0.4252799 0.1471986 1.242577 -0.3720271 0.1140207
-0.3717015 0.1689564 -0.3666212 0.2405772 1.266728 -0.4253929 0.1476024 1.244619 -0.3714885 0.1142043
-0.3712787 0.1688479 -0.3675599 0.2401486 1.267154 -0.4252179 0.144792 1.244145 -0.3711348 0.1142095
-0.3707643 0.1688496 -0.3679488 0.2407402 1.2695 -0.4241017 0.1439193 1.250392 -0.3702045 0.1145468
-0.3700222 0.1683693 -0.3673367 0.2406784 1.269197 -0.4239627 0.144409 1.249015 -0.369246 0.114917
-0.3692459 0.1691204 -0.3684504 0.2411719 1.273181 -0.3787382 0.1938019 1.253208 -0.3683414 0.1152033
-0.3676888 0.1686792 -0.3672523 0.2415189 1.273187 -0.4223365 0.1420993 1.25375 -0.3673694 0.1154791
-0.3657458 0.168361 -0.3684019 0.2425293 1.276325 -0.4216772 0.1426282 1.25579 -0.3658089 0.1152516
-0.3628204 0.1685441 -0.3635573 0.2414665 1.279055 -0.4187861 0.1423347 1.258649 -0.3642125 0.1151134
-0.3599015 0.1689968 -0.3586299 0.2421925 1.281008 -0.4177123 0.1437313 1.260899 -0.362285 0.1155864
-0.3564167 0.1660816 -0.3552194 0.2396442 1.28344 -0.415452 0.1440229 1.25725 -0.3599204 0.1142836
-0.3529103 0.1659352 -0.3514209 0.2403146 1.285463 -0.4112146 0.1439475 1.260429 -0.3571416 0.1132762
-0.3488328 0.1634978 -0.349046 0.2380362 1.28799 -0.405075 0.1422391 1.261543 -0.3541261 0.1117708
-0.3451192 0.1630399 -0.3430847 0.2375612 1.291367 -0.402142 0.1422909 1.264243 -0.3513616 0.1107421
-0.3409401 0.1631084 -0.3388437 0.2383105 1.293678 -0.3990556 0.1428048 1.264667 -0.3483758 0.1100469
-0.3356642 0.1637533 -0.332705 0.2376956 1.295023 -0.392831 0.1423137 1.262 -0.3450558 0.1093388
-0.3315642 0.161645 -0.324465 0.2373058 1.298731 -0.3893953 0.1409611 1.266526 -0.341512 0.1082667
-0.3253624 0.1612655 -0.3184767 0.2364965 1.296671 -0.3821878 0.1412881 1.260555 -0.336935 0.1066875
-0.3193827 0.1586661 -0.3098819 0.2336002 1.297673 -0.3799226 0.143017 1.2625 -0.3321371 0.1046942
-0.3111437 0.1557427 -0.300338 0.2297837 1.296898 -0.3702169 0.1391428 1.263655 -0.3259605 0.1026562
-0.3041955 0.1528973 -0.2900914 0.2260572 1.296679 -0.3637041 0.13799 1.263143 -0.3193233 0.09977788
-0.299204 0.1499441 -0.2848195 0.2227676 1.297434 -0.3578354 0.1339106 1.265179 -0.3150233 0.09746585
-0.2958093 0.1493728 -0.2830148 0.2229913 1.297395 -0.3545809 0.1348394 1.262714 -0.3118529 0.09590313
-0.2931207 0.1466679 -0.2793914 0.2193535 1.297622 -0.3499616 0.1305025 1.265062 -0.309161 0.09457173
-0.2920738 0.1468496 -0.2782809 0.2187706 1.29659 -0.3475508 0.1357076 1.264654 -0.3065493 0.093454
-0.292119 0.1474868 -0.2771229 0.2188705 1.297239 -0.3466237 0.1478961 1.267467 -0.3047217 0.09257362
-0.2905894 0.1462685 -0.2756616 0.2149237 1.29625 -0.3418058 0.1564377 1.27968 -0.3028705 0.09153551
-0.2883921 0.1472566 -0.276217 0.214135 1.296251 -0.3335678 0.1624862 1.29185 -0.3011511 0.09112233
-0.2858914 0.1471841 -0.277179 0.2144583 1.295498 -0.3266445 0.1602765 1.284346 -0.2992311 0.09054128
-0.2849696 0.1468852 -0.2765588 0.2140899 1.29381 -0.326657 0.1658005 1.2899 -0.2979913 0.09009913
-0.2844705 0.1466892 -0.2761733 0.2141129 1.292428 -0.3261602 0.1669436 1.288059 -0.2969002 0.08968496
-0.2850574 0.1464332 -0.276856 0.2144492 1.293465 -0.3292375 0.1618182 1.294218 -0.2961924 0.08929811
-0.2848646 0.1462115 -0.273383 0.2130316 1.294757 -0.3275201 0.164609 1.290306 -0.2957194 0.08909642
-0.2855011 0.1452807 -0.2731135 0.2139661 1.293676 -0.3374162 0.1559062 1.295462 -0.2951252 0.08858622
-0.2849572 0.1428495 -0.2680798 0.2102986 1.298092 -0.3394594 0.1518952 1.285687 -0.294716 0.08809999
-0.284712 0.1420514 -0.2671124 0.2100108 1.297668 -0.3402162 0.1473378 1.280115 -0.2945179 0.08785337
-0.2834471 0.1417644 -0.2650817 0.2101674 1.297612 -0.3343933 0.1427981 1.264679 -0.2943035 0.08770588
-0.2825542 0.1415975 -0.2654632 0.2100808 1.296632 -0.3342469 0.1399179 1.2709 -0.294148 0.08752917
-0.2823382 0.141236 -0.2652133 0.2102516 1.295423 -0.3342331 0.1317972 1.263218 -0.2940551 0.08741073
-0.2823171 0.1413402 -0.2647911 0.2106287 1.29524 -0.3342918 0.1263343 1.264038 -0.2940568 0.08739422
-0.2833873 0.1406283 -0.2666312 0.2096593 1.2956 -0.3276363 0.1506408 1.304 -0.2940744 0.08736313
-0.2842529 0.1409215 -0.2675103 0.2095825 1.294467 -0.3255314 0.1533881 1.299216 -0.2941925 0.08739915
-0.2853872 0.1404394 -0.2670445 0.2098076 1.295462 -0.3369654 0.1216619 1.263692 -0.2943744 0.08739543
-0.2864082 0.1401672 -0.2684058 0.2094711 1.296018 -0.3310625 0.1441193 1.296313 -0.29476 0.08749555
-0.2874641 0.1400278 -0.2692241 0.2101553 1.296954 -0.3278916 0.1555269 1.303235 -0.2952377 0.08770704
-0.2876399 0.1396325 -0.2693489 0.2099433 1.296525 -0.3276231 0.1583084 1.300937 -0.2956467 0.08791209
-0.2877755 0.1407156 -0.2694938 0.2097869 1.297872 -0.329806 0.1481984 1.291975 -0.2961678 0.08802616
-0.2884683 0.1401649 -0.2713175 0.2094692 1.296811 -0.3290879 0.1535172 1.298185 -0.2965428 0.08812389
-0.2886065 0.1402946 -0.2718861 0.2092112 1.297022 -0.3288039 0.1537218 1.295565 -0.2969468 0.08817831
-0.2886607 0.140992 -0.271586 0.2094273 1.297749 -0.3286362 0.1552051 1.295989 -0.2972537 0.088318
-0.2881284 0.1409941 -0.2714255 0.2086471 1.295152 -0.3289153 0.1520806 1.296799 -0.297477 0.08827619
-0.288801 0.140963 -0.2725931 0.210244 1.293741 -0.3393734 0.1204996 1.263879 -0.2976981 0.08829924
-0.2894164 0.1404838 -0.2739748 0.2098324 1.294427 -0.3349597 0.1424052 1.302875 -0.2979335 0.08839171
-0.2891766 0.1404791 -0.2733027 0.2101129 1.293824 -0.3347726 0.1429941 1.29495 -0.2981579 0.08839258
-0.2893793 0.140614 -0.2737203 0.2102363 1.293695 -0.3402148 0.1214445 1.264406 -0.2983492 0.08843043
-0.2890977 0.1431887 -0.2725335 0.2128122 1.293841 -0.3387805 0.1231181 1.258667 -0.2985156 0.08848517
-0.288944 0.143277 -0.2723915 0.2129585 1.292178 -0.3387535 0.1254336 1.256273 -0.2985791 0.0885493
-0.2897135 0.1436421 -0.2717759 0.213064 1.292872 -0.3387693 0.1360374 1.256444 -0.298548 0.08877682
-0.2902888 0.1448043 -0.2724111 0.2130061 1.292349 -0.3392988 0.1515719 1.263091 -0.2983259 0.08873891
-0.2890223 0.1458952 -0.2729644 0.2125655 1.292027 -0.3288743 0.1730681 1.300286 -0.2979727 0.08876316
-0.2876124 0.1461484 -0.2764895 0.2133155 1.290679 -0.326497 0.1609558 1.283448 -0.2976953 0.08866573
-0.2868564 0.1457533 -0.2762748 0.2128101 1.289942 -0.325078 0.1567627 1.279744 -0.297303 0.08840395
-0.2862227 0.1460447 -0.2738894 0.2129293 1.290214 -0.325302 0.1632407 1.284491 -0.2972241 0.08843687
-0.2857104 0.1462802 -0.2752218 0.2133286 1.289198 -0.325928 0.1625459 1.284621 -0.2969543 0.08837108
-0.285174 0.146123 -0.274405 0.213316 1.289021 -0.3266249 0.1642291 1.288155 -0.296605 0.0882666
-0.2849322 0.1463419 -0.275095 0.213178 1.287109 -0.3254071 0.1610546 1.28173 -0.2960464 0.08822183
-0.2850835 0.1466276 -0.2739232 0.2130204 1.289073 -0.3280475 0.1685368 1.293036 -0.2958671 0.08827381
-0.2850443 0.1465365 -0.2727955 0.2134624 1.29245 -0.3267946 0.1639708 1.287943 -0.2956945 0.08825523
-0.2844883 0.146404 -0.2715601 0.2133123 1.291952 -0.3286267 0.1638383 1.286279 -0.2954715 0.08829588
-0.2852856 0.1452607 -0.2689241 0.2135533 1.293194 -0.3322086 0.157228 1.270406 -0.2952138 0.08833954
-0.2850925 0.1444363 -0.2674901 0.2143682 1.294901 -0.3345625 0.1539267 1.265529 -0.2949764 0.08833552
-0.2844517 0.1444733 -0.2668977 0.2140636 1.293972 -0.335262 0.1514282 1.259182 -0.2948311 0.08834699
-0.2836861 0.1437169 -0.2671253 0.2141301 1.293234 -0.3339833 0.146736 1.254581 -0.2945935 0.08845433
-0.2822986 0.1437632 -0.2637145 0.2143737 1.293388 -0.331399 0.1403763 1.252043 -0.2944296 0.08849863
-0.2818471 0.1437067 -0.2641956 0.2142788 1.294177 -0.3312171 0.1355264 1.252458 -0.2942258 0.0885613
-0.2812427 0.1432494 -0.2660202 0.2137564 1.292789 -0.330174 0.1297511 1.252462 -0.2940668 0.08856325
-0.2798589 0.1435359 -0.2648217 0.2141277 1.292035 -0.3310446 0.1271425 1.254667 -0.293962 0.08858465
-0.278232 0.1435613 -0.2624946 0.2149526 1.291043 -0.3311973 0.1283243 1.253951 -0.2936635 0.08867275
-0.2772374 0.1430829 -0.2588222 0.2151227 1.291116 -0.3308139 0.1319613 1.254146 -0.2933725 0.08878658
-0.2766913 0.1432233 -0.2589814 0.2152093 1.290628 -0.3311873 0.1345351 1.254721 -0.2930035 0.08890116
-0.2766994 0.1434044 -0.2574778 0.2153287 1.291018 -0.3309551 0.1352998 1.254586 -0.2926176 0.08902001
-0.2773341 0.1439849 -0.2576111 0.215166 1.293153 -0.3310663 0.1358835 1.255155 -0.2921929 0.08920078
-0.277605 0.1438853 -0.2591976 0.2151113 1.292325 -0.3299262 0.1355558 1.255293 -0.2918856 0.08935033
-0.2777887 0.1437676 -0.2597336 0.2149719 1.292049 -0.3300339 0.1349807 1.25547 -0.2916957 0.08946651
-0.2773383 0.1437023 -0.2592112 0.2153675 1.290717 -0.3288251 0.1329466 1.254371 -0.2916055 0.08952271
-0.2768772 0.1439074 -0.2598654 0.2144645 1.290198 -0.3281622 0.1322294 1.25314 -0.2915198 0.08960041
-0.276264 0.1440236 -0.255751 0.214831 1.288615 -0.328379 0.1323974 1.253455 -0.2914167 0.0896778
-0.2765433 0.1441384 -0.2579527 0.214193 1.287849 -0.3278311 0.1348657 1.251375 -0.2912609 0.08975351
-0.2774196 0.1449548 -0.2557254 0.214058 1.28928 -0.3262198 0.1443049 1.250306 -0.2910784 0.08982669
-0.2781193 0.1461759 -0.2575939 0.2142122 1.288038 -0.3251733 0.1545942 1.259159 -0.2905833 0.09004039
-0.2774031 0.1469888 -0.2577142 0.2132895 1.285288 -0.3198521 0.1594777 1.272171 -0.2900949 0.09025028
-0.2782129 0.1468669 -0.2621857 0.2133191 1.284867 -0.3210302 0.1621334 1.285875 -0.2898742 0.09040754
-0.2781102 0.146689 -0.2644726 0.2129543 1.282596 -0.3217663 0.161408 1.288923 -0.2896623 0.09050411
-0.2783476 0.1463916 -0.2645385 0.2124636 1.282521 -0.321006 0.1596738 1.285341 -0.2894543 0.09058852
-0.2786799 0.1485801 -0.2675151 0.2161259 1.28119 -0.3186852 0.1645868 1.282996 -0.2892751 0.09078082
-0.2788943 0.1486532 -0.26773 0.2163718 1.281925 -0.3202094 0.1605905 1.281911 -0.2892192 0.09091417
-0.2786273 0.1483184 -0.267906 0.215887 1.280729 -0.3143237 0.1544158 1.263517 -0.2890396 0.09098675
-0.2791639 0.1474204 -0.2655191 0.2155967 1.279747 -0.318037 0.1596649 1.264119 -0.2888934 0.09106629
-0.2802369 0.1468474 -0.2645074 0.216321 1.281814 -0.32954 0.1554184 1.261192 -0.2888065 0.09125327
-0.27849 0.1462229 -0.2615907 0.2154988 1.281147 -0.3262071 0.145108 1.24475 -0.2888559 0.09127412
-0.2780354 0.1461741 -0.2622512 0.2159394 1.280786 -0.3266681 0.1310362 1.249464 -0.2889126 0.09130996
-0.2776399 0.1464327 -0.2602779 0.2156263 1.280841 -0.3267029 0.1287313 1.247364 -0.2889742 0.09131534
-0.2786543 0.1462097 -0.2616113 0.2153058 1.280965 -0.3255502 0.1258806 1.247654 -0.2892083 0.09142013
-0.2794966 0.1471202 -0.262838 0.2186781 1.281245 -0.3202157 0.1599693 1.285133 -0.2894444 0.09163381
-0.2805897 0.147342 -0.2619845 0.219073 1.282756 -0.3206764 0.1567391 1.284804 -0.2899548 0.09210804
-0.2825586 0.1467003 -0.2650308 0.2192318 1.28275 -0.318343 0.1752169 1.292846 -0.2906736 0.09251206
-0.2829659 0.1467623 -0.2656401 0.2189071 1.283501 -0.3207039 0.1645836 1.287681 -0.2913522 0.09266192
-0.2832457 0.1468111 -0.2642609 0.217387 1.285144 -0.3212048 0.1631969 1.287156 -0.2916774 0.09275711
-0.2836557 0.1467047 -0.2664904 0.2197415 1.285441 -0.3226328 0.1618118 1.288714 -0.2921449 0.09291279
-0.2828222 0.1463543 -0.2659146 0.2196843 1.284108 -0.3263025 0.1570751 1.290143 -0.2924435 0.09304591
-0.2819881 0.1461978 -0.2642654 0.218665 1.28558 -0.3287432 0.1417218 1.2792 -0.2925656 0.09320704
-0.2810398 0.1463702 -0.2638826 0.219124 1.285723 -0.3326148 0.1273715 1.254433 -0.2925371 0.09338403
-0.2793474 0.1464665 -0.2634625 0.2203662 1.286168 -0.3329577 0.1303547 1.260704 -0.2923113 0.09350193
-0.2771103 0.1467789 -0.2600662 0.2206308 1.288015 -0.3327451 0.1319848 1.259867 -0.2915848 0.09354582
-0.2728586 0.1458552 -0.2562645 0.2171388 1.289898 -0.330038 0.1309291 1.260504 -0.2893909 0.09326257
-0.2668944 0.1462639 -0.251696 0.2177085 1.290506 -0.3287371 0.1322388 1.259839 -0.2851636 0.09280253
-0.260064 0.1435581 -0.2438961 0.2140976 1.2952 -0.3197885 0.1314974 1.263741 -0.2801349 0.09180927
-0.2508033 0.1438599 -0.2339128 0.2162764 1.296264 -0.3090895 0.1318073 1.261727 -0.2724795 0.09156804
-0.2418844 0.1445664 -0.2249397 0.2158372 1.300042 -0.3000615 0.1336406 1.263937 -0.2628505 0.09133418
-0.23187 0.144218 -0.2138384 0.217031 1.303106 -0.2897747 0.1337328 1.263643 -0.2527722 0.09017403
-0.2210675 0.1425537 -0.2030888 0.2130188 1.310168 -0.2766695 0.1303391 1.268429 -0.2428815 0.09020486
-0.2104783 0.1415378 -0.1922737 0.2156264 1.310184 -0.2670832 0.1303377 1.270616 -0.2331027 0.0894203
-0.1986147 0.1394615 -0.1785458 0.2121763 1.312513 -0.2549623 0.1284004 1.272154 -0.2211583 0.0897401
-0.1860427 0.1399906 -0.1653705 0.2118738 1.317573 -0.2415296 0.1263917 1.2719 -0.2101471 0.08813936
-0.1726493 0.1316089 -0.1494854 0.2013502 1.323963 -0.2260841 0.1226063 1.274 -0.1988081 0.08517832
-0.1592344 0.1282861 -0.1347439 0.1988912 1.325051 -0.2123205 0.1196936 1.280385 -0.1870821 0.08235297
-0.1476872 0.1251666 -0.1201482 0.1955439 1.330612 -0.1985823 0.1165015 1.282 -0.1761668 0.08010469
-0.1369883 0.1228268 -0.1074653 0.1913898 1.335568 -0.1881631 0.1143748 1.288546 -0.1686312 0.07813028
-0.1269937 0.1200188 -0.09598602 0.1884832 1.341369 -0.1784693 0.1166015 1.292333 -0.1607314 0.07512074
-0.1173072 0.1171361 -0.08480644 0.1853625 1.346859 -0.1653404 0.1112297 1.294318 -0.1542313 0.07111844
-0.1105426 0.1139427 -0.07696507 0.1817442 1.347932 -0.1038136 0.08550497 1.3322 -0.1501907 0.06810886
-0.1060375 0.1114443 -0.07095846 0.1788358 1.351732 -0.1513085 0.1082398 1.296209 -0.1467932 0.06621037
-0.1036049 0.1106266 -0.06820083 0.1778429 1.350598 -0.1221889 0.07187309 1.310578 -0.1446021 0.0641544
-0.1033344 0.1094385 -0.06623639 0.1747213 1.353791 -0.1328667 0.09179792 1.303269 -0.142981 0.06315711
-0.1033912 0.1069512 -0.06646338 0.1701205 1.353809 -0.131603 0.09089063 1.303517 -0.1418674 0.06200368
-0.1030976 0.1066342 -0.06542434 0.1709182 1.351314 -0.1320949 0.0887119 1.302355 -0.1411312 0.06111961
-0.1035153 0.1065173 -0.06562337 0.1704674 1.352541 -0.1392819 0.0971234 1.295625 -0.1407445 0.06026798
-0.1046623 0.1063994 -0.06753182 0.1752863 1.347501 -0.09437688 0.07175265 1.334282 -0.1405307 0.05993843
-0.1080611 0.105724 -0.07069848 0.177045 1.341658 -0.08383448 0.05840572 1.351135 -0.1405905 0.05961545
-0.1123265 0.1054977 -0.07546174 0.1794029 1.332588 -0.1255981 0.06842317 1.308462 -0.1408715 0.0594991
-0.1173734 0.1062128 -0.08171495 0.1722938 1.342363 -0.09285756 0.06677793 1.340703 -0.1418533 0.06052156
-0.1217882 0.107317 -0.08724605 0.1727512 1.342148 -0.102871 0.0745168 1.332649 -0.1432487 0.06172505
-0.1249521 0.1102839 -0.08939686 0.1765165 1.343086 -0.1077982 0.07248377 1.331741 -0.1449917 0.06408094
-0.12605 0.1104226 -0.0927854 0.1768257 1.341611 -0.112511 0.07193017 1.328817 -0.1464571 0.06583472
-0.1273079 0.1130861 -0.09374034 0.1803648 1.340335 -0.1120873 0.07681625 1.327625 -0.1473237 0.06725967
-0.1277921 0.1140249 -0.09580172 0.1802468 1.339897 -0.175092 0.1332759 1.4004 -0.1480145 0.06853462
-0.1282786 0.1171574 -0.09593899 0.1843557 1.338974 -0.1606117 0.146473 1.36375 -0.1485915 0.06985377
-0.1288833 0.1169333 -0.09660713 0.184992 1.337517 -0.1763548 0.1125591 1.28215 -0.1491114 0.07050939
-0.1293401 0.1195249 -0.09794413 0.1875051 1.335829 -0.1766769 0.1130818 1.281021 -0.1497513 0.0715698
-0.1297827 0.1198409 -0.09958062 0.1872002 1.335307 -0.1766303 0.1126955 1.282222 -0.1503934 0.07196128
-0.1296782 0.1223479 -0.1010116 0.1930065 1.328493 -0.1765814 0.112671 1.282079 -0.1509771 0.07273387
-0.1313987 0.1217267 -0.1021888 0.1942003 1.329005 -0.1783662 0.1134584 1.2812 -0.1516055 0.07293261
-0.1326523 0.1217053 -0.103037 0.1935466 1.326 -0.1789819 0.1138017 1.281453 -0.1524214 0.0729138
-0.1340492 0.1217327 -0.1042936 0.1928545 1.324322 -0.1791448 0.1125344 1.281178 -0.1531984 0.07297096
-0.1357776 0.121377 -0.1072652 0.1924657 1.323569 -0.1748906 0.1339476 1.293 -0.1539788 0.07308236
-0.1368682 0.1212635 -0.108479 0.1925796 1.32109 -0.1852029 0.1111067 1.281222 -0.1547576 0.07326513
-0.1377393 0.1215394 -0.1089886 0.1900941 1.321657 -0.1836268 0.1157221 1.282507 -0.1554438 0.07328109
-0.1389332 0.1197997 -0.1100519 0.1864474 1.31892 -0.1721701 0.1414611 1.344429 -0.156118 0.07339847
-0.1400816 0.1199646 -0.1090137 0.1861635 1.313017 -0.1855039 0.1269993 1.291 -0.1566499 0.07324949
-0.1399125 0.1215434 -0.1089377 0.1860555 1.310089 -0.178124 0.1291482 1.295818 -0.1570531 0.0731301
-0.1392608 0.1214879 -0.1119294 0.1876503 1.308612 -0.1739149 0.1337435 1.301936 -0.1573779 0.07291727
-0.1395759 0.1211001 -0.1127316 0.1851587 1.312551 -0.168448 0.1369316 1.299776 -0.1576795 0.07276948
-0.1396137 0.121252 -0.112231 0.1861985 1.3133 -0.1692476 0.134447 1.298322 -0.1580239 0.07258811
-0.1401887 0.1197893 -0.1111707 0.1844911 1.313653 -0.1778883 0.1410605 1.32172 -0.1583148 0.07266164
-0.1403684 0.1224347 -0.1146395 0.190796 1.305858 -0.1739858 0.1249346 1.293041 -0.1584948 0.07344393
-0.1425975 0.122235 -0.1135832 0.1886405 1.31267 -0.1815895 0.1320016 1.286871 -0.1589735 0.07397415
-0.1431611 0.1231848 -0.1147919 0.1939755 1.311851 -0.1883426 0.1290439 1.2804 -0.1593452 0.07479814
-0.142127 0.1207324 -0.1126093 0.1892162 1.318429 -0.1864275 0.128718 1.36075 -0.1596871 0.07494386
-0.1415577 0.1205031 -0.112455 0.1894693 1.318265 -0.190995 0.1137725 1.276571 -0.1600527 0.0751937
-0.1415946 0.1201822 -0.110973 0.1888927 1.318021 -0.192291 0.1135857 1.274523 -0.1601947 0.07535476
-0.1414746 0.1202444 -0.1103938 0.1893984 1.317836 -0.1925803 0.1115848 1.273934 -0.1603297 0.07541844
-0.1411028 0.120433 -0.1101982 0.18963 1.318597 -0.1925258 0.1122467 1.274322 -0.1604626 0.07539099
-0.1415706 0.1205567 -0.1112145 0.1905494 1.320057 -0.1922435 0.1126786 1.276113 -0.1605588 0.0754187
-0.142502 0.1209257 -0.1116611 0.1886621 1.317423 -0.1921792 0.1130021 1.275979 -0.1607353 0.07547086
-0.1430728 0.1225942 -0.1127006 0.1953842 1.316397 -0.1923116 0.113793 1.276264 -0.1609183 0.07556649
-0.1430766 0.1226976 -0.1132158 0.195411 1.316829 -0.1927193 0.1122134 1.276937 -0.1610844 0.07568633
-0.1435057 0.123484 -0.1128185 0.1941963 1.315113 -0.1925842 0.112257 1.276536 -0.1614736 0.0759121
-0.142971 0.1241824 -0.1116965 0.1946935 1.314639 -0.1929753 0.1094907 1.277905 -0.1619492 0.07626493
-0.1439053 0.1245681 -0.1124495 0.1956766 1.314689 -0.1931985 0.1093628 1.278917 -0.1626 0.07686026
-0.1443243 0.1267284 -0.1124531 0.1985288 1.313552 -0.1622915 0.08691062 1.29025 -0.1632518 0.07735576
-0.1452811 0.1266501 -0.1144773 0.1987334 1.314197 -0.1898993 0.1393963 1.368333 -0.1638982 0.0777818
-0.1472206 0.1266271 -0.115542 0.1986294 1.314488 -0.1969123 0.1121715 1.278167 -0.1645317 0.07821854
-0.1483234 0.1273709 -0.1170038 0.1978628 1.312404 -0.1978313 0.1212294 1.280593 -0.1650141 0.07874145
-0.1509436 0.1309111 -0.1187711 0.2013999 1.312133 -0.1945221 0.1457001 1.3725 -0.1656439 0.07953541
-0.1525238 0.1316879 -0.1212089 0.2015279 1.308454 -0.1918333 0.1405666 1.293 -0.1659975 0.07992122
-0.153783 0.1324712 -0.1257846 0.2022174 1.31106 -0.1942468 0.1481192 1.326357 -0.1666209 0.08026049
-0.1549682 0.1334738 -0.1291525 0.2028403 1.314102 -0.1939185 0.1493675 1.31991 -0.1672715 0.08072021
-0.1558948 0.1356683 -0.130311 0.2052108 1.315662 -0.1977535 0.1518519 1.332556 -0.1682411 0.08143405
-0.1563336 0.1360345 -0.1310029 0.2060024 1.316621 -0.1969092 0.1523369 1.328357 -0.1689668 0.08189611
-0.1566995 0.136091 -0.1305329 0.2061245 1.31413 -0.1938656 0.1570525 1.32152 -0.1696455 0.08255453
-0.1580254 0.135999 -0.1294215 0.206848 1.316915 -0.1988073 0.1533109 1.331364 -0.1705098 0.08360071
-0.1584504 0.1373565 -0.1295022 0.2086202 1.316175 -0.2006202 0.1533085 1.3655 -0.1711202 0.08442259
-0.1576003 0.1369928 -0.1280145 0.2084326 1.318973 -0.2050128 0.1373768 1.2831 -0.171816 0.08514133
-0.1567385 0.1372322 -0.127086 0.208564 1.319493 -0.2051375 0.1373882 1.283079 -0.1726328 0.08552771
-0.1561433 0.1371135 -0.1270425 0.2086772 1.320335 -0.2057277 0.1351018 1.283755 -0.1730384 0.0860483
-0.1564995 0.1376596 -0.126587 0.2089733 1.317972 -0.2075885 0.1344924 1.280636 -0.1734071 0.08646487
-0.1557377 0.1379424 -0.125988 0.2092251 1.318039 -0.2087077 0.131839 1.281464 -0.1737108 0.08677754
-0.155714 0.1378391 -0.1255091 0.2085966 1.31889 -0.2092482 0.1233795 1.284063 -0.1738551 0.08687247
-0.1559665 0.1375411 -0.1258833 0.20809 1.314232 -0.2081433 0.1197892 1.280071 -0.1741443 0.08698241
-0.1564493 0.1374001 -0.126533 0.2080822 1.313523 -0.207962 0.1165679 1.279534 -0.1745349 0.08689298
-0.1574502 0.1375421 -0.1289624 0.2080038 1.314137 -0.2082165 0.1194886 1.28303 -0.1748846 0.08677514
-0.1578394 0.137108 -0.1291806 0.2074866 1.313535 -0.1899774 0.1539071 1.330308 -0.1752006 0.08680507
-0.1582655 0.1377752 -0.1291643 0.2083242 1.316171 -0.2093124 0.122275 1.282714 -0.1754711 0.08681714
-0.158693 0.1378633 -0.1302372 0.2082693 1.316378 -0.2093532 0.1226147 1.282632 -0.1757298 0.08707126
-0.1587852 0.1378854 -0.1300534 0.2079762 1.314534 -0.2092736 0.1222176 1.282632 -0.1759046 0.08720672
-0.1591409 0.1378756 -0.1302268 0.2083662 1.314936 -0.2093003 0.1222698 1.282639 -0.1762403 0.0873329
-0.15936 0.1381184 -0.1302844 0.2084655 1.315569 -0.1900393 0.1568871 1.329316 -0.1766256 0.0873912
-0.1594786 0.1381876 -0.1304843 0.2086754 1.314967 -0.2094106 0.1240122 1.281545 -0.1768489 0.08781166
-0.1604235 0.1380496 -0.1307816 0.20965 1.31552 -0.2114759 0.1290405 1.280444 -0.1770503 0.08809691
-0.1607444 0.1385283 -0.1319091 0.2086038 1.316407 -0.2120146 0.1335614 1.279127 -0.1771195 0.08819002
-0.1612573 0.1386993 -0.1321453 0.2082897 1.312518 -0.2115254 0.1372517 1.281778 -0.1772138 0.08825844
-0.162232 0.1389751 -0.1348326 0.2088817 1.31044 -0.2102931 0.1417538 1.291 -0.1772264 0.08832581
-0.1618926 0.1407288 -0.1367931 0.2097706 1.306567 -0.2050587 0.1486743 1.294 -0.1772982 0.08819163
-0.1607224 0.1413193 -0.1368067 0.2091155 1.307242 -0.1988119 0.1500466 1.295556 -0.1772823 0.08812479
-0.1597092 0.1412309 -0.1369925 0.2090999 1.308344 -0.1950763 0.1518178 1.298133 -0.1772956 0.08806133
-0.1593946 0.1412706 -0.1368569 0.2092063 1.307826 -0.1888023 0.1511458 1.290909 -0.1772643 0.08794596
-0.1588858 0.1410366 -0.1368344 0.2088487 1.306749 -0.187289 0.1528387 1.29071 -0.1770547 0.08751434
-0.1576883 0.1412405 -0.1348659 0.2091013 1.306435 -0.1926206 0.151252 1.292274 -0.1769032 0.08734339
-0.1561791 0.1407808 -0.1303372 0.2085674 1.308175 -0.1938662 0.1497825 1.2786 -0.1767073 0.08733457
-0.1523402 0.1398412 -0.1201288 0.2080418 1.308856 -0.2020273 0.1440246 1.270375 -0.1747601 0.08890161
-0.1481319 0.1372153 -0.1122511 0.2049577 1.312386 -0.2045051 0.1372612 1.2625 -0.1739903 0.08940014
-0.1485506 0.1371773 -0.1120781 0.2042172 1.308827 -0.2059252 0.1277301 1.269778 -0.1733037 0.09039009
-0.1520826 0.1378208 -0.1134941 0.2062692 1.306055 -0.1808779 0.1571592 1.314437 -0.1735051 0.09055927
-0.1562978 0.1408451 -0.1203059 0.2093942 1.30434 -0.1843074 0.1606741 1.316988 -0.1746425 0.09172133
-0.1616579 0.1414626 -0.1284572 0.2112589 1.30742 -0.1920989 0.160511 1.315052 -0.1776188 0.09322739
-0.1668855 0.1437372 -0.1353822 0.215244 1.306499 -0.1936392 0.1673197 1.310318 -0.1807732 0.09398566
-0.1722576 0.14404 -0.1414366 0.2168265 1.305664 -0.2025488 0.1642745 1.315684 -0.1845367 0.09508799
-0.1788265 0.146343 -0.1492872 0.2188833 1.304639 -0.2080552 0.1656399 1.310364 -0.1918825 0.09491657
-0.1871157 0.1465835 -0.1571078 0.219586 1.303765 -0.2207614 0.1657288 1.323462 -0.1976353 0.09416506
-0.1955918 0.1453943 -0.169435 0.2187462 1.301673 -0.2290317 0.1604784 1.313125 -0.2046902 0.09316298
-0.2050953 0.1444375 -0.1798886 0.2181398 1.29609 -0.2498533 0.1141934 1.260167 -0.2129192 0.0914326
-0.213617 0.144362 -0.1881456 0.217739 1.292214 -0.2442298 0.1641611 1.3 -0.2220756 0.0893294
-0.2226777 0.1417353 -0.1966294 0.2142987 1.287402 -0.2532075 0.1627442 1.297802 -0.2313092 0.08750066
-0.2305895 0.1404256 -0.2040808 0.2120819 1.280303 -0.2607049 0.161392 1.292316 -0.2394432 0.08512487
-0.2404035 0.1322543 -0.2122325 0.2035991 1.277783 -0.269606 0.1576145 1.286667 -0.2497631 0.07887757
-0.2478322 0.1270843 -0.2155524 0.1990607 1.269801 -0.2808976 0.1401346 1.273615 -0.2577146 0.07552806
-0.2579976 0.120223 -0.2231205 0.1888863 1.261921 -0.2888288 0.1409793 1.263769 -0.2680428 0.07233956
-0.2689053 0.1130105 -0.2311891 0.1796424 1.254881 -0.316605 0.09874784 1.223345 -0.2771235 0.06906587
-0.2799546 0.1070119 -0.2419008 0.1729269 1.248843 -0.3480023 0.1211915 1.3135 -0.2859658 0.06663127
-0.2908886 0.1073339 -0.2534551 0.1718914 1.24112 -0.3286021 0.134347 1.257 -0.2968494 0.06162152
-0.3010167 0.1027487 -0.2737126 0.164982 1.229131 -0.3518027 0.09267718 1.19892 -0.3049829 0.05962742
-0.3101839 0.09920004 -0.2832571 0.1609733 1.220077 -0.3529201 0.1027287 1.216474 -0.3119033 0.05873029
-0.3181063 0.09434302 -0.2889362 0.1575602 1.211579 -0.3613466 0.09809685 1.213552 -0.3201065 0.05331525
-0.3241326 0.09068397 -0.2951959 0.1530503 1.204595 -0.3624076 0.1016752 1.205626 -0.3257937 0.05072671
-0.3284228 0.08947838 -0.2991031 0.1536475 1.195286 -0.3628793 0.1026078 1.189905 -0.3306472 0.04854939
-0.3312987 0.08830687 -0.3021745 0.1526292 1.190748 -0.3608829 0.1113168 1.19668 -0.3352941 0.04449026
-0.3339139 0.08559637 -0.3049402 0.1493957 1.188347 -0.3863277 0.06361561 1.181937 -0.3379152 0.04345422
-0.336527 0.08322133 -0.3078697 0.1448632 1.187961 -0.3702549 0.1011414 1.194741 -0.3401904 0.0427641
-0.3387067 0.08476827 -0.3080667 0.1483746 1.185735 -0.3869444 0.08476795 1.190823 -0.3426114 0.04086103
-0.3406626 0.08394439 -0.3085056 0.1484322 1.18562 -0.3964794 0.06557942 1.183824 -0.3439468 0.04015004
-0.3411258 0.084829 -0.3102784 0.1470251 1.183659 -0.3769195 0.1001574 1.185459 -0.344947 0.04053966
-0.3428064 0.0842938 -0.3110734 0.1473328 1.184802 -0.3902674 0.08437684 1.192957 -0.3457597 0.04076524
-0.3436689 0.08458489 -0.3148013 0.1475987 1.183166 -0.3872525 0.08848086 1.192143 -0.3466492 0.04095309
-0.3451073 0.08390202 -0.3133088 0.1483604 1.182975 -0.3898919 0.08726013 1.194844 -0.3476927 0.04146827
-0.3454012 0.08468777 -0.3134151 0.1466107 1.180969 -0.401146 0.06660904 1.178688 -0.3484217 0.04202932
-0.3462087 0.08524889 -0.3149593 0.1472984 1.181389 -0.3857941 0.09351443 1.184269 -0.349394 0.04237825
-0.3479449 0.08489344 -0.3166169 0.1480248 1.182435 -0.3978879 0.08610923 1.192133 -0.3502685 0.04249913
-0.3483063 0.08509031 -0.3191757 0.1476431 1.179994 -0.3942568 0.08339863 1.187962 -0.3513564 0.04236041
-0.3489243 0.08503882 -0.318496 0.147211 1.179371 -0.4033934 0.06769597 1.176563 -0.3521387 0.04273136
-0.3506911 0.08506785 -0.3186104 0.147347 1.18168 -0.3928514 0.09504573 1.188826 -0.3530619 0.04282318
-0.3508698 0.08587226 -0.3200552 0.1468241 1.181931 -0.3869159 0.1030665 1.185961 -0.3538699 0.04308581
-0.3508876 0.08590122 -0.3213373 0.1476788 1.181012 -0.40188 0.08070785 1.182412 -0.3544314 0.04326326
-0.3523262 0.08585023 -0.3228454 0.1467508 1.17965 -0.4081748 0.0696664 1.175381 -0.3550529 0.04351847
-0.3530635 0.0861061 -0.3222713 0.1470841 1.178218 -0.3916273 0.09925877 1.18408 -0.3558189 0.04389224
-0.3532194 0.08574235 -0.3220848 0.1464327 1.174999 -0.3899104 0.101246 1.18292 -0.356756 0.04385868
-0.3541577 0.0858701 -0.3239665 0.1458849 1.17353 -0.3917376 0.1000879 1.175045 -0.3575613 0.04394183
-0.3542215 0.08591277 -0.3256301 0.1461118 1.172016 -0.394295 0.09456627 1.178649 -0.3582407 0.04415879
-0.3545002 0.0892397 -0.3235298 0.149745 1.170958 -0.4063314 0.08869323 1.1755 -0.3585599 0.04463905
-0.3552569 0.09139779 -0.3267633 0.1501174 1.171645 -0.4119292 0.07939792 1.16681 -0.3586527 0.04600763
-0.3563949 0.09451779 -0.3299801 0.1534756 1.171991 -0.4056262 0.09296819 1.1772 -0.3588348 0.04810412
-0.3563949 0.09451779 -0.3299801 0.1534756 1.171991 -0.4056262 0.09296819 1.1772 -0.3588348 0.04810412
-0.357354 0.1060717 -0.3317299 0.1664283 1.17127 -0.4075171 0.1083518 1.187188 -0.359566 0.05532989
-0.3583799 0.1151601 -0.3338977 0.175225 1.171801 -0.4161372 0.1062203 1.1634 -0.3601547 0.0614586
-0.3583799 0.1151601 -0.3338977 0.175225 1.171801 -0.4161372 0.1062203 1.1634 -0.3601547 0.0614586
-0.3583799 0.1151601 -0.3338977 0.175225 1.171801 -0.4161372 0.1062203 1.1634 -0.3601547 0.0614586
-0.3589408 0.1221688 -0.3345707 0.1816844 1.171399 -0.4150436 0.1122238 1.16036 -0.3605546 0.06463084
-0.3611839 0.1306681 -0.3412749 0.1907438 1.172901 -0.4183918 0.1217153 1.161 -0.3614443 0.0690791
-0.3611839 0.1306681 -0.3412749 0.1907438 1.172901 -0.4183918 0.1217153 1.161 -0.3614443 0.0690791
-0.3611839 0.1306681 -0.3412749 0.1907438 1.172901 -0.4183918 0.1217153 1.161 -0.3614443 0.0690791
-0.3611839 0.1306681 -0.3412749 0.1907438 1.172901 -0.4183918 0.1217153 1.161 -0.3614443 0.0690791
-0.3611113 0.1381702 -0.3422145 0.1973278 1.172645 -0.4169851 0.1291831 1.156905 -0.3616762 0.07363145
-0.361053 0.1464179 -0.3437919 0.2073184 1.172646 -0.4152078 0.1341745 1.159405 -0.3617697 0.07975304
-0.361053 0.1464179 -0.3437919 0.2073184 1.172646 -0.4152078 0.1341745 1.159405 -0.3617697 0.07975304
-0.361053 0.1464179 -0.3437919 0.2073184 1.172646 -0.4152078 0.1341745 1.159405 -0.3617697 0.07975304
-0.3603027 0.1557489 -0.3442813 0.2165574 1.172651 -0.4167812 0.1437206 1.160428 -0.3602903 0.08999245
-0.3593242 0.1620966 -0.344401 0.2227065 1.173089 -0.4152718 0.1522372 1.155844 -0.3585479 0.09729353
-0.3593242 0.1620966 -0.344401 0.2227065 1.173089 -0.4152718 0.1522372 1.155844 -0.3585479 0.09729353
-0.3593242 0.1620966 -0.344401 0.2227065 1.173089 -0.4152718 0.1522372 1.155844 -0.3585479 0.09729353
-0.3581978 0.1730538 -0.3456526 0.2352286 1.175531 -0.4137006 0.1593815 1.162925 -0.3568233 0.1045498
-0.3563048 0.1849074 -0.342578 0.2481009 1.17619 -0.4110129 0.1669468 1.156875 -0.3544446 0.1180558
-0.3563048 0.1849074 -0.342578 0.2481009 1.17619 -0.4110129 0.1669468 1.156875 -0.3544446 0.1180558
-0.355175 0.1941641 -0.3426892 0.2585143 1.180039 -0.4117932 0.1765284 1.157389 -0.3527665 0.1301213
-0.3528031 0.2017521 -0.3414047 0.2651818 1.182488 -0.4082781 0.1819398 1.159273 -0.3509733 0.1353181
-0.3513961 0.2073328 -0.3411303 0.2712071 1.182306 -0.4033474 0.185901 1.155889 -0.3486951 0.1402526
-0.3503535 0.2135161 -0.3412916 0.2794635 1.18492 -0.4041581 0.1916952 1.155659 -0.3463134 0.1467798
-0.349514 0.2189436 -0.3409914 0.2860976 1.187613 -0.4008704 0.1930115 1.160196 -0.3448301 0.1525766
-0.3477733 0.2228811 -0.3406357 0.2889625 1.186379 -0.3986541 0.1964254 1.160044 -0.3438102 0.1575978
-0.3473632 0.2261641 -0.341251 0.2923697 1.187371 -0.3979376 0.1983957 1.159114 -0.3425532 0.1608024
-0.347434 0.2314522 -0.3413966 0.2992606 1.188114 -0.3986519 0.2000629 1.160867 -0.3416952 0.1664437
-0.3473806 0.233928 -0.3410129 0.3029308 1.187986 -0.4000783 0.1999967 1.163417 -0.3415318 0.1686209
-0.346734 0.2341226 -0.3402063 0.3025685 1.186638 -0.4051061 0.1986748 1.178278 -0.3410158 0.1698557
-0.3456121 0.2340713 -0.338893 0.3023313 1.18701 -0.3978201 0.2005636 1.1556 -0.3406562 0.1705863
-0.3424223 0.2353545 -0.3344904 0.3046307 1.187782 -0.3949406 0.1993591 1.158445 -0.3399735 0.171175
-0.3388951 0.2340902 -0.3295933 0.3047403 1.188732 -0.4023213 0.1985766 1.179167 -0.3385639 0.1716803
-0.3326039 0.2333277 -0.323871 0.304912 1.191332 -0.3899294 0.2011607 1.158395 -0.3358057 0.1721809
-0.3255648 0.2317588 -0.3146133 0.3053671 1.195442 -0.3832341 0.2016952 1.160295 -0.3301421 0.1718244
-0.3167833 0.2298435 -0.3063685 0.3040517 1.199935 -0.37316 0.2005503 1.163977 -0.3226907 0.1722725
-0.3083864 0.2291192 -0.2992242 0.3017316 1.206494 -0.3632568 0.2011893 1.169853 -0.3153251 0.1726081
-0.2993073 0.2277055 -0.2893872 0.3012898 1.213179 -0.3536571 0.201955 1.173825 -0.3074494 0.171107
-0.2893941 0.2264303 -0.2789165 0.3005134 1.220098 -0.3418368 0.2028785 1.176457 -0.2985848 0.1694448
-0.2785915 0.2236357 -0.2692013 0.2985109 1.22455 -0.3311872 0.2050368 1.181839 -0.2891622 0.1681157
-0.2672611 0.2235148 -0.257153 0.2978253 1.232733 -0.3185868 0.2052344 1.18625 -0.2789083 0.1669642
-0.2552195 0.2249159 -0.2443001 0.3000455 1.240347 -0.3066753 0.2060643 1.192261 -0.2700691 0.1674963
-0.243001 0.2240545 -0.2328045 0.2980101 1.246243 -0.2939546 0.2064673 1.197952 -0.2591326 0.1662761
-0.2325197 0.2231102 -0.2211332 0.2973218 1.25549 -0.2828263 0.2081176 1.207046 -0.2481262 0.1650988
-0.2226974 0.2224377 -0.2111314 0.2954011 1.262183 -0.2715424 0.2068687 1.209846 -0.2374377 0.1666963
-0.2127053 0.2210907 -0.1996702 0.2936906 1.268471 -0.2608912 0.207911 1.216643 -0.2284749 0.1677939
-0.2028045 0.2217975 -0.190711 0.2950661 1.274425 -0.2496813 0.2074946 1.2226 -0.2203211 0.1676295
-0.1925378 0.2208696 -0.1801086 0.2925774 1.279122 -0.2383428 0.2075902 1.225704 -0.2119204 0.1647183
-0.1837967 0.2262849 -0.1692545 0.2982812 1.287464 -0.2312645 0.2128542 1.229842 -0.2056023 0.1663662
-0.1774058 0.228082 -0.1602357 0.2997059 1.292378 -0.223345 0.2132859 1.233783 -0.1993513 0.1685725
-0.1736962 0.2319568 -0.1561781 0.3043203 1.296114 -0.2206968 0.2175141 1.23981 -0.1945741 0.1709473
-0.1719825 0.232857 -0.1549302 0.3052272 1.298933 -0.2159817 0.2176369 1.235842 -0.1918054 0.172281
-0.1712593 0.2339225 -0.1537521 0.3061667 1.304066 -0.2150375 0.2196281 1.2412 -0.1901868 0.1731452
-0.1708898 0.2339555 -0.1546009 0.3064069 1.305729 -0.2138559 0.2196602 1.2414 -0.1888534 0.1741644
-0.1710383 0.233897 -0.1559158 0.3067017 1.30684 -0.2144146 0.2195519 1.240301 -0.1881705 0.1743613
-0.1711577 0.2339151 -0.1560135 0.3064218 1.306965 -0.2151531 0.2193805 1.241648 -0.1875785 0.1746808
-0.1718848 0.2335366 -0.1547742 0.3068461 1.306238 -0.216329 0.2181969 1.240987 -0.1872486 0.1748438
-0.1729475 0.2332799 -0.1547143 0.3063494 1.304211 -0.2177237 0.2170586 1.239034 -0.1871079 0.1748783
-0.1739212 0.2317696 -0.1566055 0.3054344 1.300789 -0.2178297 0.2150118 1.236144 -0.1871318 0.1741311
-0.1751404 0.2298686 -0.157329 0.3040547 1.299447 -0.2183206 0.2106578 1.233392 -0.1872164 0.1733191
-0.1765624 0.2256215 -0.1596357 0.2989575 1.299151 -0.2190162 0.2025222 1.232091 -0.1882729 0.1691726
-0.1781674 0.2163855 -0.1622999 0.2898504 1.296679 -0.2214004 0.1957688 1.233 -0.1898795 0.1617494
-0.1792606 0.210732 -0.164132 0.2827647 1.293688 -0.2223636 0.1864196 1.232 -0.1905871 0.1584764
-0.1805709 0.2041465 -0.1652541 0.2737304 1.289599 -0.2255505 0.1792225 1.2289 -0.19195 0.1515549
-0.1826188 0.1886908 -0.165808 0.2610819 1.285698 -0.2276898 0.1692642 1.228917 -0.1946209 0.1356482
-0.1835328 0.1778297 -0.1649193 0.2497619 1.284252 -0.2281857 0.1561144 1.228385 -0.1966296 0.126132
-0.1829759 0.1665464 -0.1626212 0.2380024 1.280954 -0.2277666 0.1444793 1.224 -0.1977176 0.1167677
-0.1824831 0.1548714 -0.1599955 0.2252717 1.279548 -0.2280569 0.1315623 1.225727 -0.1980713 0.1062845
-0.1823295 0.142452 -0.1580344 0.2122618 1.278216 -0.2301399 0.1198124 1.227385 -0.1991856 0.09412345
-0.1829635 0.1301858 -0.1560388 0.1985978 1.276799 -0.2319013 0.1095243 1.225889 -0.1988451 0.08602459
-0.1836222 0.1145776 -0.1540143 0.1859031 1.277626 -0.2325756 0.09747121 1.230539 -0.2006738 0.07294682
-0.1846092 0.1037377 -0.1536067 0.1745223 1.273948 -0.2329863 0.08601553 1.228909 -0.2027383 0.06300525
-0.1874084 0.09377809 -0.1564514 0.1641777 1.274273 -0.2371802 0.07865328 1.23 -0.2042288 0.05546164
-0.18838 0.08595389 -0.1566694 0.1552295 1.271922 -0.2377572 0.06708467 1.233091 -0.2111075 0.04366273
-0.1908648 0.07640232 -0.1572065 0.1452004 1.269729 -0.2408208 0.06101316 1.2307 -0.2145877 0.03635468
-0.1928863 0.0690326 -0.1588642 0.1377941 1.27175 -0.2437003 0.05517182 1.229111 -0.2196856 0.02648779
-0.1933154 0.06473576 -0.1594876 0.1327007 1.270532 -0.2445591 0.04935341 1.23225 -0.222444 0.02203209
-0.1940489 0.05924347 -0.158372 0.1276439 1.267353 -0.2446761 0.04376129 1.232111 -0.2246096 0.01765153
-0.1957786 0.05649752 -0.1584756 0.1249146 1.269576 -0.2240593 0.009779092 1.250222 -0.2260861 0.01468665
-0.197196 0.05680602 -0.1604506 0.1257419 1.26976 -0.2476059 0.04427605 1.2312 -0.2260621 0.01399213
-0.1987218 0.05762876 -0.1626868 0.1279378 1.269912 -0.2473166 0.04371618 1.233366 -0.2269535 0.01307924
-0.2015091 0.05839727 -0.1641013 0.1293062 1.269898 -0.2296228 0.08178049 1.288577 -0.2281714 0.01278276
-0.2050318 0.0587004 -0.1697548 0.1302242 1.270362 -0.2390025 0.08496151 1.309857 -0.2292794 0.01322932
-0.2085289 0.06206803 -0.1737047 0.132838 1.270369 -0.2541188 0.04938553 1.237391 -0.230906 0.01485435
-0.2112968 0.06840087 -0.1771788 0.1407949 1.270975 -0.2566752 0.05269665 1.238676 -0.232434 0.01922401
-0.2143673 0.07223757 -0.1802612 0.1419216 1.26935 -0.2592206 0.0555389 1.235881 -0.2338117 0.02489433
-0.2184854 0.07625742 -0.1835058 0.1456611 1.26915 -0.2634735 0.05689125 1.239 -0.235966 0.02879563
-0.2227564 0.08157621 -0.1885116 0.1489996 1.267811 -0.2534162 0.1006509 1.272143 -0.2396525 0.03285556
-0.2283175 0.08681564 -0.1957213 0.1550648 1.267333 -0.2729766 0.06598675 1.238312 -0.243383 0.03636726
-0.2343225 0.09079301 -0.2017045 0.158427 1.266183 -0.2837582 0.1095336 1.3325 -0.2478742 0.04115445
-0.238558 0.09672463 -0.2081118 0.1667781 1.263442 -0.2691694 0.1236249 1.281429 -0.2520443 0.04474691
-0.2443728 0.1008356 -0.2127643 0.1688419 1.264205 -0.2899645 0.08231683 1.233893 -0.2556382 0.04760323
-0.2509208 0.1028913 -0.2187991 0.1689442 1.261598 -0.2924853 0.0825133 1.23191 -0.2613345 0.05200051
-0.2588661 0.1059909 -0.2248779 0.1711806 1.258469 -0.3004946 0.08375786 1.227321 -0.2678224 0.05560445
-0.2693709 0.1091401 -0.2362393 0.1770872 1.251662 -0.3011863 0.1327659 1.261476 -0.2765329 0.05943006
-0.2807468 0.1096503 -0.2488931 0.1747016 1.248574 -0.3223513 0.08999109 1.215806 -0.2859399 0.0652517
-0.2927252 0.1105578 -0.2604614 0.1788257 1.242966 -0.3365656 0.0951486 1.207188 -0.2970248 0.06683508
-0.301278 0.1147462 -0.2760141 0.180104 1.234562 -0.3601469 0.1334423 1.303 -0.305524 0.06886055
-0.3107491 0.1226866 -0.287622 0.1911297 1.222217 -0.3614884 0.1082275 1.204333 -0.3142236 0.0703658
-0.3193937 0.1242764 -0.2979522 0.1906124 1.210893 -0.3673367 0.1115827 1.208046 -0.3220024 0.07152327
-0.3288058 0.1257017 -0.3046293 0.1912485 1.202831 -0.3763754 0.1015205 1.18436 -0.3299133 0.07328366
-0.3384713 0.1269183 -0.31404 0.1923468 1.193564 -0.3737186 0.1426179 1.215824 -0.3369971 0.07533627
-0.3487682 0.1251221 -0.3258483 0.186673 1.18841 -0.3826851 0.1407415 1.204125 -0.3441189 0.07693742
-0.3567148 0.1268464 -0.3348562 0.1889212 1.180974 -0.3957337 0.133494 1.195545 -0.3523607 0.07765568
-0.3631773 0.1293883 -0.3427037 0.1907018 1.17735 -0.4050337 0.1300261 1.194737 -0.3587301 0.07657821
-0.3670933 0.1317396 -0.348397 0.1943093 1.172294 -0.4098193 0.1279307 1.191625 -0.363148 0.07651474
-0.3703592 0.1323083 -0.351059 0.1928741 1.171597 -0.4122595 0.125869 1.182452 -0.3665567 0.07603497
-0.3724393 0.1354141 -0.3544891 0.1966768 1.169895 -0.4173883 0.1271103 1.180739 -0.3694029 0.07694044
-0.3744643 0.1362329 -0.3549537 0.1965252 1.169291 -0.4220072 0.1295105 1.1864 -0.3716259 0.07753669
-0.3753753 0.1390796 -0.3581766 0.1987958 1.167714 -0.4155344 0.1521011 1.190727 -0.3733018 0.07874115
-0.3763864 0.1398403 -0.3582354 0.1993834 1.169158 -0.4219135 0.1331994 1.176818 -0.3743995 0.07981296
-0.3769945 0.1402807 -0.3589186 0.1995295 1.168205 -0.4169512 0.1403405 1.184389 -0.3752227 0.08047882
-0.3778043 0.1427538 -0.3605066 0.2020169 1.167166 -0.4211141 0.1789767 1.214 -0.3758975 0.08116987
-0.3777142 0.1426293 -0.3611974 0.2025843 1.167617 -0.4309196 0.1236212 1.1825 -0.37646 0.08150256
-0.3776805 0.1449063 -0.3596107 0.2051118 1.165773 -0.4202139 0.1497445 1.181615 -0.3768067 0.08175563
-0.3781855 0.1447732 -0.3605466 0.2041267 1.165326 -0.4351029 0.1153721 1.161235 -0.3771239 0.08207154
-0.3798011 0.1434311 -0.3629303 0.2043359 1.15901 -0.4371964 0.1345543 1.182778 -0.3773761 0.082366
-0.3845598 0.1415699 -0.3711599 0.2044255 1.160615 -0.438116 0.1369819 1.168889 -0.3777246 0.08252883
-0.38853 0.1446721 -0.3821928 0.2080045 1.159427 -0.4322469 0.1509573 1.197322 -0.3787632 0.0892249
-0.3875321 0.1437244 -0.3878416 0.207194 1.157149 -0.4303441 0.153688 1.1852 -0.3787959 0.08879675
-0.3875321 0.1437244 -0.3878416 0.207194 1.157149 -0.4303441 0.153688 1.1852 -0.3787959 0.08879675
-0.3868739 0.142906 -0.3867739 0.2078501 1.158432 -0.432379 0.1488234 1.196056 -0.3788002 0.08867173
-0.386413 0.1444946 -0.3867164 0.207639 1.161805 -0.431596 0.1614502 1.196182 -0.3786021 0.09035803
-0.3859942 0.1471716 -0.3851639 0.2086984 1.162544 -0.4315229 0.1489056 1.190367 -0.378547 0.09009019
-0.3843681 0.1464167 -0.3786816 0.2077826 1.164385 -0.4367634 0.1460635 1.183067 -0.378485 0.09109809
-0.3830984 0.1460939 -0.3734685 0.2086544 1.168214 -0.4447927 0.1429029 1.17821 -0.3784497 0.08939345
-0.3819605 0.1461654 -0.369621 0.2080997 1.169347 -0.4431479 0.1346424 1.174344 -0.37781 0.09094102
-0.3798453 0.1457482 -0.3659702 0.2087159 1.16929 -0.4476043 0.1315169 1.182392 -0.3775971 0.09088153
-0.3798453 0.1457482 -0.3659702 0.2087159 1.16929 -0.4476043 0.1315169 1.182392 -0.3775971 0.09088153
-0.3792337 0.1463698 -0.3648988 0.208924 1.171031 -0.4423171 0.1383788 1.182308 -0.3769419 0.09323899
-0.3781613 0.1463691 -0.3637802 0.2097145 1.172178 -0.4443575 0.1353106 1.182965 -0.3764016 0.09293447
-0.3781613 0.1463691 -0.3637802 0.2097145 1.172178 -0.4443575 0.1353106 1.182965 -0.3764016 0.09293447
-0.3770382 0.1469338 -0.3614799 0.2097665 1.172287 -0.444306 0.12976 1.177882 -0.3758993 0.09454862
-0.3766677 0.1485882 -0.3623517 0.2120496 1.17304 -0.4497511 0.1256093 1.19775 -0.3753832 0.09415209
-0.3761239 0.1485206 -0.3615232 0.2129486 1.173376 -0.4459339 0.1322175 1.187471 -0.3747056 0.09375527
-0.3760053 0.1489874 -0.3603768 0.2128355 1.174183 -0.4452434 0.1312977 1.185537 -0.3741639 0.09340066
-0.3760053 0.1489874 -0.3603768 0.2128355 1.174183 -0.4452434 0.1312977 1.185537 -0.3741639 0.09340066
-0.3753265 0.1487329 -0.3604492 0.2122869 1.17332 -0.439769 0.1284216 1.17768 -0.3738073 0.09336738
-0.3753722 0.149039 -0.3608578 0.2122859 1.172329 -0.4412021 0.1328857 1.182808 -0.3735232 0.09341343
-0.3753068 0.1504114 -0.3620819 0.2116911 1.170734 -0.435454 0.1399668 1.16648 -0.3733472 0.09338719
-0.3757549 0.1517764 -0.3618548 0.2128163 1.168009 -0.4256996 0.171096 1.2394 -0.3729393 0.095407
-0.3774504 0.1519371 -0.3645329 0.2121894 1.16783 -0.4228088 0.169007 1.204267 -0.3727524 0.09664224
-0.3774504 0.1519371 -0.3645329 0.2121894 1.16783 -0.4228088 0.169007 1.204267 -0.3727524 0.09664224
-0.3792514 0.149831 -0.3701973 0.2119393 1.169836 -0.4202358 0.1749384 1.194263 -0.372584 0.09588853
-0.3808703 0.1472058 -0.3749945 0.2128616 1.17184 -0.4244483 0.1684776 1.205577 -0.3727698 0.0949208
-0.3826842 0.1473437 -0.3763838 0.2120778 1.169908 -0.4247086 0.1643593 1.192813 -0.3733684 0.09320999
-0.3826842 0.1473437 -0.3763838 0.2120778 1.169908 -0.4247086 0.1643593 1.192813 -0.3733684 0.09320999
-0.3842654 0.1486961 -0.378697 0.2114595 1.171105 -0.4276161 0.1667139 1.195412 -0.374014 0.09196456
-0.3849208 0.1485913 -0.3783529 0.2123782 1.17044 -0.4439676 0.1595087 1.191667 -0.3747242 0.09254167
-0.3837672 0.1466073 -0.3728406 0.2126872 1.171494 -0.4454103 0.1442755 1.1825 -0.3762819 0.08978582
-0.3836339 0.1452256 -0.372107 0.2127283 1.172933 -0.4473504 0.1324799 1.186 -0.377051 0.0883769
-0.3836339 0.1452256 -0.372107 0.2127283 1.172933 -0.4473504 0.1324799 1.186 -0.377051 0.0883769
-0.3830598 0.1436124 -0.369948 0.2090697 1.172928 -0.444618 0.1273996 1.18044 -0.3775933 0.09132205
-0.383327 0.1428915 -0.3714989 0.2088455 1.172538 -0.4484711 0.1247156 1.193846 -0.3778032 0.09260579
-0.3839479 0.1425803 -0.3728494 0.2088261 1.17272 -0.442088 0.1331647 1.185307 -0.3779837 0.09318609
-0.3839479 0.1425803 -0.3728494 0.2088261 1.17272 -0.442088 0.1331647 1.185307 -0.3779837 0.09318609
-0.385413 0.1427709 -0.3732578 0.208912 1.172393 -0.4338574 0.1499891 1.19825 -0.3781481 0.09373204
-0.3862149 0.142702 -0.3756239 0.2100958 1.172682 -0.4517685 0.1251188 1.188154 -0.3786013 0.09211282
-0.386206 0.1428622 -0.3758543 0.2091473 1.172089 -0.4452994 0.1205375 1.179486 -0.3788665 0.09284479
-0.386206 0.1428622 -0.3758543 0.2091473 1.172089 -0.4452994 0.1205375 1.179486 -0.3788665 0.09284479
-0.3861994 0.1414622 -0.3741221 0.2056259 1.172963 -0.4448801 0.119598 1.179757 -0.3790101 0.09360173
-0.3863254 0.1436968 -0.3752556 0.2084498 1.171529 -0.4453614 0.1221413 1.180662 -0.3794995 0.09473146
-0.3855835 0.1442252 -0.373971 0.2081876 1.170235 -0.4538543 0.1294329 1.19 -0.3795486 0.09528973
-0.3851673 0.1450916 -0.3740491 0.2079361 1.169493 -0.4435734 0.1232596 1.174914 -0.3796606 0.0960143
-0.3851673 0.1450916 -0.3740491 0.2079361 1.169493 -0.4435734 0.1232596 1.174914 -0.3796606 0.0960143
-0.3849185 0.1469764 -0.3734307 0.2084044 1.16934 -0.4428688 0.1262547 1.173057 -0.3797351 0.09714046
-0.3848522 0.1515447 -0.3724663 0.2116724 1.16724 -0.4451922 0.1338833 1.169886 -0.3793389 0.09868604
-0.3846433 0.1558939 -0.3727888 0.2147925 1.167011 -0.4435526 0.139102 1.168051 -0.3787842 0.09996297
-0.3846433 0.1558939 -0.3727888 0.2147925 1.167011 -0.4435526 0.139102 1.168051 -0.3787842 0.09996297
-0.3843833 0.1622225 -0.3727669 0.2216214 1.167589 -0.4415428 0.1462771 1.167021 -0.3782127 0.1015533
-0.3837259 0.1741275 -0.3723052 0.234168 1.166766 -0.4405305 0.157814 1.162604 -0.377461 0.1064942
-0.3837259 0.1741275 -0.3723052 0.234168 1.166766 -0.4405305 0.157814 1.162604 -0.377461 0.1064942
-0.3837259 0.1741275 -0.3723052 0.234168 1.166766 -0.4405305 0.157814 1.162604 -0.377461 0.1064942
-0.3837259 0.1741275 -0.3723052 0.234168 1.166766 -0.4405305 0.157814 1.162604 -0.377461 0.1064942
-0.3833053 0.1867274 -0.3743392 0.2463227 1.166818 -0.438537 0.1686308 1.161155 -0.37642 0.1161192
-0.3826179 0.1997433 -0.3722056 0.2589023 1.167589 -0.4379171 0.1823636 1.159536 -0.3742397 0.1297855
-0.3826179 0.1997433 -0.3722056 0.2589023 1.167589 -0.4379171 0.1823636 1.159536 -0.3742397 0.1297855
-0.3826179 0.1997433 -0.3722056 0.2589023 1.167589 -0.4379171 0.1823636 1.159536 -0.3742397 0.1297855
-0.3817405 0.2126554 -0.3707834 0.2733009 1.170119 -0.4368275 0.1966197 1.158715 -0.3729338 0.1401844
-0.3805602 0.2230638 -0.3688854 0.2832295 1.171646 -0.4306771 0.217785 1.2135 -0.3712502 0.1496235
-0.3805602 0.2230638 -0.3688854 0.2832295 1.171646 -0.4306771 0.217785 1.2135 -0.3712502 0.1496235
-0.3793864 0.2388628 -0.3700843 0.3017884 1.172758 -0.4333552 0.2189443 1.152382 -0.369789 0.1678913
-0.378369 0.2463278 -0.3701537 0.3086663 1.174089 -0.4312492 0.2275571 1.153262 -0.3684491 0.1749319
-0.3777732 0.2556219 -0.3696255 0.3182932 1.17613 -0.4308304 0.2388981 1.151391 -0.3672459 0.182112
-0.3772226 0.2619418 -0.3697551 0.3256317 1.177546 -0.4304227 0.2441222 1.154481 -0.3663318 0.1884592
-0.376479 0.2659757 -0.36972 0.3285983 1.177672 -0.4295473 0.2489538 1.156816 -0.365442 0.1938453
-0.3758287 0.2714206 -0.3699614 0.3355541 1.179649 -0.4275575 0.2520633 1.155724 -0.3645814 0.1985669
-0.3757387 0.274957 -0.3714446 0.3390058 1.18117 -0.4277236 0.2555795 1.155679 -0.3643983 0.2029454
-0.3757906 0.2783763 -0.371071 0.3426182 1.181994 -0.4260877 0.2569718 1.156 -0.3640301 0.2065407
-0.376357 0.280963 -0.3726 0.3462794 1.18396 -0.4272902 0.2590373 1.161317 -0.3638755 0.2092726
-0.3756799 0.2823546 -0.3718201 0.3465263 1.183497 -0.4266776 0.2603013 1.157249 -0.3635556 0.2114147
-0.3750173 0.2845767 -0.3734685 0.3490632 1.184113 -0.4245538 0.2568246 1.157298 -0.3632398 0.2129716
-0.3737769 0.2842159 -0.3719719 0.3496922 1.184397 -0.4243074 0.2586623 1.156737 -0.3627514 0.2140472
-0.3723173 0.2841867 -0.3705043 0.3493964 1.1847 -0.4243178 0.2596627 1.159753 -0.3620349 0.2149371
-0.369907 0.2846388 -0.3669788 0.3521738 1.184297 -0.4221462 0.2596327 1.1567 -0.3610808 0.2153171
-0.367063 0.2838968 -0.3631986 0.3526969 1.184394 -0.4212144 0.2622496 1.156964 -0.3593179 0.2157195
-0.3629719 0.2835549 -0.360045 0.3516638 1.182188 -0.4142644 0.2583708 1.159685 -0.3565534 0.2160969
-0.3581401 0.2829293 -0.3567836 0.3518398 1.18318 -0.4089815 0.2566215 1.156 -0.3527488 0.216717
-0.3525212 0.2829777 -0.3517241 0.3511796 1.181388 -0.3981144 0.2515266 1.157237 -0.347347 0.2167906
-0.3462936 0.2820669 -0.3454226 0.3514097 1.181289 -0.3920751 0.2503977 1.157459 -0.3414487 0.2173501
-0.3375067 0.2818237 -0.3361153 0.3515938 1.182574 -0.3829398 0.249938 1.159109 -0.3348961 0.2179978
-0.3280151 0.2801205 -0.329582 0.3493648 1.185368 -0.3726027 0.2487878 1.160413 -0.3256415 0.2174086
-0.3171485 0.2775056 -0.3182366 0.3474311 1.189903 -0.3592761 0.2457818 1.163284 -0.3153826 0.2165229
-0.3043068 0.2744311 -0.3079216 0.343291 1.195361 -0.3465557 0.2474959 1.166052 -0.3034854 0.2143234
-0.290593 0.2730322 -0.2923818 0.3406931 1.201323 -0.3319085 0.2490761 1.169795 -0.2915649 0.2124754
-0.2730326 0.2679034 -0.2758432 0.3372926 1.208494 -0.3127856 0.2433103 1.173849 -0.276767 0.2084496
-0.2548588 0.2634115 -0.2563332 0.3330671 1.21816 -0.294229 0.2407259 1.184786 -0.2607403 0.2029536
-0.2373497 0.2618549 -0.2381852 0.3322838 1.226705 -0.2773657 0.241973 1.189961 -0.2460253 0.2012224
-0.2214735 0.2607174 -0.2197901 0.3325672 1.235889 -0.2617635 0.2423213 1.197935 -0.2316796 0.2010851
-0.207872 0.2560385 -0.2021441 0.3248231 1.2487 -0.2481535 0.2434231 1.205537 -0.2203647 0.1972401
-0.1967968 0.2572233 -0.191342 0.3278512 1.256062 -0.2357758 0.2427566 1.213256 -0.2115205 0.1986137
-0.1865672 0.2583541 -0.1810547 0.329852 1.262222 -0.2264026 0.2460891 1.217371 -0.2027464 0.1995661
-0.1796152 0.2598594 -0.1724837 0.3322184 1.26961 -0.2187914 0.2479231 1.22353 -0.1966063 0.1994153
-0.174564 0.258795 -0.1634688 0.3301121 1.277002 -0.2124542 0.2465973 1.227487 -0.1909877 0.1990394
-0.172489 0.2605296 -0.1592723 0.3306429 1.279514 -0.2119549 0.2508484 1.232025 -0.1878621 0.2007116
-0.1720168 0.2611472 -0.1585305 0.3304617 1.281003 -0.2119572 0.2526693 1.233053 -0.1864097 0.2009583
-0.1727714 0.2635752 -0.1601717 0.3343453 1.281049 -0.2124518 0.2523151 1.23199 -0.1851544 0.2021987
-0.1741976 0.264137 -0.1614123 0.3340124 1.281446 -0.2136531 0.2521536 1.230596 -0.1844652 0.2033854
-0.1750238 0.2637417 -0.1628811 0.3330523 1.281291 -0.2155914 0.2529008 1.231465 -0.1842756 0.2037648
-0.17742 0.2630479 -0.1656587 0.3326169 1.27925 -0.2183305 0.2535437 1.232482 -0.1843231 0.20359
-0.1795523 0.2621813 -0.1684274 0.3330039 1.278161 -0.2176298 0.2511284 1.228784 -0.1845521 0.2034305
-0.1826569 0.2611055 -0.1721606 0.3332371 1.275144 -0.2246508 0.2505469 1.234189 -0.1851842 0.2032833
-0.1849458 0.2567897 -0.1740874 0.3291879 1.27097 -0.2266196 0.2470906 1.228783 -0.1871134 0.1996029
-0.1884736 0.2546079 -0.1776431 0.3264802 1.267748 -0.2292116 0.2423094 1.225769 -0.1883628 0.1986702
-0.1918034 0.245169 -0.1822197 0.3170845 1.265624 -0.2332492 0.2366473 1.227965 -0.1920556 0.1899069
-0.193698 0.2345939 -0.1834757 0.3057544 1.263041 -0.2321047 0.2208804 1.220791 -0.1945461 0.1840566
-0.1962924 0.2295165 -0.184755 0.3020674 1.258792 -0.2353943 0.2157366 1.219697 -0.1978033 0.1765358
-0.1967093 0.2144624 -0.1832115 0.2836008 1.259193 -0.2352317 0.2032219 1.219787 -0.2013738 0.1618705
-0.1955752 0.2073255 -0.1820779 0.2776293 1.257439 -0.2370483 0.1994114 1.223658 -0.2023059 0.1539286
-0.1932712 0.1970015 -0.1758776 0.2687412 1.254848 -0.2346353 0.1894503 1.221649 -0.2020722 0.1452144
-0.1912713 0.1880562 -0.1730517 0.2589935 1.253617 -0.2323804 0.1782574 1.220296 -0.2018932 0.1371097
-0.190645 0.1732382 -0.1686577 0.2444454 1.251356 -0.2325018 0.1645501 1.22176 -0.2028241 0.1223413
-0.1903089 0.1583222 -0.166262 0.2278499 1.250066 -0.2307326 0.1483707 1.2164 -0.2042467 0.1086736
-0.1909386 0.1435912 -0.1647422 0.2122517 1.25004 -0.2324567 0.1315718 1.219533 -0.2054067 0.09605663
-0.1912282 0.131539 -0.1635575 0.1981461 1.251585 -0.2314174 0.122242 1.21685 -0.2064448 0.08412527
-0.1923978 0.1153646 -0.1627941 0.1844694 1.248553 -0.2339623 0.1072446 1.220424 -0.2073105 0.07367729
-0.1944367 0.1052747 -0.163109 0.1740765 1.249834 -0.235393 0.1008627 1.2208 -0.2085292 0.06562811
-0.1959034 0.098624 -0.1623043 0.1672549 1.253862 -0.2361065 0.09427226 1.221963 -0.2098751 0.06016774
-0.1965771 0.0946984 -0.1616687 0.1627503 1.250931 -0.2357517 0.09018519 1.219333 -0.2109136 0.05627937
-0.1971535 0.0916689 -0.1627315 0.159767 1.253127 -0.2381781 0.08690755 1.223781 -0.2149558 0.04949683
-0.1985771 0.08981919 -0.1624425 0.15885 1.254016 -0.2379197 0.1063647 1.30375 -0.2166442 0.04690197
-0.1991455 0.09001401 -0.1625711 0.1600228 1.254175 -0.2384162 0.1063142 1.303625 -0.2176193 0.0456378
-0.1996377 0.09101505 -0.1646082 0.1607497 1.25351 -0.2399302 0.08838207 1.223974 -0.2182833 0.04492767
-0.2006895 0.09179125 -0.1647208 0.1613232 1.255274 -0.2400834 0.08835964 1.223995 -0.2187618 0.04461874
-0.2019323 0.09258452 -0.1660726 0.1628632 1.256276 -0.2323027 0.1161934 1.2816 -0.2193139 0.04455735
-0.2031884 0.09324066 -0.1683491 0.1629064 1.255618 -0.2435706 0.09159607 1.225333 -0.2187238 0.04658378
-0.2043222 0.09383031 -0.169257 0.15991 1.256955 -0.2436507 0.09198966 1.22402 -0.2183456 0.04907282
-0.2063335 0.09684636 -0.171175 0.1644098 1.257331 -0.2449168 0.0937814 1.224868 -0.218242 0.05185129
-0.2071634 0.1000559 -0.1733126 0.1669826 1.257451 -0.2461651 0.09752996 1.222811 -0.218682 0.05422674
-0.2089054 0.1037037 -0.1746097 0.1692918 1.259476 -0.2488385 0.10393 1.22397 -0.2192733 0.05724711
-0.2100933 0.1072842 -0.1766545 0.1748671 1.260092 -0.2499574 0.1068388 1.223632 -0.21998 0.06015608
-0.2120113 0.1140675 -0.1801216 0.1809192 1.256909 -0.2560632 0.1159121 1.228156 -0.2210048 0.06370233
-0.2145743 0.1195925 -0.1833866 0.1877663 1.254475 -0.2543725 0.1329503 1.285857 -0.222608 0.06771716
-0.2183254 0.1229154 -0.1862277 0.1926375 1.252891 -0.2589779 0.1211789 1.218784 -0.2252196 0.07115859
-0.2243137 0.1274933 -0.1923251 0.1975014 1.247276 -0.2654262 0.1250318 1.211943 -0.2320268 0.07460364
-0.2319853 0.1303723 -0.2013019 0.201194 1.238523 -0.271743 0.1197017 1.207069 -0.2388929 0.07685633
-0.245559 0.1286861 -0.2119358 0.1998055 1.232637 -0.2853702 0.1229537 1.197781 -0.2511877 0.07688442
-0.2613792 0.1251544 -0.2265203 0.1915608 1.226125 -0.3013093 0.1218393 1.190673 -0.2638852 0.07683583
-0.2766196 0.1289684 -0.2441979 0.1987594 1.220437 -0.3113717 0.1520318 1.238882 -0.2774476 0.0798648
-0.2929577 0.1324735 -0.2608593 0.2010906 1.214207 -0.3341149 0.1367115 1.178943 -0.292372 0.07887568
-0.3068333 0.1393367 -0.2812751 0.2044389 1.209417 -0.3493928 0.151342 1.174875 -0.3036728 0.08036264
-0.3180815 0.1420147 -0.2966881 0.2060929 1.203472 -0.362439 0.1604994 1.178125 -0.3144328 0.08065096
-0.3244845 0.1434079 -0.3036997 0.2058169 1.202242 -0.3668557 0.1467138 1.171639 -0.3208412 0.08235026
-0.3286469 0.1471942 -0.3063777 0.2081569 1.198513 -0.3717237 0.1538658 1.167912 -0.3250007 0.08359626
-0.3313351 0.1500518 -0.3077531 0.2115655 1.19916 -0.3749437 0.1549177 1.168444 -0.3282995 0.08449347
-0.3327978 0.1509374 -0.3104503 0.2115854 1.198574 -0.3777845 0.1567719 1.167156 -0.3303292 0.08516105
-0.3346286 0.1504978 -0.3110788 0.2111262 1.196744 -0.3802927 0.15694 1.166088 -0.3324798 0.0860583
-0.3361905 0.1516353 -0.3117548 0.2112158 1.196217 -0.3838852 0.162723 1.165529 -0.3339242 0.08691371
-0.3377428 0.1504058 -0.3146774 0.2109027 1.195155 -0.3847519 0.1513809 1.168167 -0.3353736 0.08762817
-0.3390216 0.1500189 -0.3159179 0.2106998 1.194317 -0.3880458 0.1552328 1.167056 -0.3365362 0.08820177
-0.339651 0.1497386 -0.3160531 0.2107538 1.192462 -0.3849905 0.1601923 1.186421 -0.3376395 0.08889955
-0.3405958 0.1523286 -0.3187554 0.2141436 1.192503 -0.3912838 0.1451605 1.169161 -0.3384116 0.08942783
-0.3415798 0.1510934 -0.3187148 0.2135521 1.192076 -0.3952048 0.1496549 1.178071 -0.3390456 0.08982744
-0.3412727 0.1512367 -0.3194599 0.2131061 1.191347 -0.3950709 0.1474671 1.177027 -0.3398102 0.09062361
-0.3421432 0.1515283 -0.320971 0.2141155 1.191912 -0.3960173 0.1424816 1.181143 -0.340368 0.09105512
-0.3432373 0.152555 -0.3211978 0.2140917 1.192342 -0.3953891 0.1495657 1.175111 -0.3407516 0.09125451
-0.3434771 0.15139 -0.3213378 0.2137633 1.190933 -0.3944366 0.1390773 1.17031 -0.3411478 0.09153944
-0.3442755 0.1522796 -0.3223887 0.2131885 1.190509 -0.3942072 0.1552408 1.1808 -0.3416316 0.09193155
-0.3471521 0.1538872 -0.3262473 0.2137772 1.189389 -0.397698 0.1575558 1.179348 -0.3420979 0.09211093
-0.3494234 0.158142 -0.3369175 0.2165334 1.184883 -0.3924148 0.1749967 1.2415 -0.3425319 0.09245274
-0.3497104 0.1572707 -0.345024 0.2183655 1.178601 -0.3925719 0.1644091 1.198083 -0.3428295 0.09254332
-0.3495197 0.156912 -0.3442066 0.2177651 1.17728 -0.3937093 0.1791638 1.200923 -0.3432593 0.09255929
-0.3491282 0.1573595 -0.3430455 0.2176539 1.177844 -0.3896644 0.1661541 1.19071 -0.3435821 0.09255707
-0.3501435 0.1579722 -0.3447898 0.2175512 1.177809 -0.3925825 0.1793507 1.192231 -0.3440545 0.09273113
-0.3509642 0.1599741 -0.341899 0.2178553 1.177866 -0.3999701 0.1800276 1.19175 -0.3445777 0.093073
-0.3514345 0.1598058 -0.3389414 0.2192475 1.18106 -0.4017474 0.1706437 1.175588 -0.345085 0.09343726
-0.3500623 0.1581592 -0.3344717 0.2185784 1.180472 -0.4054523 0.1572001 1.178161 -0.3452701 0.09345846
-0.3496556 0.1570544 -0.3298717 0.2179602 1.182799 -0.4057865 0.1603086 1.184471 -0.3453236 0.09345881
-0.3490002 0.1570449 -0.3287449 0.2183773 1.183517 -0.4080403 0.1523769 1.182391 -0.3453708 0.09347326
-0.3488352 0.1564163 -0.3283447 0.2186077 1.184243 -0.4082543 0.1525843 1.181053 -0.345382 0.09350589
-0.3482116 0.1572137 -0.327697 0.2178151 1.182808 -0.4049676 0.1572079 1.181861 -0.3453322 0.09369193
-0.3480532 0.1593356 -0.3280544 0.2204536 1.18295 -0.4045188 0.157628 1.182854 -0.3453543 0.09379438
-0.3483605 0.1599014 -0.3301694 0.2206743 1.182782 -0.4074056 0.1489209 1.178579 -0.3453847 0.09420798
-0.3480202 0.1596577 -0.3288991 0.2212716 1.183254 -0.4070551 0.1475065 1.1786 -0.3453782 0.09431944
-0.3481477 0.1598118 -0.3292682 0.2211632 1.181844 -0.4061071 0.1479824 1.182689 -0.3456716 0.09525932
-0.3497924 0.1622826 -0.3301023 0.2240645 1.181578 -0.3903207 0.1823074 1.184615 -0.3457471 0.09614193
-0.3494939 0.1622044 -0.3301232 0.2241793 1.181655 -0.409449 0.1511929 1.18321 -0.3458537 0.09631972
-0.3494617 0.1622219 -0.3302649 0.2238272 1.180379 -0.4037036 0.1624732 1.187539 -0.3459223 0.09648994
-0.3497243 0.1622888 -0.3315229 0.2239043 1.180687 -0.3937951 0.1743332 1.179316 -0.3461672 0.09720799
-0.3499796 0.1621052 -0.3303452 0.2232253 1.181386 -0.4013066 0.162976 1.183529 -0.346338 0.09772747
-0.3500565 0.1616384 -0.3315837 0.2237585 1.180441 -0.4034613 0.1557142 1.183609 -0.3463554 0.09772425
-0.350271 0.1634745 -0.3316229 0.2273106 1.180504 -0.3934443 0.1780062 1.184615 -0.346522 0.09806464
-0.3505206 0.1638546 -0.3320912 0.2272902 1.18081 -0.4031831 0.1649251 1.183322 -0.3467129 0.09837916
-0.3509342 0.1636233 -0.3335104 0.2270094 1.180825 -0.3989477 0.1741216 1.186163 -0.3469671 0.09871428
-0.3515712 0.1656545 -0.3335819 0.2271194 1.179876 -0.4062016 0.165019 1.17685 -0.3469934 0.09868923
-0.3528115 0.1672696 -0.3338319 0.2269742 1.178595 -0.4012362 0.1719061 1.180501 -0.3471065 0.09871866
-0.352184 0.1667011 -0.3380552 0.226657 1.179399 -0.3917474 0.1708288 1.17537 -0.3473945 0.09938647
-0.352946 0.1643205 -0.3397031 0.2269227 1.180319 -0.3950521 0.174145 1.198579 -0.3474963 0.09930556
-0.353438 0.1640144 -0.3418002 0.2267676 1.181253 -0.3958077 0.1715866 1.197444 -0.3476279 0.09924417
-0.3541076 0.1640525 -0.342288 0.2268867 1.181844 -0.3986153 0.1751836 1.202813 -0.3478738 0.09928817
-0.3551537 0.1654707 -0.3423756 0.2262893 1.181745 -0.3998154 0.1830625 1.197313 -0.3483715 0.1000512
-0.3557271 0.1664424 -0.3419954 0.2271439 1.179792 -0.398819 0.1794776 1.184789 -0.348542 0.09996801
-0.3569219 0.1661852 -0.33859 0.2279776 1.183147 -0.4151307 0.1709878 1.193182 -0.3488803 0.09973107
-0.3563544 0.1652727 -0.3384984 0.2273614 1.18175 -0.4108733 0.1673295 1.176737 -0.349292 0.09967861
-0.3562118 0.1643114 -0.3393614 0.2279924 1.182054 -0.4152878 0.155679 1.181833 -0.3497261 0.09959354
-0.356033 0.1642611 -0.3397301 0.227528 1.1812 -0.413041 0.1529457 1.175235 -0.3501069 0.09934727
-0.3573229 0.164138 -0.341937 0.2273746 1.18071 -0.410179 0.161017 1.183471 -0.3503999 0.09933364
-0.3583587 0.1642959 -0.3424341 0.2275509 1.181359 -0.4157943 0.1567967 1.181762 -0.350954 0.0991945
-0.3592252 0.164843 -0.3444042 0.2273092 1.182042 -0.4170628 0.1561918 1.183702 -0.3515245 0.09936178
-0.359935 0.1647389 -0.3449112 0.2272582 1.183386 -0.4171108 0.1518542 1.177945 -0.3520434 0.0994997
-0.359682 0.1650763 -0.3457617 0.2272695 1.182514 -0.4126232 0.1673869 1.190778 -0.3527525 0.1002356
-0.3599607 0.1651762 -0.3453263 0.2274665 1.183988 -0.4109811 0.1649775 1.18901 -0.3529811 0.1002934
-0.3605109 0.1658473 -0.3450911 0.2276325 1.183908 -0.4192415 0.154971 1.176105 -0.3531666 0.100408
-0.3606083 0.1679048 -0.3464684 0.2307885 1.184054 -0.4173953 0.1498882 1.176723 -0.3537235 0.1014555
-0.3607554 0.168198 -0.3469823 0.2313508 1.183676 -0.4204227 0.1597547 1.191625 -0.3540555 0.1019157
-0.3613686 0.1685011 -0.3475441 0.2312444 1.185091 -0.4226487 0.1565943 1.191256 -0.3544512 0.1025208
-0.3615626 0.1685478 -0.3489546 0.2321346 1.186051 -0.4218422 0.1546836 1.190575 -0.3547459 0.1026144
-0.362314 0.1683129 -0.3511485 0.2320371 1.18552 -0.4187071 0.1533832 1.180488 -0.3550419 0.1026925
-0.3625061 0.1682862 -0.3492556 0.230861 1.185072 -0.4167297 0.1500435 1.173764 -0.3553901 0.102942
-0.3630747 0.167933 -0.3505417 0.2314522 1.184768 -0.4223188 0.1625336 1.19125 -0.3557629 0.1029442
-0.3634487 0.1684027 -0.3509306 0.2311828 1.185067 -0.4208803 0.1668578 1.208333 -0.3561406 0.1030168
-0.3640494 0.1685986 -0.3512361 0.2312727 1.182996 -0.4223495 0.156509 1.180905 -0.3565715 0.1035985
-0.36484 0.1684534 -0.3512418 0.2300651 1.183559 -0.4179705 0.1499965 1.170297 -0.3568776 0.1036611
-0.3659242 0.1689645 -0.3530991 0.2305124 1.182173 -0.4220726 0.1645913 1.192111 -0.3577848 0.1044006
-0.3671696 0.1693343 -0.353931 0.2305785 1.181638 -0.4195846 0.1584785 1.184797 -0.3590972 0.1055367
-0.3690291 0.1723216 -0.3552314 0.2330527 1.179904 -0.3925447 0.2138264 1.178364 -0.3602791 0.1071532
-0.3706648 0.1740749 -0.3571241 0.2338562 1.179252 -0.4098961 0.1903571 1.191563 -0.3616223 0.1088157
-0.3723781 0.1783922 -0.3578794 0.2367187 1.177309 -0.4279265 0.1798736 1.233364 -0.3631082 0.1118373
-0.3740979 0.182378 -0.3608862 0.2399724 1.17686 -0.4254138 0.1937299 1.232875 -0.364081 0.1138968
-0.375271 0.1939626 -0.3622904 0.2517422 1.172902 -0.4248421 0.2039586 1.228308 -0.3651046 0.123426
-0.3759729 0.2018965 -0.3638769 0.2609265 1.173247 -0.4291731 0.1986198 1.201941 -0.3659355 0.1296432
-0.3758168 0.2092053 -0.3639964 0.2667431 1.170992 -0.4256185 0.1924704 1.156444 -0.3655828 0.1403815
-0.3764061 0.2192662 -0.3638115 0.2761278 1.170465 -0.4242994 0.2016525 1.148112 -0.3656443 0.1454486
-0.3762881 0.2286283 -0.3656667 0.2854984 1.17063 -0.4240258 0.2098579 1.145954 -0.3656193 0.1533615
-0.3764657 0.2430356 -0.3681882 0.3039482 1.168213 -0.4257222 0.2217404 1.144058 -0.3658078 0.1694458
-0.3770248 0.2503878 -0.3686397 0.3100252 1.167793 -0.4224922 0.2246289 1.143175 -0.3659062 0.1775132
-0.378062 0.2595956 -0.3711658 0.3198878 1.167801 -0.4246122 0.2347698 1.141773 -0.3657327 0.1857346
-0.3786263 0.2657713 -0.3721311 0.3267225 1.169133 -0.4242019 0.240407 1.140974 -0.3654583 0.1922516
-0.3788898 0.2725281 -0.3735817 0.333275 1.169019 -0.4240964 0.2461566 1.14028 -0.3657854 0.1988869
-0.3791112 0.2782522 -0.3750923 0.3390869 1.167805 -0.4257648 0.2523497 1.142357 -0.3661816 0.2030911
-0.3804021 0.2837579 -0.3768218 0.3451712 1.166472 -0.4314741 0.2596248 1.145111 -0.3663701 0.2094421
-0.3812001 0.2896445 -0.3779998 0.3515023 1.167549 -0.4282695 0.2622965 1.140333 -0.3672071 0.2159373
-0.3816067 0.292836 -0.3793892 0.354489 1.16579 -0.4287406 0.2654263 1.13921 -0.3673291 0.2189991
-0.3828038 0.2960976 -0.3809071 0.3575915 1.165398 -0.4309298 0.2690886 1.141312 -0.3673426 0.2218605
-0.3828095 0.2968344 -0.3809517 0.3580773 1.165214 -0.4318996 0.26993 1.143175 -0.3673961 0.2245304
-0.3829497 0.2995151 -0.3819478 0.3605136 1.16442 -0.4300812 0.2714009 1.138661 -0.3674366 0.2273581
-0.3823804 0.301816 -0.3819975 0.3636886 1.164281 -0.4292006 0.2732234 1.138264 -0.3675016 0.2297637
-0.3823452 0.3037397 -0.3813218 0.3661706 1.163977 -0.427437 0.2725717 1.137188 -0.3673766 0.2316558
-0.3824139 0.3038478 -0.3821552 0.3665259 1.163689 -0.4282318 0.2718721 1.138106 -0.3671914 0.2326903
-0.3823833 0.3045487 -0.3810002 0.3663191 1.164175 -0.428912 0.2717313 1.139054 -0.3670356 0.233866
-0.3817489 0.306203 -0.3804867 0.3693883 1.163106 -0.4278869 0.2760521 1.13762 -0.3668133 0.2347996
-0.3799774 0.3054579 -0.379077 0.3693907 1.164231 -0.4256536 0.2737048 1.136777 -0.3664963 0.2351785
-0.3785416 0.3053604 -0.3769358 0.3691947 1.164031 -0.4261815 0.2729757 1.139724 -0.3660306 0.2355703
-0.3761742 0.3039693 -0.3736896 0.3688369 1.164543 -0.4221121 0.2743773 1.137593 -0.3650642 0.2357746
-0.3724869 0.3032108 -0.3703874 0.3689702 1.165781 -0.4150375 0.271344 1.138637 -0.363536 0.2359488
-0.3676196 0.3022356 -0.3654775 0.3688867 1.165499 -0.4101034 0.2717633 1.137679 -0.3605975 0.2358554
-0.3613596 0.3014024 -0.3581427 0.3697076 1.16731 -0.4038792 0.2719813 1.136712 -0.3563463 0.2359569
-0.3534139 0.3009805 -0.3513482 0.3674382 1.169639 -0.3958492 0.2717257 1.141062 -0.3496734 0.2352175
-0.3440327 0.3000575 -0.3407384 0.3678474 1.17141 -0.3868085 0.2712942 1.14187 -0.3418904 0.2347075
-0.3347328 0.2993391 -0.3306865 0.366003 1.174025 -0.3789969 0.27237 1.144952 -0.3326066 0.2338313
-0.3245897 0.2996049 -0.3215011 0.3665817 1.176289 -0.3662912 0.2713103 1.142104 -0.3237131 0.2332535
-0.3151652 0.2984985 -0.3109666 0.3672375 1.180382 -0.3568921 0.2724656 1.146846 -0.3159514 0.2340146
-0.3056935 0.2973363 -0.3017068 0.365821 1.183524 -0.3462096 0.2724567 1.148036 -0.3062496 0.2332294
-0.2960244 0.2964821 -0.2924458 0.3634622 1.186843 -0.3365175 0.2722083 1.151017 -0.297844 0.2304385
-0.2870367 0.295632 -0.2833543 0.3608128 1.190251 -0.3252112 0.2707073 1.15246 -0.2913229 0.2306734
-0.2759371 0.2944185 -0.272439 0.3620344 1.19221 -0.3149962 0.2729575 1.151809 -0.2822985 0.2306767
-0.2655493 0.294493 -0.261166 0.3632551 1.197266 -0.3042575 0.2740786 1.154909 -0.2729487 0.2303338
-0.2551698 0.2906389 -0.2511393 0.3581664 1.201183 -0.2946196 0.2724442 1.161491 -0.2642313 0.2295685
-0.2453342 0.2901147 -0.2428819 0.3589396 1.205185 -0.2835336 0.2689207 1.165431 -0.2559437 0.229124
-0.2369676 0.2903197 -0.2336548 0.3608169 1.210214 -0.2743531 0.2697666 1.169807 -0.2481079 0.228015
-0.2289346 0.2889898 -0.2249757 0.3594342 1.216926 -0.2666016 0.2691674 1.176508 -0.2409115 0.2280049
-0.22102 0.2902672 -0.2157922 0.3618473 1.222792 -0.258576 0.2691091 1.181918 -0.2340416 0.2281585
-0.2150291 0.2925249 -0.2089432 0.3631255 1.228037 -0.2512566 0.2717384 1.185121 -0.2282807 0.2279165
-0.2099778 0.2909421 -0.2025853 0.3617305 1.232961 -0.2474591 0.272647 1.189592 -0.2234699 0.227745
-0.2070568 0.291849 -0.1990194 0.3632596 1.236812 -0.2433466 0.2734573 1.189364 -0.2198715 0.2246129
-0.2067465 0.292625 -0.1979902 0.3639744 1.240101 -0.2433998 0.2766694 1.192786 -0.2181953 0.2231854
-0.2069733 0.2930168 -0.1985187 0.3637491 1.23891 -0.2448802 0.2756543 1.191611 -0.2173712 0.2226304
-0.2083502 0.2931651 -0.2009859 0.3641522 1.240863 -0.246367 0.2743324 1.191192 -0.2170773 0.222462
-0.2093436 0.2934257 -0.2017186 0.364191 1.240635 -0.2478381 0.2760003 1.191487 -0.2164659 0.2241136
-0.2114215 0.2935008 -0.2027007 0.3641219 1.240786 -0.2490142 0.2749048 1.19089 -0.2164212 0.2239889
-0.213452 0.2932964 -0.2057531 0.3644422 1.241987 -0.2502449 0.2748941 1.189682 -0.2165131 0.2239241
-0.2159849 0.2923285 -0.2091254 0.3633157 1.237778 -0.2536626 0.2736167 1.191771 -0.2169485 0.2243702
-0.2191256 0.2912235 -0.2123685 0.3630979 1.237065 -0.2578918 0.272281 1.190585 -0.2175827 0.2247179
-0.2218478 0.2889068 -0.2135229 0.3621418 1.235569 -0.2621982 0.2685663 1.19028 -0.2185925 0.2243629
-0.2250897 0.285118 -0.2171136 0.3586486 1.235993 -0.2661604 0.2635577 1.192885 -0.2203481 0.2227805
-0.2277125 0.2792106 -0.219046 0.3521545 1.235683 -0.2687445 0.2582889 1.191811 -0.2234703 0.2182387
-0.2294653 0.2743953 -0.2213673 0.3469174 1.232818 -0.2707333 0.2527501 1.190476 -0.2255364 0.214176
-0.2317501 0.2652541 -0.2221562 0.3377934 1.23403 -0.2725565 0.2433687 1.192102 -0.2286515 0.2046972
-0.2333338 0.2576924 -0.221065 0.330452 1.233194 -0.2756307 0.232503 1.194255 -0.2313149 0.1979355
-0.2349787 0.247355 -0.2203558 0.3208543 1.233983 -0.277034 0.2257906 1.1929 -0.2342341 0.1896877
-0.2366224 0.2328213 -0.2248743 0.3048985 1.231539 -0.2799312 0.2131969 1.198022 -0.2385966 0.1732063
-0.2380907 0.2172598 -0.2260408 0.2888246 1.232558 -0.2818425 0.2035096 1.200049 -0.2426704 0.1558494
-0.2395107 0.2046113 -0.2255728 0.2757529 1.23179 -0.2844281 0.191265 1.202475 -0.2446093 0.145863
-0.2402063 0.1909106 -0.225308 0.2625066 1.232388 -0.2890326 0.1735819 1.21075 -0.2459516 0.1379869
-0.240645 0.1823234 -0.2216242 0.2549187 1.230414 -0.2854833 0.1652172 1.204422 -0.2480823 0.1263836
-0.2396338 0.17192 -0.2164791 0.244815 1.229641 -0.2847572 0.1536805 1.205082 -0.2489594 0.1168584
-0.239205 0.163718 -0.213908 0.2358674 1.229714 -0.2886417 0.1489516 1.213743 -0.2496376 0.1088827
-0.2377967 0.156469 -0.2115622 0.2286206 1.229374 -0.285115 0.1380371 1.210208 -0.2506628 0.1029262
-0.2378546 0.1514828 -0.2111539 0.2226105 1.232992 -0.2850087 0.1349614 1.210572 -0.2511383 0.09831032
-0.2377885 0.1460686 -0.2103267 0.2173706 1.234712 -0.2654411 0.1647613 1.255909 -0.2514661 0.09384533
-0.2378684 0.1394942 -0.21172 0.2126539 1.23798 -0.2853415 0.1253653 1.214333 -0.2522017 0.0870088
-0.2377469 0.136616 -0.2116917 0.2093185 1.237886 -0.2854046 0.1253494 1.214572 -0.2525992 0.0828063
-0.2369929 0.1362082 -0.2113512 0.2089169 1.237398 -0.2865185 0.1260419 1.216863 -0.2525535 0.0824075
-0.2368025 0.1365642 -0.2122026 0.2091509 1.23755 -0.2822897 0.1212563 1.211198 -0.2524516 0.08209886
-0.2373279 0.1373345 -0.2137778 0.2098027 1.238292 -0.287188 0.1289806 1.218187 -0.2524236 0.08200406
-0.2385781 0.1380325 -0.2151649 0.210171 1.240072 -0.2852589 0.1256539 1.214644 -0.2524111 0.08204069
-0.2394468 0.1396912 -0.2170027 0.2110162 1.241301 -0.2895846 0.1321616 1.217754 -0.2524628 0.08231179
-0.2407843 0.1424795 -0.2185623 0.2146572 1.243201 -0.286301 0.1304781 1.211766 -0.2526705 0.08345147
-0.2429753 0.1444051 -0.219441 0.214419 1.246794 -0.2893797 0.1375532 1.212623 -0.2528809 0.08478662
-0.2448447 0.1467806 -0.2241349 0.2164958 1.243989 -0.2894203 0.1390517 1.207484 -0.2533743 0.08671841
-0.2464714 0.1507955 -0.2277987 0.2195733 1.24218 -0.2897678 0.1412252 1.204038 -0.2547704 0.08917654
-0.2491649 0.1544665 -0.2286924 0.2231092 1.240907 -0.2945318 0.1496852 1.200778 -0.2565512 0.09143022
-0.2517732 0.1576385 -0.2313201 0.225491 1.238361 -0.296273 0.1532158 1.196892 -0.2582864 0.09388281
-0.2552499 0.1589858 -0.2342476 0.2254949 1.238466 -0.2987793 0.1529482 1.197127 -0.2604396 0.09612427
-0.2594793 0.1626554 -0.2398917 0.2313001 1.235703 -0.302297 0.1546908 1.193789 -0.2635976 0.09908314
-0.2643885 0.1648254 -0.2442051 0.2305182 1.233046 -0.306935 0.1569457 1.187816 -0.2669479 0.1013245
-0.2707159 0.167412 -0.2514092 0.2333417 1.230527 -0.3127237 0.1595268 1.185905 -0.2712608 0.1030182
-0.2792332 0.1696242 -0.2592333 0.2358693 1.225045 -0.3351346 0.1818033 1.286333 -0.2780311 0.1059355
-0.2891606 0.1707379 -0.2681267 0.2355582 1.21916 -0.3304294 0.1651918 1.175371 -0.2885634 0.1063476
-0.3004588 0.1711108 -0.2798294 0.2340643 1.214881 -0.338323 0.1873481 1.238778 -0.2995048 0.1057423
-0.3129077 0.1721235 -0.2925593 0.2372525 1.206326 -0.3533309 0.1827656 1.180167 -0.3114986 0.1059032
-0.3260301 0.1713317 -0.3072583 0.2350614 1.199031 -0.3696451 0.1621625 1.161367 -0.3231685 0.1045566
-0.3413484 0.1727109 -0.3229143 0.2365693 1.189664 -0.3858649 0.1715176 1.175 -0.3349651 0.1045433
-0.3529897 0.1718352 -0.3371463 0.2342888 1.182266 -0.397936 0.1595025 1.155139 -0.3429735 0.1039051
-0.362309 0.1732947 -0.346742 0.233671 1.176376 -0.4092401 0.1760989 1.160563 -0.3526426 0.1046632
-0.3691962 0.1758407 -0.3547409 0.2362337 1.173134 -0.4232503 0.1807257 1.226545 -0.3593404 0.1058925
-0.373578 0.1776239 -0.3576834 0.2357996 1.170851 -0.4236042 0.1926281 1.221545 -0.3632397 0.1055124
-0.3754026 0.1802001 -0.3593114 0.2380763 1.168599 -0.4199522 0.2078999 1.2152 -0.3657296 0.1086088
-0.3769438 0.1809453 -0.3611631 0.2383403 1.166261 -0.4208503 0.2098545 1.211833 -0.3674645 0.1092383
-0.3771853 0.1824916 -0.3622484 0.2400179 1.16466 -0.4221866 0.1654082 1.141833 -0.3687759 0.1109687
-0.3780301 0.1823382 -0.361727 0.2408964 1.164832 -0.4230022 0.166662 1.14128 -0.3695497 0.1116973
-0.3781345 0.1846296 -0.3624336 0.2428662 1.162829 -0.4221398 0.164721 1.142328 -0.3700736 0.1123674
-0.3775713 0.1855995 -0.3626451 0.2437239 1.162012 -0.4235021 0.1685169 1.140277 -0.3703059 0.1132393
-0.3780502 0.1862912 -0.364024 0.2429043 1.162205 -0.422861 0.1662906 1.141551 -0.3704511 0.1140904
-0.3778006 0.1887748 -0.3634829 0.2458614 1.162362 -0.4239703 0.1690232 1.141769 -0.3705963 0.1157629
-0.3776401 0.1918284 -0.3642775 0.2488015 1.161274 -0.4264308 0.1755649 1.143632 -0.3705985 0.1172702
-0.3785054 0.196813 -0.3666867 0.2556282 1.1607 -0.4275759 0.1836081 1.139926 -0.3705572 0.1238972
-0.3779813 0.1969616 -0.3646082 0.2554012 1.160011 -0.4257451 0.1808983 1.140967 -0.3703516 0.1248049
-0.3783915 0.1997465 -0.3657396 0.2583099 1.160213 -0.4245115 0.1843684 1.142586 -0.3701949 0.1278131
-0.3778799 0.2018342 -0.3682549 0.2609344 1.156867 -0.4201672 0.2132364 1.1972 -0.3698963 0.1286872
-0.3776896 0.2014943 -0.3724806 0.2604713 1.154481 -0.4162735 0.1805113 1.158182 -0.3697387 0.1292734
-0.378316 0.2002528 -0.3771737 0.2594399 1.151378 -0.4172278 0.1745899 1.160673 -0.3696325 0.1295616
-0.378726 0.1995182 -0.3768685 0.2591687 1.151874 -0.4185749 0.1813155 1.162896 -0.3696175 0.1296793
-0.3791017 0.1987582 -0.3764544 0.2591579 1.150777 -0.4176519 0.2177985 1.169333 -0.3696338 0.1297166
-0.3787768 0.1994369 -0.3765858 0.2587525 1.148975 -0.3892201 0.1466683 1.139544 -0.3696462 0.129862
-0.3805488 0.2007481 -0.3763872 0.2590577 1.150638 -0.4280043 0.1833481 1.167722 -0.3695984 0.1299841
-0.3801788 0.1997466 -0.3730536 0.2591484 1.151094 -0.4226869 0.2064758 1.2015 -0.3695507 0.1298391
-0.3795751 0.1986479 -0.3701987 0.2595012 1.151796 -0.4313295 0.1819854 1.146106 -0.3695538 0.1300803
-0.3790854 0.1989172 -0.3673591 0.2593533 1.152103 -0.431357 0.1776605 1.145532 -0.3695872 0.1302366
-0.3779198 0.1990884 -0.3678928 0.2595635 1.15214 -0.431932 0.1767876 1.145933 -0.3695877 0.1303124
-0.3779386 0.1988407 -0.3677757 0.25964 1.152255 -0.4340509 0.1735502 1.1715 -0.3695573 0.1304094
-0.3777227 0.1987117 -0.3675488 0.2598449 1.152632 -0.4293687 0.1820262 1.171 -0.369536 0.1304717
-0.3777658 0.1985422 -0.36824 0.2602949 1.154604 -0.4351301 0.1704964 1.153333 -0.3695439 0.1305103
-0.3775695 0.1981112 -0.3680121 0.2604144 1.154567 -0.4327223 0.1671088 1.152067 -0.3695392 0.1305871
-0.3774595 0.1979124 -0.367789 0.2599341 1.154549 -0.4351928 0.1710168 1.152988 -0.3694725 0.1303481
-0.3772832 0.1979786 -0.3682038 0.2601013 1.154672 -0.4362829 0.1800136 1.149286 -0.369375 0.1296843
-0.3773122 0.1979312 -0.3681372 0.2596689 1.154861 -0.4260364 0.1829222 1.1786 -0.3693723 0.1295452
-0.3770549 0.1978092 -0.3674822 0.2599681 1.154695 -0.4363821 0.170781 1.151842 -0.369315 0.1294728
-0.3769998 0.1978798 -0.367449 0.2600037 1.155226 -0.4352114 0.1688198 1.151957 -0.369265 0.1293333
-0.3766525 0.1979555 -0.3673292 0.2600519 1.154674 -0.4235319 0.2153225 1.218 -0.3691798 0.1291534
-0.3767524 0.1984079 -0.3667342 0.2604516 1.153266 -0.4238741 0.2154933 1.218293 -0.3691599 0.1290495
-0.376751 0.1978933 -0.3673112 0.2600274 1.154791 -0.4351756 0.1674049 1.15362 -0.3691347 0.1291665
-0.376744 0.1965251 -0.3677386 0.2569506 1.152309 -0.422928 0.1856582 1.181722 -0.3689268 0.1285736
-0.3772202 0.1960737 -0.3683335 0.2575551 1.153566 -0.4332789 0.1649387 1.150585 -0.3689304 0.1287121
-0.3782519 0.1958973 -0.3686477 0.2571077 1.155741 -0.4334283 0.1666048 1.151772 -0.3690073 0.1288948
-0.3777237 0.1991102 -0.3672682 0.259439 1.151722 -0.430098 0.1716259 1.146446 -0.3689455 0.1291783
-0.3781265 0.2002794 -0.3684962 0.2590693 1.149226 -0.4202054 0.1736603 1.144154 -0.368753 0.1289272
-0.3773341 0.2000493 -0.3701842 0.2590757 1.149465 -0.4217938 0.17767 1.16724 -0.3686467 0.1289327
-0.3771512 0.1989755 -0.3713947 0.2584743 1.148704 -0.4176508 0.1741003 1.163658 -0.3684616 0.1288942
-0.3776236 0.1980841 -0.3714985 0.25872 1.15063 -0.4204186 0.1986845 1.1714 -0.3683892 0.1288812
-0.3771013 0.1963366 -0.3725026 0.2556819 1.148608 -0.421374 0.1872651 1.165766 -0.3683661 0.1287404
-0.3781092 0.1964782 -0.3738723 0.2554235 1.149069 -0.422182 0.1938134 1.16549 -0.3683499 0.1286332
-0.3795375 0.1974189 -0.3745333 0.2561766 1.151341 -0.4223344 0.1802156 1.165318 -0.3684151 0.1285492
-0.3800817 0.1979321 -0.3734941 0.2560841 1.15126 -0.424729 0.1857979 1.167157 -0.3685831 0.1281757
-0.3802267 0.1970527 -0.3733708 0.25636 1.152411 -0.4289426 0.1844835 1.151857 -0.3686921 0.1279054
-0.3806049 0.196896 -0.3717514 0.2562728 1.152716 -0.4291981 0.1793897 1.148233 -0.3687895 0.126709
-0.3810891 0.1951765 -0.3730288 0.2539727 1.153611 -0.4303053 0.1753913 1.149403 -0.369029 0.1252642
-0.3804299 0.1961786 -0.3721048 0.2555567 1.151195 -0.4305853 0.1711692 1.147824 -0.3692344 0.1256431
-0.3814569 0.1937512 -0.3734648 0.2539631 1.151843 -0.433765 0.1738891 1.149872 -0.3695101 0.1248729
-0.3818039 0.1933644 -0.3735141 0.2538407 1.151605 -0.4329057 0.172538 1.1476 -0.3699452 0.1242536
-0.382257 0.193334 -0.3738901 0.2539859 1.150782 -0.4317352 0.1685768 1.146016 -0.3705098 0.1233127
-0.3826432 0.1929964 -0.3733695 0.2531913 1.150433 -0.4311384 0.1693164 1.144691 -0.3708357 0.1226912
-0.3841856 0.1928412 -0.3759085 0.2530756 1.149692 -0.4334079 0.1684299 1.146729 -0.3711941 0.1221991
-0.3853595 0.191779 -0.376292 0.2505201 1.151116 -0.4336554 0.1695407 1.146204 -0.3717189 0.1217566
-0.3852068 0.1911483 -0.3781241 0.2499594 1.150815 -0.4333929 0.1638417 1.146241 -0.3723225 0.1214893
-0.386281 0.1906623 -0.3787171 0.2505312 1.15118 -0.4331053 0.1662607 1.144612 -0.3729908 0.1224258
-0.3872084 0.1911309 -0.378446 0.2505207 1.150399 -0.4367523 0.1708419 1.146111 -0.3734934 0.1222177
-0.3877108 0.190753 -0.3817917 0.2500956 1.148886 -0.427329 0.2001052 1.163273 -0.3740754 0.1220157
-0.3885033 0.1898976 -0.3822389 0.2497163 1.147719 -0.4335504 0.1813728 1.161 -0.3747279 0.1216935
-0.3896938 0.1879626 -0.380492 0.2464924 1.148779 -0.4438649 0.1736559 1.155833 -0.3758884 0.1215913
-0.3898843 0.1876681 -0.3827201 0.2464469 1.148528 -0.4408236 0.1663822 1.144306 -0.3769491 0.1213944
-0.3905093 0.1872997 -0.3831028 0.2460911 1.147409 -0.4389795 0.1804126 1.155617 -0.377864 0.1213976
-0.3912499 0.1920517 -0.3817733 0.2520649 1.139345 -0.4389057 0.183992 1.164714 -0.3820732 0.1806486
-0.3922949 0.1871039 -0.3828735 0.2456491 1.141018 -0.4473343 0.1769344 1.133 -0.383475 0.119121
-0.3922949 0.1871039 -0.3828735 0.2456491 1.141018 -0.4473343 0.1769344 1.133 -0.383475 0.119121
-0.3921041 0.1871546 -0.3829951 0.2446769 1.138675 -0.45248 0.1775949 1.149167 -0.383444 0.1184117
-0.3912738 0.1862971 -0.3832981 0.2446977 1.136188 -0.4488931 0.1702974 1.142372 -0.3833243 0.1178572
-0.3902465 0.1857567 -0.3814965 0.2432186 1.133539 -0.421039 0.2145021 1.135182 -0.3830855 0.1168822
-0.3889369 0.1856279 -0.3799472 0.2423893 1.129107 -0.4391799 0.1855652 1.128 -0.3827054 0.1160933
-0.3873445 0.1852422 -0.3774623 0.2420982 1.125324 -0.43236 0.1945212 1.128401 -0.3818078 0.1152011
-0.3858177 0.1857212 -0.376294 0.2415121 1.122252 -0.4365486 0.1580485 1.117395 -0.3804899 0.1144873
-0.3831707 0.1858995 -0.3724815 0.2406185 1.118507 -0.3948137 0.2409462 1.11175 -0.3790268 0.1139136
-0.3800563 0.1875191 -0.3700364 0.2421317 1.113722 -0.3949167 0.2411513 1.112038 -0.3712284 0.1748978
-0.37729 0.1895605 -0.3665539 0.2440458 1.109175 -0.3943588 0.2412558 1.111506 -0.3711614 0.1746927
-0.37729 0.1895605 -0.3665539 0.2440458 1.109175 -0.3943588 0.2412558 1.111506 -0.3711614 0.1746927
-0.3746663 0.189104 -0.3627037 0.2427773 1.105011 -0.3877394 0.2409805 1.103375 -0.3689927 0.1797551
-0.3719773 0.1897688 -0.3590577 0.2418896 1.101025 -0.3831947 0.2434192 1.09575 -0.368007 0.1781484
-0.3719773 0.1897688 -0.3590577 0.2418896 1.101025 -0.3831947 0.2434192 1.09575 -0.368007 0.1781484
-0.3719773 0.1897688 -0.3590577 0.2418896 1.101025 -0.3831947 0.2434192 1.09575 -0.368007 0.1781484
-0.3684931 0.1907029 -0.3556687 0.2458846 1.096654 -0.4011765 0.2178835 1.102364 -0.3655098 0.1823906
-0.3657227 0.1908782 -0.3532463 0.243045 1.093254 -0.3872408 0.2368702 1.11 -0.3642103 0.1800241
-0.3657227 0.1908782 -0.3532463 0.243045 1.093254 -0.3872408 0.2368702 1.11 -0.3642103 0.1800241
-0.3657227 0.1908782 -0.3532463 0.243045 1.093254 -0.3872408 0.2368702 1.11 -0.3642103 0.1800241
-0.3594428 0.1664723 -0.3461486 0.2338006 1.09455 -0.411408 0.160728 1.08925 -0.3539244 0.1136192
-0.3552735 0.1681613 -0.3431122 0.2358853 1.090437 -0.4073112 0.1606314 1.089239 -0.3532862 0.1137476
-0.3521303 0.1675826 -0.3379799 0.2360119 1.085604 -0.400726 0.1733469 1.115176 -0.3510239 0.113767
-0.3479942 0.1670942 -0.3315676 0.234399 1.08221 -0.3998872 0.1875848 1.153714 -0.3480197 0.1131025
-0.3424535 0.1664506 -0.3295879 0.2340208 1.076383 -0.3991246 0.1866927 1.153332 -0.3433136 0.1128004
-0.3359852 0.1648614 -0.3225417 0.232557 1.07354 -0.3870992 0.1624494 1.075619 -0.3392727 0.1127389
-0.3284905 0.1605529 -0.3122198 0.2295725 1.07098 -0.3746848 0.1530105 1.064419 -0.3341399 0.1107969
-0.3239984 0.158971 -0.3089652 0.2287288 1.066143 -0.3756848 0.157416 1.0594 -0.3296421 0.1086082
-0.3185022 0.1583987 -0.3040493 0.2267209 1.055079 -0.3693739 0.1616544 1.09425 -0.3241479 0.1062761
-0.3120207 0.154301 -0.2971219 0.2226594 1.047467 -0.3591938 0.1455097 