-0.5728865 -0.1131911 -0.565756 -0.1047762 1.134869 -0.5541447 -0.05524571 1.187747 0 0
-0.5826955 -0.1081128 -0.5653516 -0.1026716 1.136591 -0.6208283 -0.06708931 1.20565 0 0
-0.58482 -0.1112803 -0.5678042 -0.1017426 1.141188 -0.6231326 -0.07583057 1.209957 0 0
-0.5838198 -0.1010329 -0.5635778 -0.1022127 1.141466 -0.6245431 -0.08983362 1.207569 0 0
-0.5851778 -0.1150752 -0.5600883 -0.1026884 1.143759 -0.5844229 -0.1695304 1.208655 0 0
-0.5836529 -0.111114 -0.5553678 -0.09605665 1.143982 -0.5851769 -0.1609263 1.211625 0 0
-0.5833206 -0.1092495 -0.5533896 -0.09451075 1.145954 -0.6195329 -0.1036842 1.212449 0 0
-0.5809394 -0.1083909 -0.544615 -0.09224677 1.145627 -0.5900883 -0.1509167 1.214477 0 0
-0.5815823 -0.105239 -0.5489123 -0.08704092 1.148015 -0.6043184 -0.1296919 1.215939 0 0
-0.5772387 -0.1051746 -0.5447179 -0.08024811 1.150612 -0.5951818 -0.1404639 1.217896 0 0
-0.5743226 -0.09795964 -0.538303 -0.07609757 1.148525 -0.6090281 -0.0935957 1.225282 0 0
-0.5744016 -0.09380303 -0.5400516 -0.06833387 1.150406 -0.6083788 -0.05954628 1.206211 0 0
-0.5728191 -0.08687933 -0.5383095 -0.06073076 1.153982 -0.6067987 -0.05520039 1.204267 0 0
-0.580047 -0.07560995 -0.5322101 -0.05368037 1.151028 -0.5678931 -0.04715014 1.163571 0 0
-0.5616608 -0.05493916 -0.5337685 -0.04401702 1.156228 -0.6000072 -0.04847161 1.20612 0 0
-0.5874355 -0.06132912 -0.5306131 -0.03474476 1.160586 -0.6057231 -0.04462193 1.209457 0 0
-0.5719798 -0.05441647 -0.5271299 -0.02575315 1.165505 -0.6047533 -0.04361123 1.217643 0 0
-0.5691386 -0.05358382 -0.5241971 -0.01724489 1.170099 -0.6046391 -0.03496395 1.234319 0 0
-0.5687886 -0.05289376 -0.5226243 -0.01093243 1.173685 -0.6070346 -0.02935417 1.248517 0 0
-0.5681415 -0.0493732 -0.5156295 -0.007311037 1.17593 -0.6084261 -0.034987 1.242446 0 0
-0.5685681 -0.04742021 -0.5158834 -0.001287445 1.181774 -0.609636 -0.02403205 1.259972 0 0
-0.5692791 -0.0405549 -0.5185769 0.004426422 1.183769 -0.6141232 -0.03274545 1.252971 0 0
-0.55588 -0.05296888 -0.5132748 0.004323208 1.186915 -0.5942805 0.002818893 1.281745 0 0
-0.5563036 -0.04398346 -0.5200703 0.0115484 1.187813 -0.5909269 0.003390749 1.282549 0 0
-0.5615422 -0.04070462 -0.5202512 0.01277775 1.190067 -0.5956392 0.00430805 1.282873 0 0
-0.5621172 -0.0394441 -0.5177762 0.01290215 1.191883 -0.5964078 0.006072372 1.28476 0 0
-0.560403 -0.03970974 -0.5142384 0.01410695 1.189965 -0.5936393 0.01129946 1.286193 0 0
-0.5587022 -0.03774998 -0.5251429 0.01817985 1.196214 -0.5934089 0.009287821 1.285408 0 0
-0.5534016 -0.03645268 -0.5110899 0.01388914 1.189877 -0.590177 -0.01918285 1.232815 0 0
-0.5495366 -0.03635098 -0.5143571 0.01924379 1.191467 -0.5918042 -0.0007689503 1.280977 0 0
-0.5449246 -0.03814932 -0.5089521 0.01738252 1.192655 -0.5897518 -7.869492E-05 1.283128 0 0
-0.5577889 -0.03603696 -0.5769737 -0.01613135 1.223011 -0.6004826 -0.006520933 1.27646 0 0
-0.5362382 -0.04262436 -0.4963531 0.01402297 1.194785 -0.5835767 -0.01174784 1.270091 0 0
-0.5284869 -0.0410817 -0.4938914 0.01616638 1.1944 -0.5731226 -0.00623494 1.285188 0 0
-0.5242171 -0.04095694 -0.4849357 0.01334944 1.191712 -0.5686245 -0.006997639 1.287143 0 0
-0.5174749 -0.04088749 -0.4775403 0.01004743 1.192995 -0.5501956 -0.01849742 1.249133 0 0
-0.5156606 -0.03914925 -0.4754801 0.01198515 1.193101 -0.5614643 -0.009245391 1.286 0 0
-0.5163438 -0.04321089 -0.4631605 0.002295592 1.196646 -0.5518899 -0.01998974 1.24125 0 0
-0.5095427 -0.03740228 -0.4670498 0.01292338 1.1942 -0.5533282 -0.0176682 1.252529 0 0
-0.5019249 -0.03767294 -0.4630167 0.01395669 1.195443 -0.532296 -0.02292772 1.242207 0 0
-0.5045047 -0.03849955 -0.4867878 -0.00425665 1.230932 -0.5399339 -0.02218638 1.234667 0 0
-0.4994286 -0.03298127 -0.4515658 0.01531303 1.200185 -0.5145751 0.01077959 1.25668 0 0
-0.497574 -0.03179526 -0.4514972 0.01733268 1.204291 -0.5389251 -0.01722063 1.244325 0 0
-0.4956503 -0.03004995 -0.4454007 0.01779996 1.203208 -0.5407395 -0.01133636 1.251376 0 0
-0.4928421 -0.02953719 -0.4477002 0.02195589 1.207205 -0.5421236 -0.01348985 1.25748 0 0
-0.4909861 -0.0278191 -0.4422536 0.02027547 1.205721 -0.5330265 -0.009915783 1.242237 0 0
-0.4911152 -0.02837174 -0.4766918 0.006040922 1.2329 -0.5367933 -0.01087882 1.249657 0 0
-0.4904287 -0.02712074 -0.4719593 0.005588441 1.233176 -0.53896 -0.01056176 1.252111 0 0
-0.4906399 -0.02654824 -0.4724476 0.005573411 1.233569 -0.5338387 -0.007178528 1.242471 0 0
-0.489757 -0.02555104 -0.4672093 0.004870368 1.231409 -0.530898 0.002070344 1.230857 0 0
-0.4862905 -0.02137348 -0.4349541 0.02841551 1.20349 -0.5342103 -0.005537702 1.251628 0 0
-0.4845332 -0.02054223 -0.4352632 0.03105512 1.204339 -0.5265435 -0.005462307 1.236844 0 0
-0.4850524 -0.01866398 -0.4339734 0.03115461 1.203743 -0.4796798 0.03790652 1.250072 0 0
-0.4849111 -0.01785163 -0.4340286 0.03232165 1.206912 -0.527017 0.002558628 1.2334 0 0
-0.4835287 -0.01679249 -0.4326834 0.03307821 1.206149 -0.5355565 0.00118849 1.250929 0 0
-0.4828745 -0.0155012 -0.4339104 0.03824871 1.204141 -0.4920686 0.03871746 1.2569 0 0
-0.482555 -0.0139476 -0.4318861 0.03911531 1.20625 -0.4764011 0.04622614 1.245385 0 0
-0.4802843 -0.01250671 -0.4345121 0.04568983 1.20674 -0.5290733 0.009170323 1.244516 0 0
-0.4770145 -0.01061687 -0.4274277 0.04168823 1.209767 -0.5227419 0.0124072 1.235826 0 0
-0.4724403 -0.008992472 -0.4533744 0.03505304 1.227914 -0.4723852 0.05064036 1.2712 0 0
-0.4660768 -0.007773446 -0.4468012 0.03622743 1.228057 -0.4565309 0.04864065 1.266 0 0
-0.4588344 -0.005178152 -0.4467482 0.03802466 1.229552 -0.4995336 0.005432784 1.240525 0 0
-0.4497777 -0.003270977 -0.429202 0.04267037 1.225444 -0.4738125 -0.004765846 1.221772 0 0
-0.4397946 0.0001962966 -0.4121169 0.04765889 1.229192 -0.4792882 0.01973265 1.233567 0 0
-0.4283403 0.005942469 -0.3930044 0.0599977 1.229948 -0.4665608 0.02218845 1.230256 0 0
-0.4179459 0.0103686 -0.3784959 0.05756207 1.235241 -0.4586306 0.03362718 1.235308 0 0
-0.4069819 0.01534824 -0.3694087 0.06661066 1.235583 -0.4457915 0.0339041 1.234973 0 0
-0.3987777 0.01811906 -0.3584704 0.06978863 1.241024 -0.4368424 0.03904159 1.237788 0 0
-0.3898637 0.01918374 -0.3414246 0.06862631 1.242523 -0.430544 0.04197795 1.244889 0 0
-0.3825362 0.01953297 -0.3375384 0.06947041 1.245563 -0.417331 0.05987696 1.3046 0 0
-0.3711851 0.0185124 -0.3202851 0.06237682 1.245215 -0.3934793 0.06288274 1.291111 0 0
-0.3624738 0.01203201 -0.302838 0.05049343 1.248236 -0.3916388 0.06190637 1.312 0 0
-0.3532466 0.006514026 -0.2916829 0.04926436 1.245398 -0.3805237 0.05421625 1.31225 0 0
-0.3465072 -0.000681602 -0.2865307 0.04177269 1.248987 -0.3654058 0.05222005 1.316556 0 0
-0.3414165 -0.008940092 -0.2831567 0.03458351 1.24912 -0.354506 0.04386647 1.318154 0 0
-0.3364635 -0.01743621 -0.2767144 0.02115087 1.249319 -0.3457496 0.03523606 1.322546 0 0
-0.3331656 -0.02754286 -0.2736649 0.01313997 1.248196 -0.3348579 0.02717201 1.320571 0 0
-0.3310395 -0.03692648 -0.2706565 0.0005766589 1.247165 -0.3281572 0.01677571 1.3108 0 0
-0.3294932 -0.04553617 -0.2664745 -0.01444279 1.249023 -0.3561012 -0.01271485 1.234622 0 0
-0.329353 -0.05194705 -0.2641951 -0.0307012 1.250499 -0.3520694 -0.01774624 1.231412 0 0
-0.3297523 -0.05630638 -0.2639808 -0.03865299 1.249878 -0.3324815 -0.01203852 1.264375 0 0
-0.3291866 -0.05838885 -0.2586172 -0.05852535 1.245838 -0.323878 -0.008466673 1.3021 0 0
-0.3287884 -0.06029502 -0.2582078 -0.06569033 1.243923 -0.3157431 -0.01233579 1.277875 0 0
-0.329569 -0.06178861 -0.2584046 -0.07893468 1.241423 -0.3144082 -0.0158792 1.26592 0 0
-0.3284907 -0.06202776 -0.2585577 -0.07366592 1.241973 -0.309819 -0.01345372 1.273779 0 0
-0.3287313 -0.06203085 -0.2591833 -0.08173608 1.23856 -0.3423554 -0.0187581 1.231596 0 0
-0.3286583 -0.06145414 -0.261177 -0.09134195 1.235985 -0.3232509 -0.01599708 1.232064 0 0
-0.3283152 -0.06097209 -0.2600381 -0.08072716 1.239349 -0.339515 -0.01539472 1.230447 0 0
-0.3277437 -0.06044498 -0.2620465 -0.05956346 1.243822 -0.3444239 -0.01335181 1.233744 0 0
-0.3239373 -0.06142349 -0.2525043 -0.06333193 1.239145 -0.3407162 -0.01710277 1.230457 0 0
-0.3211385 -0.06369983 -0.2535948 -0.06436218 1.238345 -0.3381463 -0.01603394 1.232435 0 0
-0.3174403 -0.06634635 -0.2490222 -0.06789978 1.236313 -0.3354608 -0.0148302 1.233057 0 0
-0.3151498 -0.06852733 -0.24817 -0.07580388 1.234941 -0.3292464 -0.01411371 1.231346 0 0
-0.312737 -0.06972135 -0.2440899 -0.08123536 1.232451 -0.3261181 -0.01193993 1.235479 0 0
-0.3105465 -0.06889309 -0.2442366 -0.08269805 1.231642 -0.3201762 -0.01043715 1.22648 0 0
-0.3076268 -0.06633594 -0.2407731 -0.0810743 1.228176 -0.318757 -0.003988882 1.23879 0 0
-0.3043604 -0.06158577 -0.2378775 -0.07478814 1.227957 -0.3164035 -0.004011614 1.23393 0 0
-0.3001259 -0.05562919 -0.2329053 -0.07127862 1.226195 -0.3101788 0.0002184749 1.232257 0 0
-0.2938446 -0.05255322 -0.2274918 -0.06061427 1.223166 -0.3042939 -0.001091412 1.229828 0 0
-0.2900529 -0.03926662 -0.2204946 -0.05243137 1.220033 -0.3024411 0.01598722 1.232437 0 0
-0.2856795 -0.03007201 -0.2170897 -0.04093701 1.220445 -0.29727 0.02324013 1.2355 0 0
-0.2822282 -0.01816014 -0.2122247 -0.02997202 1.219564 -0.2912375 0.03389747 1.238706 0 0
-0.2787979 -0.004805246 -0.2099469 -0.01814648 1.220047 -0.2912291 0.04881177 1.238 0 0
-0.2746808 0.005950837 -0.2033517 -0.00358799 1.217936 -0.2889837 0.05953422 1.238452 0 0
-0.271197 0.01750672 -0.1993972 0.009752121 1.219174 -0.2889553 0.0723677 1.239937 0 0
-0.2683547 0.02845118 -0.1990208 0.0272778 1.21912 -0.2852895 0.08240557 1.240103 0 0
-0.2678034 0.04118469 -0.1971594 0.04726516 1.218199 -0.2882889 0.09604298 1.244036 0 0
-0.2689546 0.05617464 -0.1974384 0.06121586 1.220017 -0.289541 0.103195 1.240617 0 0
-0.2683934 0.06877076 -0.1951903 0.07086533 1.22431 -0.2894464 0.116216 1.243364 0 0
-0.2678682 0.08039797 -0.1948414 0.08663412 1.226302 -0.2870907 0.1320373 1.248375 0 0
-0.2671003 0.08827675 -0.1946121 0.0931593 1.225842 -0.2892056 0.1334473 1.241976 0 0
-0.2674635 0.09669664 -0.1955599 0.1067179 1.227952 -0.2908409 0.1456442 1.251154 0 0
-0.2681742 0.1038777 -0.1955617 0.114384 1.225987 -0.2933257 0.1483999 1.244658 0 0
-0.2683143 0.1110408 -0.1955486 0.1227163 1.228605 -0.2945163 0.1545947 1.244333 0 0
-0.2697371 0.1169905 -0.1955952 0.1308395 1.225782 -0.297664 0.1623961 1.245533 0 0
-0.2726579 0.1239874 -0.2010158 0.1434079 1.233064 -0.3034556 0.1711705 1.251059 0 0
-0.2758232 0.1307656 -0.204437 0.1524861 1.233227 -0.3075832 0.1736354 1.247234 0 0
-0.2794939 0.1358597 -0.2079707 0.1606801 1.23814 -0.311773 0.1781902 1.247077 0 0
-0.2820056 0.1410339 -0.2087146 0.168919 1.239078 -0.3165011 0.1828207 1.249417 0 0
-0.2858909 0.1451066 -0.2128178 0.1746534 1.241968 -0.3228057 0.1826428 1.249703 0 0
-0.2897686 0.1479563 -0.2163559 0.1793139 1.240254 -0.3295842 0.1838559 1.251974 0 0
-0.2927273 0.1499458 -0.2204012 0.1832568 1.241277 -0.3362983 0.1854001 1.252065 0 0
-0.2983139 0.1530387 -0.2272206 0.1876329 1.243303 -0.3377139 0.1860466 1.246821 0 0
-0.302351 0.1560121 -0.2330216 0.1924168 1.242399 -0.3449213 0.1869306 1.245667 0 0
-0.3077168 0.1600776 -0.239067 0.1966554 1.242385 -0.3489656 0.1918755 1.243622 0 0
-0.313634 0.1649515 -0.2457661 0.2039397 1.242745 -0.3551132 0.1995313 1.245769 0 0
-0.3199189 0.1703024 -0.2535914 0.2127362 1.247235 -0.3612838 0.201495 1.244936 0 0
-0.3257787 0.1759018 -0.2606085 0.2205359 1.249081 -0.3701005 0.2062742 1.250424 0 0
-0.3301063 0.180769 -0.2686545 0.2258187 1.250522 -0.3747233 0.2117618 1.24948 0 0
-0.3345446 0.1854113 -0.2762343 0.2326901 1.251965 -0.3796304 0.2173765 1.248 0 0
-0.3401789 0.1893933 -0.2808766 0.2379798 1.250498 -0.3823991 0.2163586 1.245886 0 0
-0.3443851 0.1916879 -0.2848918 0.2425315 1.25077 -0.391853 0.2259219 1.252714 0 0
-0.3485817 0.1943606 -0.2905819 0.2459595 1.252553 -0.394399 0.2243199 1.249286 0 0
-0.35369 0.1960258 -0.293263 0.2484941 1.251561 -0.3990323 0.2208193 1.249393 0 0
-0.3568966 0.1977277 -0.2975195 0.249987 1.251109 -0.4061603 0.2296887 1.256692 0 0
-0.3603913 0.1981545 -0.3010562 0.2529766 1.253086 -0.4093217 0.229583 1.254429 0 0
-0.3639202 0.1987836 -0.3037566 0.2545003 1.250263 -0.4127218 0.2256273 1.25325 0 0
-0.3673654 0.1999414 -0.3095758 0.2560862 1.25075 -0.4145963 0.2244457 1.25215 0 0
-0.3709962 0.2001859 -0.3153451 0.2568603 1.25008 -0.420415 0.2257572 1.253571 0 0
-0.3747402 0.201657 -0.3189627 0.2585785 1.249162 -0.4200463 0.2261146 1.248572 0 0
-0.3773848 0.2018226 -0.3225456 0.2591082 1.245921 -0.4224948 0.2231971 1.24716 0 0
-0.38042 0.2025249 -0.3268509 0.2594995 1.244182 -0.4317553 0.235273 1.253875 0 0
-0.3835017 0.2028307 -0.329818 0.2608724 1.243198 -0.432402 0.2309062 1.246182 0 0
-0.3883132 0.2031987 -0.3333755 0.260521 1.241962 -0.4325728 0.2292732 1.243143 0 0
-0.3904854 0.2039711 -0.3369265 0.2595915 1.240344 -0.4332005 0.2307887 1.239941 0 0
-0.3918944 0.2053616 -0.3378795 0.2608736 1.24431 -0.4318152 0.2327934 1.23595 0 0
-0.3952204 0.2061641 -0.3409066 0.26113 1.244946 -0.4206989 0.2483848 1.221765 0 0
-0.3984094 0.2072955 -0.3440827 0.2614568 1.246204 -0.443675 0.2394627 1.246684 0 0
-0.4017005 0.2081835 -0.3482933 0.2621186 1.246653 -0.4462926 0.2387366 1.245333 0 0
-0.4058528 0.2072293 -0.3501195 0.2620758 1.245077 -0.4510258 0.2396711 1.247542 0 0
-0.4101278 0.2061619 -0.3612453 0.2613483 1.243186 -0.4451084 0.238842 1.234708 0 0
-0.4143382 0.2056313 -0.3723332 0.260291 1.240069 -0.4532494 0.2364859 1.240133 0 0
-0.4163641 0.2055802 -0.368765 0.2603756 1.240423 -0.4563296 0.2377433 1.238333 0 0
-0.4173751 0.205329 -0.3643518 0.2607956 1.241296 -0.4533513 0.2423056 1.231757 0 0
-0.4199037 0.2051861 -0.3672104 0.2606135 1.24133 -0.4557729 0.2378628 1.23113 0 0
-0.421584 0.2047831 -0.3681997 0.2603434 1.240068 -0.4588241 0.238581 1.230562 0 0
-0.4237317 0.2044251 -0.3711726 0.2599977 1.239762 -0.4677201 0.2373954 1.274571 0 0
-0.4261827 0.2039272 -0.3775241 0.2585034 1.239151 -0.4650553 0.2327053 1.234902 0 0
-0.4288919 0.2034327 -0.3862912 0.2578299 1.236288 -0.4725781 0.2324212 1.250461 0 0
-0.4303368 0.2038628 -0.3888871 0.2585764 1.236802 -0.4702029 0.2389258 1.285833 0 0
-0.4320118 0.203039 -0.3955189 0.2580696 1.234078 -0.4773701 0.2281122 1.252857 0 0
-0.4336292 0.204661 -0.3834369 0.2612644 1.238905 -0.4676715 0.2418115 1.223025 0 0
-0.4363479 0.2044494 -0.3908386 0.2607663 1.235185 -0.4735581 0.2453381 1.295714 0 0
-0.4382875 0.2049452 -0.4005847 0.2613718 1.234937 -0.4775419 0.2433899 1.287945 0 0
-0.4400769 0.2050809 -0.4069537 0.2608966 1.234031 -0.4813983 0.2327265 1.24275 0 0
-0.4401447 0.2070158 -0.3964277 0.263637 1.235864 -0.4827243 0.2332192 1.243815 0 0
-0.4407441 0.2082591 -0.3918884 0.2652781 1.234726 -0.4789218 0.2377772 1.22648 0 0
-0.4420564 0.2095187 -0.3933281 0.2673285 1.235491 -0.483242 0.2430447 1.2885 0 0
-0.4425415 0.209621 -0.3940037 0.2696779 1.235182 -0.4830456 0.2436863 1.28996 0 0
-0.4459136 0.2079044 -0.3985196 0.2694661 1.233353 -0.4877164 0.2428849 1.288851 0 0
-0.4478678 0.2066998 -0.4013114 0.2692109 1.231805 -0.4869097 0.2472255 1.297857 0 0
-0.4488878 0.2067336 -0.4049465 0.2700221 1.23349 -0.4871926 0.2440345 1.29337 0 0
-0.4512566 0.2063556 -0.408531 0.2701167 1.233364 -0.4953892 0.2340397 1.28175 0 0
-0.4535838 0.2048614 -0.4142326 0.2675399 1.234309 -0.4939871 0.2446209 1.301625 0 0
-0.4547023 0.2041213 -0.4172036 0.2672998 1.233229 -0.4906507 0.2417858 1.292665 0 0
-0.4554393 0.2062212 -0.4193198 0.270151 1.231981 -0.4905125 0.2417696 1.292001 0 0
-0.4580165 0.2029929 -0.4262521 0.2665024 1.230596 -0.4997093 0.232309 1.274571 0 0
-0.4585854 0.2021033 -0.4305694 0.2663925 1.229545 -0.5024546 0.2185784 1.232267 0 0
-0.4590953 0.2014088 -0.435838 0.2617267 1.230052 -0.4968027 0.2365677 1.2812 0 0
-0.4587782 0.2030598 -0.4334836 0.2636288 1.231661 -0.4991692 0.2277694 1.209943 0 0
-0.4590265 0.2031648 -0.4358998 0.2640078 1.232559 -0.5002209 0.2262714 1.211849 0 0
-0.4593124 0.2023601 -0.4406545 0.264488 1.234261 -0.5105731 0.2249122 1.29225 0 0
-0.4588326 0.2020358 -0.4420104 0.2647266 1.233674 -0.5146199 0.218982 1.283 0 0
-0.4594845 0.2013443 -0.4411134 0.2651051 1.235289 -0.5151006 0.2013468 1.246765 0 0
-0.4603091 0.2015146 -0.4427195 0.2651086 1.233519 -0.5138788 0.2143173 1.29175 0 0
-0.4622609 0.2013779 -0.4482971 0.2652432 1.235259 -0.5211592 0.1990207 1.2454 0 0
-0.4618535 0.2003209 -0.4522384 0.2644866 1.23332 -0.5122078 0.19153 1.234324 0 0
-0.4616193 0.1995997 -0.4566486 0.2641229 1.233339 -0.5119054 0.1886027 1.2331 0 0
-0.4618361 0.1987419 -0.4592253 0.2650549 1.234371 -0.5126194 0.1878779 1.230897 0 0
-0.4610528 0.1990527 -0.4611534 0.26458 1.234118 -0.5136523 0.1822334 1.239844 0 0
-0.4605197 0.1976399 -0.4599593 0.2652647 1.234297 -0.514659 0.1898077 1.23662 0 0
-0.4589328 0.1966112 -0.4606826 0.265164 1.233467 -0.5134723 0.1853248 1.237731 0 0
-0.4582927 0.1974581 -0.4621649 0.2652394 1.234482 -0.5113041 0.1791119 1.241094 0 0
-0.4564587 0.1962423 -0.4608736 0.265401 1.234057 -0.5098909 0.1817382 1.23656 0 0
-0.455032 0.1967305 -0.4616048 0.265186 1.233053 -0.5087432 0.1798306 1.237727 0 0
-0.4529603 0.1946228 -0.4587632 0.2620326 1.234534 -0.5057867 0.1746462 1.242417 0 0
-0.4495721 0.1962954 -0.4561932 0.2642457 1.231985 -0.5043654 0.1744463 1.240615 0 0
-0.4449542 0.1933971 -0.4519908 0.2607594 1.230885 -0.4981936 0.1735991 1.23831 0 0
-0.4409849 0.1954283 -0.4470562 0.2634462 1.22925 -0.4932951 0.1724645 1.239568 0 0
-0.4349229 0.1923843 -0.4398132 0.2610534 1.230841 -0.4889235 0.1726178 1.239667 0 0
-0.4293431 0.191032 -0.4333047 0.2574812 1.231638 -0.4795092 0.171767 1.237854 0 0
-0.4252318 0.1918658 -0.4269533 0.2585362 1.23369 -0.4778445 0.1762685 1.266625 0 0
-0.41964 0.1902167 -0.4219744 0.2586958 1.235086 -0.474053 0.1777489 1.244731 0 0
-0.4154281 0.196789 -0.4160892 0.2649886 1.234995 -0.4669639 0.1817015 1.237429 0 0
-0.4102797 0.1926953 -0.4103088 0.2620856 1.237345 -0.4608206 0.1768214 1.2392 0 0
-0.4057851 0.1935187 -0.4082625 0.262519 1.239857 -0.4589797 0.179387 1.244 0 0
-0.4014212 0.1909359 -0.3977794 0.2604975 1.242132 -0.4582769 0.1937751 1.314333 0 0
-0.3978265 0.1943257 -0.3923113 0.2639122 1.242085 -0.4473009 0.2021383 1.304895 0 0
-0.3915027 0.1933374 -0.3871973 0.2640101 1.243003 -0.4467636 0.2014485 1.308155 0 0
-0.3834743 0.1910543 -0.3791736 0.2614431 1.246161 -0.4335199 0.1801331 1.235612 0 0
-0.3746667 0.1905238 -0.3716317 0.2613528 1.245519 -0.4294845 0.1751805 1.2485 0 0
-0.3640456 0.189539 -0.3564263 0.2610704 1.242665 -0.4107169 0.1779692 1.226 0 0
-0.3491967 0.1862076 -0.3383763 0.2573691 1.241418 -0.3972015 0.1747952 1.228368 0 0
-0.3306538 0.1814874 -0.3077064 0.2535467 1.23783 -0.3795165 0.1750796 1.22125 0 0
-0.3082655 0.1676239 -0.2699084 0.2311614 1.235877 -0.3218598 0.2297283 1.278 0 0
-0.28557 0.1533305 -0.2303677 0.2117019 1.222025 -0.2930328 0.2098766 1.2725 0 0
-0.2614094 0.1374713 -0.2038093 0.1965484 1.212937 -0.2572223 0.1909239 1.2795 0 0
-0.2405225 0.1157716 -0.1860673 0.1750039 1.215544 -0.2339761 0.1661443 1.275857 0 0
-0.221886 0.09832511 -0.1622433 0.1573714 1.218358 -0.2664988 0.1095295 1.207618 0 0
-0.2077091 0.07971366 -0.1339123 0.1215464 1.207939 -0.2250981 0.09796654 1.196 0 0
-0.1974216 0.06004252 -0.1286403 0.1076095 1.230832 -0.1844032 0.1129482 1.307 0 0
-0.1908574 0.04458293 -0.1219467 0.09128734 1.238556 -0.1673108 0.07304358 1.276143 0 0
-0.1865074 0.03219747 -0.1172711 0.07465479 1.243899 -0.1628028 0.07932854 1.287555 0 0
-0.1855693 0.0243207 -0.1164997 0.06928503 1.249903 -0.2281676 0.04019916 1.216731 0 0
-0.1837666 0.01874371 -0.113227 0.06175634 1.251202 -0.2274643 0.0384878 1.217564 0 0
-0.1812185 0.01515763 -0.1105511 0.05443985 1.251705 -0.2250668 0.03263559 1.21938 0 0
-0.180021 0.01176435 -0.109036 0.05164044 1.252417 -0.2013458 -0.01148064 1.231867 0 0
-0.1778105 0.006960134 -0.1053226 0.04381519 1.248387 -0.2213124 0.02390735 1.219082 0 0
-0.1767164 0.002409533 -0.1036275 0.03620896 1.250176 -0.2179934 0.01995019 1.220714 0 0
-0.1744788 -0.005483211 -0.1013035 0.02294291 1.244931 -0.211772 0.01995267 1.221657 0 0
-0.1701641 -0.01781143 -0.09978464 0.0005221188 1.235359 -0.2008247 0.01395779 1.222463 0 0
-0.1630094 -0.03338381 -0.08966988 -0.03027936 1.22727 -0.1872043 0.00381115 1.218 0 0
-0.1574266 -0.05143429 -0.07812956 -0.07158501 1.21276 -0.1718157 -0.00811116 1.214342 0 0
-0.1554612 -0.07142571 -0.08615535 -0.08669728 1.223322 -0.1683334 -0.02804034 1.215434 0 0
-0.1544444 -0.0899175 -0.08791061 -0.114855 1.218578 -0.1611964 -0.04288539 1.21141 0 0
-0.1583592 -0.1022343 -0.0916004 -0.1314746 1.219906 -0.1582458 -0.05631996 1.2045 0 0
-0.1602652 -0.1104883 -0.0953336 -0.1389989 1.221317 -0.1579447 -0.06531689 1.205 0 0
-0.161931 -0.1116468 -0.09461247 -0.1382074 1.219243 -0.1536438 -0.06815435 1.199773 0 0
-0.1608888 -0.1099561 -0.09681796 -0.1388088 1.21943 -0.1509929 -0.06605221 1.1965 0 0
-0.1575639 -0.1069389 -0.09856082 -0.140372 1.221131 -0.1490312 -0.06155117 1.194734 0 0
-0.152089 -0.09847393 -0.09401729 -0.1280068 1.216369 -0.1470744 -0.05158878 1.195077 0 0
-0.1474432 -0.08824074 -0.09188272 -0.1182497 1.217314 -0.1514309 -0.03652459 1.20876 0 0
-0.1424756 -0.07836781 -0.09070265 -0.1115813 1.217944 -0.146844 -0.02457434 1.209708 0 0
-0.1387931 -0.06663716 -0.0865114 -0.09766709 1.216916 -0.14152 -0.01316614 1.206429 0 0
-0.1361116 -0.05414694 -0.07847757 -0.08461636 1.216137 -0.1407893 -0.001925065 1.21455 0 0
-0.1336028 -0.04580625 -0.07872748 -0.07779765 1.218923 -0.1315757 0.005127489 1.206539 0 0
-0.1316983 -0.03831971 -0.07470735 -0.06834293 1.218459 -0.1358315 0.01382458 1.215182 0 0
-0.1303309 -0.03119055 -0.07103939 -0.06174024 1.218808 -0.1312085 0.01885997 1.2098 0 0
-0.128927 -0.02831459 -0.07113823 -0.05765557 1.219115 -0.134076 0.02344764 1.213526 0 0
-0.1291739 -0.02557377 -0.06783115 -0.05322462 1.216898 -0.1267177 0.02426527 1.2055 0 0
-0.1292727 -0.02581826 -0.06660841 -0.05206384 1.217148 -0.1296591 0.024044 1.207662 0 0
-0.1312597 -0.0265087 -0.06764834 -0.05345949 1.216643 -0.1302578 0.02310786 1.207169 0 0
-0.1326179 -0.0298032 -0.0673438 -0.05476538 1.217146 -0.1312413 0.01919901 1.207972 0 0
-0.1346506 -0.03229031 -0.06903224 -0.05701785 1.217691 -0.1307464 0.01741547 1.20378 0 0
-0.1361282 -0.03681178 -0.07133006 -0.06346759 1.218557 -0.1347935 0.01291242 1.203959 0 0
-0.1380901 -0.03951976 -0.07185033 -0.06459354 1.218685 -0.1349091 0.007682777 1.20525 0 0
-0.139479 -0.04302284 -0.07362076 -0.06900025 1.218223 -0.1363817 0.004902451 1.206055 0 0
-0.1411463 -0.04611798 -0.07567334 -0.07128987 1.217891 -0.1350106 0.0018654 1.203071 0 0
-0.1421285 -0.04942224 -0.07780062 -0.07763547 1.217231 -0.1363505 -0.001419085 1.2025 0 0
-0.1430069 -0.05225432 -0.0797859 -0.07951354 1.219278 -0.142801 -0.002042589 1.207722 0 0
-0.1443213 -0.05338861 -0.08126873 -0.08126407 1.22071 -0.1369026 -0.003720866 1.200077 0 0
-0.145075 -0.05472125 -0.08374797 -0.08250596 1.217983 -0.1389699 -0.004360575 1.201705 0 0
-0.1453207 -0.05539566 -0.08546773 -0.08584265 1.220527 -0.1391944 -0.003249794 1.200615 0 0
-0.1467965 -0.05457639 -0.08683184 -0.08454617 1.219219 -0.1382518 -0.002347754 1.198032 0 0
-0.1484129 -0.05365827 -0.0890988 -0.0829265 1.217958 -0.1402339 -0.000410364 1.19726 0 0
-0.1496771 -0.05260766 -0.0904706 -0.08134566 1.217445 -0.1410889 0.000354177 1.19779 0 0
-0.1514533 -0.0510944 -0.09311678 -0.08039349 1.217154 -0.1455834 0.001557641 1.195082 0 0
-0.1533585 -0.04966972 -0.09402142 -0.07877965 1.219189 -0.1444321 0.002843608 1.196968 0 0
-0.1560521 -0.04898792 -0.09781351 -0.07880537 1.217808 -0.1498232 0.004427089 1.197647 0 0
-0.1585166 -0.04868587 -0.09864341 -0.07555451 1.218188 -0.1527906 0.005820662 1.194615 0 0
-0.1613005 -0.04707879 -0.1012213 -0.07320414 1.215742 -0.1555191 0.006717207 1.194294 0 0
-0.1640749 -0.0470176 -0.1038496 -0.07346739 1.216194 -0.1592812 0.007947082 1.197389 0 0
-0.1674979 -0.04685617 -0.1076447 -0.07419214 1.215108 -0.1616435 0.006644497 1.193556 0 0
-0.1722982 -0.04777068 -0.1119116 -0.07456708 1.215334 -0.1672187 0.005564247 1.194286 0 0
-0.1756793 -0.04915171 -0.116103 -0.07622933 1.211969 -0.1720803 0.003645072 1.193882 0 0
-0.1803909 -0.05066324 -0.1211843 -0.07821956 1.207662 -0.175663 0.001370757 1.190357 0 0
-0.1847716 -0.05306235 -0.1254763 -0.08140492 1.205279 -0.180916 -0.002030488 1.189917 0 0
-0.1892576 -0.05568985 -0.1303409 -0.08433845 1.204337 -0.1859143 -0.005816033 1.192429 0 0
-0.1934327 -0.05966814 -0.1359129 -0.08743495 1.200363 -0.1898601 -0.01066273 1.188 0 0
-0.1973751 -0.06387523 -0.1400686 -0.09246132 1.199969 -0.1944713 -0.01535613 1.187454 0 0
-0.2002827 -0.06790684 -0.1440622 -0.09908267 1.197903 -0.1979942 -0.02130448 1.1885 0 0
-0.2024709 -0.07124218 -0.1463256 -0.1018813 1.195504 -0.2011122 -0.02480029 1.1875 0 0
-0.2056276 -0.07336077 -0.149755 -0.1074117 1.194921 -0.2042033 -0.02728623 1.185923 0 0
-0.2080029 -0.0755947 -0.1524008 -0.1109009 1.190892 -0.2070435 -0.03138275 1.180923 0 0
-0.209186 -0.07823274 -0.1540569 -0.1091687 1.189623 -0.2112599 -0.03211062 1.184 0 0
-0.2109997 -0.07823742 -0.156244 -0.1130134 1.18841 -0.2091815 -0.0324636 1.170444 0 0
-0.2122635 -0.07809589 -0.1577682 -0.1097302 1.184784 -0.2109395 -0.03242601 1.166818 0 0
-0.2138844 -0.07755651 -0.1586825 -0.110368 1.183082 -0.2139892 -0.03135192 1.172804 0 0
-0.2156388 -0.07658058 -0.1607241 -0.1090863 1.179308 -0.2153528 -0.03029735 1.163733 0 0
-0.2168131 -0.07671867 -0.162078 -0.1055054 1.174849 -0.2165611 -0.02882411 1.158077 0 0
-0.2187485 -0.07507697 -0.1642477 -0.1044261 1.172248 -0.2193083 -0.02734633 1.157308 0 0
-0.2212475 -0.07241002 -0.1662271 -0.1003324 1.168219 -0.2240148 -0.02413077 1.156187 0 0
-0.2235891 -0.0705038 -0.1691482 -0.09688063 1.165164 -0.2262911 -0.02063934 1.147875 0 0
-0.2260196 -0.06600236 -0.1710232 -0.0911431 1.160774 -0.2283002 -0.01549599 1.143375 0 0
-0.2280237 -0.06135731 -0.1718234 -0.08231358 1.155484 -0.2331721 -0.009170028 1.1398 0 0
-0.2301016 -0.05485613 -0.1720677 -0.07486441 1.152377 -0.2371766 -0.002812327 1.137692 0 0
-0.2320098 -0.04731257 -0.1720751 -0.06445412 1.151743 -0.2409158 0.00461396 1.135929 0 0
-0.2338373 -0.03786739 -0.1712426 -0.05108854 1.150778 -0.24336 0.01451736 1.133 0 0
-0.2359512 -0.02899803 -0.1694401 -0.0402573 1.150414 -0.2479508 0.02296248 1.137 0 0
-0.238127 -0.02009661 -0.1712056 -0.03063247 1.155104 -0.250937 0.03422532 1.136643 0 0
-0.2402088 -0.01303352 -0.1723885 -0.0219725 1.158753 -0.2521682 0.04102587 1.131769 0 0
-0.2428787 -0.00766317 -0.1739811 -0.01614785 1.160335 -0.2552957 0.04562411 1.135 0 0
-0.246203 -0.003187733 -0.1783335 -0.01194493 1.163254 -0.2580255 0.04999993 1.138929 0 0
-0.24911 0.001090698 -0.1799469 -0.007669059 1.163511 -0.2604609 0.05460133 1.138071 0 0
-0.2516446 0.0045741 -0.1813433 -0.006779655 1.163864 -0.2641292 0.05841889 1.1435 0 0
-0.2518924 0.002746391 -0.1794028 -0.01057668 1.162975 -0.257643 0.05631002 1.142149 0 0
-0.2520263 -0.003314455 -0.1792121 -0.0157265 1.165637 -0.2599735 0.05155322 1.153882 0 0
-0.2519156 -0.009872327 -0.1790982 -0.02005755 1.170643 -0.2593703 0.04213104 1.151261 0 0
-0.2520081 -0.01737263 -0.1805159 -0.03175982 1.17264 -0.2665972 0.03671242 1.15608 0 0
-0.2540961 -0.02259077 -0.182371 -0.0368859 1.170176 -0.2663076 0.03139013 1.155182 0 0
-0.2550899 -0.02646066 -0.1833238 -0.03938635 1.167523 -0.2650046 0.02666792 1.14853 0 0
-0.2558947 -0.02773149 -0.1840896 -0.04491222 1.169313 -0.2652511 0.02472934 1.14865 0 0
-0.2547762 -0.02889169 -0.182985 -0.04595649 1.168314 -0.2721488 0.02521433 1.154571 0 0
-0.2538306 -0.02632857 -0.1821134 -0.04214412 1.168517 -0.2660022 0.03059602 1.150758 0 0
-0.2516497 -0.02353623 -0.1799375 -0.03968565 1.1682 -0.2679139 0.03096478 1.150908 0 0
-0.2513748 -0.0185729 -0.1812579 -0.02930516 1.168208 -0.2666319 0.03250191 1.150858 0 0
-0.250378 -0.01219162 -0.1763369 -0.01794642 1.16538 -0.2568701 0.03976277 1.139353 0 0
-0.2505524 -0.003586294 -0.1752318 -0.000496328 1.163027 -0.2661117 0.04295586 1.147625 0 0
-0.2503385 0.004944822 -0.1789645 0.01323382 1.169966 -0.2700633 0.04767762 1.14637 0 0
-0.251728 0.01416325 -0.1804488 0.02928112 1.172392 -0.2778789 0.05151477 1.150082 0 0
-0.2549146 0.02164872 -0.1795718 0.03210804 1.175508 -0.281519 0.05718902 1.149451 0 0
-0.2608787 0.02754697 -0.1854418 0.04611575 1.174762 -0.2874407 0.06028026 1.148411 0 0
-0.2613807 0.03253143 -0.1833918 0.05729847 1.169365 -0.2936037 0.06232706 1.146529 0 0
-0.2676657 0.03553906 -0.1918997 0.06856565 1.171597 -0.301426 0.06324466 1.146171 0 0
-0.2720052 0.0393178 -0.1976486 0.08139361 1.173272 -0.3072431 0.06376668 1.1435 0 0
-0.2791535 0.03972164 -0.211895 0.09501553 1.171736 -0.3110195 0.06304336 1.138322 0 0
-0.2833668 0.04254444 -0.2242098 0.09923062 1.175524 -0.3151993 0.06204015 1.132854 0 0
-0.2868995 0.04593768 -0.2320521 0.1072343 1.16927 -0.3173454 0.06238824 1.124364 0 0
-0.2904666 0.0467174 -0.2372727 0.1071723 1.171177 -0.3234974 0.06506715 1.124741 0 0
-0.292975 0.04710393 -0.2407214 0.1079588 1.167986 -0.3268994 0.06153331 1.12431 0 0
-0.2943189 0.04724587 -0.2428519 0.1077386 1.167125 -0.3292004 0.06130423 1.121833 0 0
-0.2956603 0.04833137 -0.2453867 0.1087369 1.164938 -0.3313828 0.06090195 1.121714 0 0
-0.294609 0.04908861 -0.2443652 0.1105039 1.159413 -0.325619 0.02091859 1.141294 0 0
-0.2946175 0.050339 -0.2422857 0.1102669 1.159658 -0.3324563 0.05824938 1.119545 0 0
-0.2928537 0.05139139 -0.2373694 0.1104779 1.158517 -0.3310272 0.058129 1.120758 0 0
-0.2897237 0.05257735 -0.2329511 0.1076336 1.158965 -0.3272158 0.06118613 1.119421 0 0
-0.287227 0.05207407 -0.2287999 0.1075261 1.158637 -0.3108763 0.08110415 1.135654 0 0
-0.2832784 0.05102675 -0.2250613 0.1065447 1.161411 -0.3195173 0.06378884 1.121818 0 0
-0.279659 0.05066632 -0.2225441 0.1013137 1.165041 -0.3133626 0.03179459 1.135117 0 0
-0.2759465 0.04959677 -0.2213474 0.09927785 1.167144 -0.3091562 0.06602155 1.119631 0 0
-0.2716158 0.04800205 -0.2194031 0.09937724 1.171006 -0.3051578 0.06768499 1.127828 0 0
-0.2607769 0.05010172 -0.2028281 0.09878726 1.176425 -0.295566 0.07094367 1.130483 0 0
-0.2480122 0.05175177 -0.1893072 0.09902643 1.184238 -0.2829981 0.06961 1.13475 0 0
-0.2341578 0.05533875 -0.1722471 0.1062036 1.195299 -0.2685237 0.07423848 1.143613 0 0
-0.2209135 0.06240037 -0.1591862 0.1182493 1.208576 -0.2566105 0.07750802 1.158243 0 0
-0.1975633 0.09299742 -0.1358695 0.148717 1.236089 -0.2317662 0.0975832 1.179462 0 0
-0.1918173 0.1052741 -0.1306892 0.1657313 1.244465 -0.2151292 0.06308842 1.218114 0 0
-0.1872811 0.1209201 -0.1259628 0.1800569 1.258622 -0.2263153 0.1197819 1.212 0 0
-0.1862799 0.1349528 -0.1296187 0.1961143 1.269694 -0.2248297 0.1329901 1.225171 0 0
-0.1883205 0.1468906 -0.1335497 0.2111451 1.27401 -0.2266619 0.1452522 1.232237 0 0
-0.1954433 0.1591226 -0.1422511 0.2235815 1.282073 -0.2347671 0.1589881 1.240639 0 0
-0.2070084 0.1742254 -0.1608752 0.2365492 1.284109 -0.2455784 0.1719876 1.238429 0 0
-0.2252671 0.1920455 -0.1805558 0.2552921 1.287522 -0.2688231 0.1888925 1.247667 0 0
-0.2508413 0.2093709 -0.1918162 0.2627944 1.263712 -0.2646281 0.2410739 1.318857 0 0
-0.2885247 0.2191973 -0.2371251 0.2672019 1.243682 -0.2489054 0.246498 1.323636 0 0
-0.3193194 0.2258751 -0.2769192 0.2668739 1.247038 -0.273748 0.2462933 1.3314 0 0
-0.3426918 0.2341084 -0.3039144 0.2707261 1.263461 -0.2900756 0.2501043 1.333667 0 0
-0.3610504 0.2395045 -0.3191905 0.271771 1.273293 -0.2946528 0.2414255 1.3363 0 0
-0.3753449 0.240751 -0.3444098 0.277254 1.285396 -0.314307 0.2435169 1.345579 0 0
-0.3848894 0.2409971 -0.3429374 0.2768584 1.293599 -0.3139794 0.252331 1.3675 0 0
-0.3841633 0.2436287 -0.3396328 0.2748785 1.307031 -0.3218598 0.2428271 1.3732 0 0
-0.3785839 0.2454588 -0.3290165 0.2785611 1.32256 -0.4119553 0.2483095 1.337909 0 0
-0.3693795 0.2477441 -0.3184256 0.2811978 1.34078 -0.4012718 0.2484734 1.337667 0 0
-0.3577214 0.2523867 -0.3037628 0.286616 1.359925 -0.384905 0.2548765 1.3478 0 0
-0.3450116 0.2573128 -0.2846491 0.289251 1.380682 -0.3604865 0.261965 1.358833 0 0
-0.334869 0.2621171 -0.2725008 0.2952429 1.400991 -0.3469094 0.2728305 1.380333 0 0
-0.3262969 0.2689784 -0.2626484 0.2986456 1.413341 -0.3421336 0.2802287 1.391167 0 0
-0.3207112 0.27453 -0.2570491 0.305968 1.431949 -0.3378346 0.2897684 1.41 0 0
-0.313727 0.2773384 -0.2474295 0.3159823 1.44622 -0.3337792 0.296666 1.43 0 0
-0.3012707 0.2816434 -0.2453146 0.3232644 1.465021 -0.3268049 0.3055555 1.4337 0 0
-0.286048 0.2812291 -0.2271058 0.3268945 1.472142 -0.3167544 0.3126918 1.457067 0 0
-0.2738883 0.2751016 -0.2130978 0.3224689 1.491152 -0.3045756 0.3120007 1.472167 0 0
-0.2622115 0.2623904 -0.2044808 0.3085413 1.509479 -0.2897112 0.3054695 1.490636 0 0
-0.2543301 0.2391385 -0.1840964 0.2856366 1.514572 -0.2762292 0.2884535 1.512539 0 0
-0.2446817 0.217056 -0.1883082 0.2519653 1.514614 -0.2595111 0.2727349 1.50375 0 0
-0.234999 0.1860387 -0.1903472 0.2195399 1.523653 -0.2541484 0.2154145 1.545065 0 0
-0.2269493 0.1603363 -0.1770853 0.1930987 1.513736 -0.231275 0.2224373 1.5012 0 0
-0.218658 0.1343554 -0.1572579 0.1644967 1.500833 -0.220362 0.194258 1.512294 0 0
-0.2141248 0.1098046 -0.1494213 0.1404642 1.491995 -0.2226207 0.1554909 1.527867 0 0
-0.2131404 0.08429924 -0.1376879 0.1107928 1.465718 -0.2082722 0.1410403 1.5049 0 0
-0.2121214 0.05970638 -0.133815 0.08165288 1.445068 -0.2106931 0.1072855 1.488812 0 0
-0.212544 0.03255016 -0.137207 0.04886612 1.440197 -0.2062209 0.0802837 1.466714 0 0
-0.2090439 0.003414353 -0.1346792 0.004841406 1.414608 -0.1982592 0.05940265 1.447471 0 0
-0.203018 -0.02898619 -0.1261585 -0.04042603 1.392481 -0.1887792 0.02603458 1.40672 0 0
-0.2062927 -0.06368165 -0.1284838 -0.09447021 1.352499 -0.1891161 -0.00672616 1.368667 0 0
-0.2331134 -0.09229708 -0.1615519 -0.126733 1.312824 -0.2157073 -0.03625172 1.338903 0 0
-0.2450839 -0.1094268 -0.1735361 -0.1384271 1.299002 -0.2251164 -0.05381903 1.313563 0 0
-0.2573728 -0.1233655 -0.1812896 -0.1515405 1.269354 -0.2501417 -0.06722844 1.291416 0 0
-0.2726943 -0.1328259 -0.2004752 -0.1671968 1.243561 -0.2576327 -0.07625975 1.266081 0 0
-0.2851549 -0.1398147 -0.2149203 -0.1762647 1.225283 -0.2680506 -0.08241647 1.241586 0 0
-0.2953243 -0.1436488 -0.2273422 -0.182653 1.205943 -0.2798375 -0.08592158 1.231042 0 0
-0.3103666 -0.1443316 -0.2354295 -0.1814297 1.208568 -0.2878699 -0.08982886 1.219429 0 0
-0.3144917 -0.1442458 -0.2417801 -0.1806572 1.201632 -0.2905975 -0.09083348 1.211412 0 0
-0.316921 -0.1450349 -0.2427996 -0.1828045 1.194422 -0.2937253 -0.09162974 1.203104 0 0
-0.3200222 -0.1454625 -0.2432176 -0.1845486 1.180777 -0.299218 -0.09208012 1.195 0 0
-0.3226981 -0.1458389 -0.2472548 -0.1846896 1.181769 -0.2987081 -0.09242917 1.19275 0 0
-0.3252819 -0.1460738 -0.2515669 -0.1841037 1.17906 -0.3056626 -0.09269673 1.191491 0 0
-0.3236264 -0.1475804 -0.2499254 -0.1870849 1.173509 -0.3071418 -0.09378511 1.188305 0 0
-0.325609 -0.1485887 -0.2484668 -0.1884443 1.164049 -0.3095682 -0.09472832 1.181134 0 0
-0.3275858 -0.1484902 -0.2535315 -0.1888209 1.157567 -0.3134386 -0.09375539 1.171128 0 0
-0.3402563 -0.1429213 -0.2659032 -0.1791464 1.147783 -0.3328159 -0.08903926 1.162912 0 0
-0.3673934 -0.1363399 -0.2914295 -0.1683209 1.123575 -0.3594474 -0.08407006 1.135478 0 0
-0.4138326 -0.1278457 -0.3600725 -0.1726395 1.073892 -0.3549304 -0.1125038 1.12175 0 0
-0.5052046 -0.09677802 -0.4439926 -0.0925449 1.047547 -0.4737403 -0.128834 1.119161 0 0
-0.5638135 -0.07112105 -0.5292892 -0.0649209 1.021916 -0.520902 -0.09128627 1.086182 0 0
-0.6266544 -0.0311367 -0.6201488 -0.001751343 1.026845 -0.5962822 -0.03459731 1.0293 0 0
-0.6472598 -0.03309255 -0.659614 -0.004601829 1.034016 -0.6469395 -0.005005968 1.022 0 0
-0.6515634 -0.03035533 -0.6843299 -0.007782722 1.071576 -0.6692787 -0.0007356084 1.05475 0 0
-0.6411109 -0.03066814 -0.6808177 -0.01147305 1.057488 -0.5967274 -0.01195391 1.115346 0 0
-0.6584519 -0.02494022 -0.6970441 0.0001177388 1.048722 -0.6909574 0.002018114 1.038 0 0
-0.6766674 -0.02196713 -0.7214435 0.01618192 1.0396 -0.6273066 -0.01701327 1.086209 0 0
-0.6771458 -0.02414591 -0.7232975 0.01402658 1.039238 -0.6560434 -0.02206731 1.061214 0 0
-0.629178 -0.02593049 -0.6740968 -0.01930346 1.078467 -0.6345171 -0.0447896 1.07862 0 0
-0.6297947 -0.02982348 -0.6756882 -0.02430293 1.076594 -0.6438569 -0.04589103 1.068084 0 0
-0.6558375 -0.04074153 -0.7061476 -0.01136855 1.039026 -0.6007071 -0.0310695 1.086375 0 0
-0.6544657 -0.03436852 -0.6990204 -0.005672708 1.009756 -0.6138651 -0.04474805 1.038583 0 0
-0.615663 -0.03202714 -0.6507009 -0.009766405 0.9863008 -0.5854854 -0.02475088 0.99272 0 0
-0.512877 -0.03429817 -0.5414425 -0.01873356 0.9581919 -0.4846725 -0.02255618 0.9851665 0 0
-0.4129453 -0.01094426 -0.4164447 -0.004513538 0.9322644 -0.4807081 -0.01390388 1.0068 0 0
-0.3278336 0.02978922 -0.2991575 0.003176697 0.910136 -0.357239 0.02633896 0.9611765 0 0
-0.2539188 0.08767536 -0.1952752 0.06498151 0.9408525 -0.2472435 0.1156455 0.996375 0 0
-0.2103384 0.1469593 -0.1488141 0.1284216 0.9820777 -0.2489635 0.1375262 1.021371 0 0
-0.1869997 0.2036542 -0.1261092 0.1967345 1.041128 -0.1907683 0.2215056 1.0386 0 0
-0.1757863 0.2479513 -0.1278516 0.2459953 1.07912 -0.2104839 0.2403528 1.073143 0 0
-0.1740253 0.2770785 -0.1293214 0.2731638 1.091893 -0.2072252 0.2754856 1.102 0 0
-0.1750598 0.296052 -0.1297383 0.2945232 1.113424 -0.1948351 0.3250568 1.157818 0 0
-0.1743131 0.3096086 -0.1263638 0.3099223 1.132369 -0.1948122 0.3400481 1.185125 0 0
-0.1731623 0.3207146 -0.1203345 0.3253183 1.152524 -0.1780484 0.3175947 1.157 0 0
-0.1658198 0.3336831 -0.1119833 0.3427199 1.180979 -0.1693991 0.3311909 1.179546 0 0
-0.1561768 0.3453208 -0.0983889 0.3569432 1.20663 -0.1572494 0.3418209 1.201316 0 0
-0.1486311 0.3554325 -0.08857451 0.3736286 1.236463 -0.1494604 0.354677 1.22808 0 0
-0.1409815 0.3620966 -0.08154735 0.3865611 1.263477 -0.1443147 0.3667501 1.2532 0 0
-0.1320471 0.3640531 -0.07317801 0.3951588 1.289328 -0.1363773 0.3737442 1.270789 0 0
-0.1173657 0.3614223 -0.0604939 0.3940926 1.304965 -0.1295413 0.3702645 1.28025 0 0
-0.1079589 0.3393185 -0.049577 0.3798055 1.333756 -0.1192106 0.3499049 1.289 0 0
-0.08818432 0.3194277 -0.02858146 0.3637214 1.340673 -0.1020653 0.3266469 1.297778 0 0
-0.06871179 0.2926401 -0.01171615 0.3468902 1.354343 -0.08594082 0.3000041 1.302077 0 0
-0.05206297 0.259316 0.002738729 0.3158517 1.366487 -0.06768313 0.2725904 1.283445 0 0
-0.03201769 0.2341285 0.01967216 0.2938183 1.38035 -0.04908499 0.2471261 1.2816 0 0
-0.04132831 0.1709014 0.01931551 0.2253638 1.392474 -0.05743476 0.2001201 1.307643 0 0
-0.03540108 0.1302681 0.02416935 0.183892 1.387094 -0.0463948 0.167258 1.289692 0 0
-0.03451799 0.07973299 0.0318502 0.127007 1.371995 -0.03699096 0.1219222 1.264091 0 0
-0.06161223 0.01292435 0.004027136 0.04929324 1.3532 -0.05522489 0.05468873 1.2749 0 0
-0.07000105 -0.033052 -0.006729302 -0.000655639 1.321432 -0.04606888 0.00608734 1.266608 0 0
-0.08398668 -0.07722286 -0.02059819 -0.06033618 1.304269 -0.06152329 -0.0510432 1.241952 0 0
-0.09772103 -0.1103988 -0.03343079 -0.101996 1.293754 -0.0689619 -0.08729959 1.2305 0 0
-0.1020565 -0.1300792 -0.03725038 -0.1264102 1.298782 -0.06633353 -0.1080579 1.227571 0 0
-0.0558138 -0.1378251 0.009581454 -0.1463169 1.312168 -0.05844186 -0.1088024 1.230389 0 0
-0.05174095 -0.1400673 0.01255473 -0.1529507 1.309412 -0.05164674 -0.1028217 1.231261 0 0
-0.05014198 -0.1345471 0.01420724 -0.1460628 1.29475 -0.04921735 -0.09740338 1.22475 0 0
-0.07321244 -0.1289058 -0.008163212 -0.1480264 1.271977 -0.05413888 -0.09044024 1.209938 0 0
-0.07206216 -0.1276691 -0.008366217 -0.147059 1.25484 -0.0565081 -0.09112207 1.196269 0 0
-0.07446389 -0.1342725 -0.0116767 -0.1579462 1.243034 -0.06285618 -0.09869736 1.187581 0 0
-0.05683378 -0.1481132 0.00561539 -0.1659182 1.225268 -0.01594875 -0.1175874 1.214898 0 0
-0.07530039 -0.1702402 -0.007073578 -0.1831051 1.205511 -0.06363323 -0.1348768 1.170316 0 0
-0.1429726 -0.1882003 -0.07937524 -0.2378032 1.177058 -0.09939251 -0.16228 1.149726 0 0
-0.1744395 -0.2094547 -0.109393 -0.2703582 1.152343 -0.119959 -0.19343 1.129179 0 0
-0.2070664 -0.2277223 -0.1422066 -0.2752103 1.133157 -0.1704952 -0.2129938 1.089059 0 0
-0.2445711 -0.2455295 -0.1868403 -0.2940452 1.116924 -0.2289774 -0.2266719 1.069878 0 0
-0.2707044 -0.2553494 -0.2164755 -0.3032156 1.091405 -0.2686057 -0.2537377 1.049846 0 0
-0.292899 -0.255715 -0.2449416 -0.300138 1.064007 -0.2530445 -0.2490194 1.028125 0 0
-0.3061328 -0.2575367 -0.2610979 -0.2997052 1.039626 -0.274909 -0.2457048 1.022398 0 0
-0.3146372 -0.2497367 -0.2792357 -0.296996 1.02022 -0.2867588 -0.2319197 1.028306 0 0
-0.3136733 -0.2471703 -0.2817213 -0.298923 1.016365 -0.2837043 -0.2233091 1.027545 0 0
-0.3045535 -0.2448239 -0.2726148 -0.2975761 1.016308 -0.2757388 -0.2227493 1.014 0 0
-0.2717669 -0.2385547 -0.2341336 -0.2756827 0.9917191 -0.250604 -0.1975315 1.021462 0 0
-0.2437023 -0.2315619 -0.2006017 -0.2758175 1.00014 -0.2244319 -0.1998263 1.009824 0 0
-0.2115108 -0.2284936 -0.1687127 -0.2726156 1.006386 -0.197132 -0.1881507 1.0063 0 0
-0.1564417 -0.1936986 -0.1434779 -0.257165 0.9886694 -0.1397914 -0.1624509 0.9497606 0 0
-0.12846 -0.1256522 -0.1028591 -0.1775807 0.9331061 -0.1124582 -0.1230565 0.92 0 0
-0.1127737 -0.05733025 -0.07215935 -0.1196726 0.8956107 -0.1064312 -0.05268852 0.8881462 0 0
-0.1096767 0.005059627 -0.0570155 -0.05260474 0.8729252 -0.1040488 0.006546474 0.8496596 0 0
-0.1310128 0.07053196 -0.07556269 0.04036307 0.8331686 -0.08964327 0.007486967 0.8886667 0 0
-0.1597657 0.1223842 -0.1043529 0.112971 0.7894018 -0.1120517 0.07140025 0.8613571 0 0
-0.2112344 0.1696423 -0.1546473 0.1814718 0.7666009 -0.1675444 0.1541351 0.8408 0 0
-0.2568348 0.2100273 -0.2064086 0.2324118 0.7370728 -0.1970834 0.202247 0.7970769 0 0
-0.3077106 0.2469089 -0.2537829 0.2735873 0.6998069 -0.2346512 0.2412271 0.7512692 0 0
-0.3514926 0.2847636 -0.3270462 0.3095051 0.7077748 -0.2888536 0.26094 0.6989091 0 0
-0.4177592 0.3035561 -0.3910245 0.3214459 0.7071432 -0.3685783 0.2912048 0.7029999 0 0
-0.4502912 0.2396374 -0.4603533 0.2900772 0.7420281 -0.39962 0.2856931 0.7472857 0 0
-0.4804151 0.2321401 -0.4896992 0.2963495 0.7576568 -0.4489194 0.2896304 0.7451667 0 0
-0.5057328 0.2206548 -0.5143765 0.2940789 0.7624496 -0.4722506 0.2325702 0.7993636 0 0
-0.543699 0.2297094 -0.534021 0.3050762 0.7441151 -0.5155193 0.2965868 0.718 0 0
-0.5439367 0.1914624 -0.560636 0.2229684 0.7976987 -0.5434363 0.2154998 0.7845 0 0
-0.5422486 0.1637509 -0.5625739 0.1910093 0.8011445 -0.5567735 0.1935811 0.7935 0 0
-0.5485328 0.1419097 -0.5669215 0.1638537 0.8085042 -0.5481913 0.1658438 0.8297499 0 0
-0.5335506 0.1014132 -0.5581821 0.1099446 0.7998961 -0.5505179 0.06971237 0.8513077 0 0
-0.5280126 0.07895303 -0.5555038 0.08298983 0.7968744 -0.5469692 0.04830138 0.8406875 0 0
-0.5182826 0.05617729 -0.5449018 0.05324277 0.7837887 -0.5410565 0.05067667 0.8375833 0 0
-0.4910614 0.04537106 -0.5352541 0.04439094 0.7748837 -0.4971214 0.01271158 0.8154001 0 0
-0.4938998 0.02829815 -0.5295698 0.03245608 0.7634577 -0.5488669 0.01261397 0.8181428 0 0
-0.4645399 0.0324723 -0.525989 0.03794419 0.7579316 -0.4864808 0.001314077 0.8293125 0 0
-0.4594404 0.04006596 -0.5108694 0.04768268 0.7392476 -0.497373 0.01291922 0.8291765 0 0
-0.3864162 0.06933898 -0.4312882 0.07594628 0.7430192 -0.4286597 0.03807623 0.8176786 0 0
-0.3581664 0.09818077 -0.3952968 0.1095379 0.7277899 -0.4067475 0.0594859 0.8199333 0 0
-0.3506043 0.1483748 -0.3805915 0.1409959 0.7123382 -0.3854133 0.1423377 0.749 0 0
-0.287111 0.1935323 -0.3153359 0.1860326 0.7048197 -0.3382965 0.1908256 0.7556667 0 0
-0.2368348 0.2262888 -0.2492235 0.2396155 0.7099292 -0.2919404 0.2435961 0.7783334 0 0
-0.2066815 0.267815 -0.2031183 0.2911029 0.7248696 -0.2398481 0.2206151 0.813091 0 0
-0.182065 0.3096712 -0.1804913 0.3360782 0.7621548 -0.2087303 0.254582 0.8222001 0 0
-0.1589313 0.3513366 -0.1495089 0.3801236 0.8016143 -0.1871452 0.2916693 0.8393749 0 0
-0.1338865 0.422147 -0.1230392 0.4671575 0.9064367 -0.1585533 0.3637002 0.89625 0 0
-0.1257099 0.4471869 -0.1109588 0.4957848 0.9617991 -0.1529401 0.3945672 0.9458 0 0
-0.1180875 0.4583999 -0.09951177 0.5132325 1.015734 -0.07921433 0.4946236 1.013 0 0
-0.1125303 0.4634386 -0.0839595 0.5085052 1.063089 -0.08058371 0.4392466 1.111483 0 0
-0.1075026 0.4501687 -0.08486557 0.5060145 1.111674 -0.08272184 0.4377401 1.16275 0 0
-0.1017664 0.407756 -0.07299899 0.4734135 1.176878 -0.1523625 0.3840163 1.2296 0 0
-0.09694786 0.3783731 -0.06411161 0.4500426 1.233313 -0.139016 0.3699735 1.236462 0 0
-0.09085807 0.3343019 -0.05720781 0.4058807 1.272482 -0.1373791 0.3329348 1.276429 0 0
-0.08321807 0.2913433 -0.04893487 0.3568987 1.309866 -0.131693 0.291668 1.302538 0 0
-0.0811015 0.2172834 -0.05122998 0.2781831 1.319483 -0.1196628 0.2410695 1.3057 0 0
-0.07706789 0.1598322 -0.04248815 0.1982061 1.33498 -0.06946305 0.1129149 1.26475 0 0
-0.0836855 0.09603666 -0.03648046 0.1201559 1.323807 -0.06824204 0.06525488 1.261072 0 0
-0.07495816 0.05513785 -0.0283199 0.06087352 1.318458 -0.04711461 0.02719262 1.262191 0 0
-0.06988258 0.01265874 -0.008414559 0.006017067 1.294251 -0.03307096 -0.02051503 1.2655 0 0
-0.06281409 -0.02799199 0.002749976 -0.05392601 1.268948 -0.03003453 -0.06905662 1.23575 0 0
-0.0667209 -0.06062947 -0.003669144 -0.09675177 1.218741 -0.09457137 -0.08252577 1.108182 0 0
-0.07334903 -0.08239628 -0.01043712 -0.122618 1.172895 -0.1160481 -0.1009052 1.083741 0 0
-0.08251242 -0.08735631 -0.01312884 -0.1194397 1.140449 -0.1166627 -0.1125071 1.054848 0 0
-0.08882203 -0.08618561 -0.01897403 -0.1088098 1.088077 -0.1096348 -0.1100422 1.021912 0 0
-0.07133063 -0.1006627 -0.00858683 -0.1542336 1.010264 -0.08698593 -0.1225267 0.9862729 0 0
-0.0687753 -0.08519906 -0.004845602 -0.141159 0.9537395 -0.09912078 -0.126064 1.033455 0 0
-0.06611197 -0.05753626 -0.0002108653 -0.109847 0.9163021 -0.07498784 -0.08201458 0.8992353 0 0
-0.06555046 -0.0195348 0.005448231 -0.06623315 0.8740535 -0.08790611 -0.05423886 0.9244444 0 0
-0.08584391 0.02718215 -0.01979809 -0.0003266438 0.83628 -0.05141454 -0.008844687 0.8088571 0 0
-0.1067832 0.07357324 -0.03854292 0.0478587 0.7777081 -0.05918715 0.04158215 0.75375 0 0
-0.1346486 0.1176611 -0.0661364 0.1161421 0.7515892 -0.09447917 0.09212231 0.7398571 0 0
-0.177856 0.1374949 -0.114 0.1628598 0.7416112 -0.1071093 0.1511602 0.7216667 0 0
-0.192518 0.1958294 -0.1315969 0.2365906 0.7043936 -0.1322012 0.2012043 0.6990001 0 0
-0.2342618 0.2116707 -0.1860302 0.2569999 0.7082412 -0.172061 0.2332065 0.6955 0 0
-0.2740598 0.2256919 -0.2467896 0.2770285 0.7071228 -0.2561036 0.1715054 0.7573334 0 0
-0.2710249 0.3592987 -0.2837757 0.3937914 0.7055268 -0.2487177 0.3520128 0.6553333 0 0
-0.3121479 0.4854938 -0.3246103 0.5187847 0.6801454 -0.2892601 0.4756691 0.6309559 0 0
-0.384833 0.3586463 -0.3910449 0.4173533 0.7304885 -0.3684773 0.3473156 0.6697916 0 0
-0.4285797 0.3544177 -0.439429 0.400706 0.7375857 -0.4140425 0.3538048 0.6866667 0 0
-0.484153 0.3820755 -0.4568883 0.4502107 0.8188198 -0.4799581 0.3786885 0.7223334 0 0
-0.4879285 0.3593698 -0.5382375 0.4325187 0.911945 -0.4584159 0.3732307 0.8682068 0 0
-0.5403334 0.273057 -0.5756963 0.2833422 0.9509403 -0.5146089 0.3250714 0.9262 0 0
-0.4874716 0.1722343 -0.5324836 0.2415792 0.759685 -0.497221 0.1970296 0.7170334 0 0
-0.4835988 0.1512413 -0.5327029 0.2193915 0.7604764 -0.4801771 0.1730651 0.7351 0 0
-0.5099744 0.1704404 -0.5509189 0.2381142 0.7804884 -0.5026936 0.1706704 0.7232916 0 0
-0.5105815 0.1696275 -0.5579357 0.2415609 0.7911407 -0.4993033 0.17676 0.7342112 0 0
-0.5097541 0.1702814 -0.5567029 0.2414065 0.7887617 -0.5405471 0.1445335 0.7862501 0 0
-0.4833302 0.1476821 -0.5324482 0.2150419 0.7604883 -0.511774 0.1740592 0.7998 0 0
-0.5048931 0.1750825 -0.5507023 0.245735 0.7788632 -0.5366411 0.1609272 0.784375 0 0
-0.502131 0.1750458 -0.5474691 0.2493762 0.7765755 -0.5352607 0.1607951 0.7777693 0 0
-0.499658 0.1758302 -0.5436553 0.248311 0.768992 -0.5285393 0.1643845 0.7806336 0 0
-0.4994777 0.1784507 -0.5437972 0.2520547 0.7698427 -0.5304048 0.1655951 0.780189 0 0
-0.4983666 0.1793394 -0.5430393 0.2544782 0.7674002 -0.5356468 0.163396 0.7722858 0 0
-0.4980273 0.1790937 -0.5437017 0.2539274 0.7682306 -0.5347332 0.1828273 0.7878334 0 0
-0.4990747 0.1793561 -0.543434 0.2511898 0.7679629 -0.5358312 0.1633682 0.7871733 0 0
-0.4988233 0.1808611 -0.5443501 0.2550924 0.7692574 -0.5357651 0.1663163 0.7712858 0 0
-0.4982846 0.180082 -0.5410026 0.2496797 0.7675201 -0.5442498 0.188604 0.7925 0 0
-0.4979811 0.1808014 -0.5416626 0.2528635 0.766503 -0.5259615 0.1642458 0.775 0 0
-0.4961086 0.1811924 -0.5393835 0.2508385 0.7657259 -0.5208499 0.2023147 0.7977999 0 0
-0.4955908 0.1813555 -0.5392685 0.2499951 0.7647239 -0.5387886 0.1610394 0.78375 0 0
-0.4951607 0.1818142 -0.535568 0.2483047 0.7613021 -0.5301147 0.1519942 0.77675 0 0
-0.4957741 0.1823037 -0.5358815 0.2490854 0.7622752 -0.5323635 0.1633116 0.7817508 0 0
-0.4951968 0.1823813 -0.5363947 0.2495883 0.7623547 -0.5307782 0.1647901 0.779547 0 0
-0.4969436 0.1866034 -0.5419787 0.2590892 0.7649354 -0.5191151 0.2207895 0.8025556 0 0
-0.4967147 0.1858091 -0.5436815 0.2575442 0.7673869 -0.5281056 0.1583215 0.7716 0 0
-0.4964459 0.1851851 -0.5371506 0.2528672 0.7615043 -0.5300168 0.1698147 0.777625 0 0
-0.4959961 0.1846745 -0.5388442 0.252894 0.7641407 -0.5238375 0.1614626 0.7699428 0 0
-0.4947874 0.1842142 -0.5403929 0.2550159 0.7639924 -0.522444 0.2059766 0.8 0 0
-0.4958423 0.1834313 -0.5406712 0.2528789 0.7628241 -0.5201491 0.1601901 0.767 0 0
-0.4949681 0.1823292 -0.5347491 0.2475203 0.7591396 -0.5190774 0.2022171 0.7942001 0 0
-0.4949646 0.1821312 -0.5403851 0.2564399 0.7638211 -0.5147272 0.1539153 0.7526667 0 0
-0.4954963 0.1806653 -0.5363177 0.2432976 0.7611156 -0.520707 0.1599384 0.7627857 0 0
-0.4964859 0.1812901 -0.5368509 0.2456236 0.7618601 -0.5218728 0.1712809 0.7732632 0 0
-0.4954064 0.181516 -0.5356449 0.2445933 0.7603623 -0.5255271 0.1636168 0.756 0 0
-0.49444 0.1810567 -0.5368727 0.2451661 0.7617356 -0.5250149 0.1611676 0.7626349 0 0
-0.4951305 0.1821479 -0.5367102 0.2483465 0.7629703 -0.5329254 0.1708056 0.7794286 0 0
-0.4950019 0.1826216 -0.5397012 0.2534782 0.7613206 -0.5247227 0.1688991 0.776912 0 0
-0.4947891 0.1819069 -0.5342141 0.2460313 0.7595629 -0.5217289 0.1711876 0.7661192 0 0
-0.4934691 0.1817425 -0.5339133 0.2446107 0.7592669 -0.5182162 0.1625553 0.7611666 0 0
-0.4937232 0.1817306 -0.533861 0.2458775 0.7590629 -0.5274537 0.1768395 0.7825715 0 0
-0.4940246 0.1818374 -0.533025 0.2454812 0.7578629 -0.537579 0.170509 0.77075 0 0
-0.4942678 0.1809009 -0.5357002 0.245543 0.7597135 -0.5372733 0.164135 0.7776 0 0
-0.4944046 0.1818155 -0.5343843 0.2442133 0.7592653 -0.528529 0.1684792 0.7769559 0 0
-0.4946084 0.1818097 -0.5359239 0.2473781 0.7601022 -0.5180942 0.1563756 0.7562222 0 0
-0.4953792 0.1819458 -0.5355689 0.2449792 0.7616458 -0.5329118 0.1646743 0.771125 0 0
-0.4949517 0.1819761 -0.5342699 0.2447089 0.7597762 -0.5284851 0.1597192 0.7691101 0 0
-0.4948022 0.1814684 -0.5354526 0.2440417 0.7599741 -0.5227946 0.1665007 0.7650093 0 0
-0.495047 0.1819412 -0.5344132 0.2449248 0.7605969 -0.5368938 0.1685058 0.7712 0 0
-0.4942421 0.181838 -0.5338514 0.2450693 0.7597777 -0.5214524 0.1556166 0.7606 0 0
-0.4930276 0.1803556 -0.533424 0.2456231 0.7598699 -0.5339812 0.1596081 0.77675 0 0
-0.4914129 0.1821916 -0.5347401 0.2484346 0.7579888 -0.5202712 0.1602593 0.7578 0 0
-0.488146 0.1866894 -0.5308439 0.256196 0.7542733 -0.5171833 0.1635631 0.7735714 0 0
-0.4832869 0.2009442 -0.523934 0.2751045 0.7423542 -0.4994497 0.1968672 0.7886924 0 0
-0.4359109 0.1699964 -0.4638161 0.2360218 0.7027119 -0.4663203 0.1664198 0.7438965 0 0
-0.4097669 0.1761187 -0.4266206 0.240048 0.6960605 -0.4450658 0.1676789 0.748643 0 0
-0.3811027 0.1832982 -0.3878736 0.2453863 0.694319 -0.4278664 0.1872367 0.7423636 0 0
-0.3573796 0.1940604 -0.3956493 0.2548302 0.7279756 -0.3838075 0.1711264 0.7430001 0 0
-0.3326906 0.2361171 -0.3190606 0.3064041 0.6797049 -0.3680996 0.26205 0.7239445 0 0
-0.2945611 0.308216 -0.299789 0.3363642 0.6857585 -0.3025349 0.3058667 0.7052 0 0
-0.2732527 0.3201948 -0.2804798 0.3518787 0.7050148 -0.2953107 0.3337015 0.7292 0 0
-0.2754316 0.2239403 -0.2972423 0.2843148 0.7262111 -0.3053087 0.2006852 0.7373199 0 0
-0.2669275 0.223757 -0.2970094 0.2861062 0.7335347 -0.3004221 0.2060937 0.7459474 0 0
-0.2596788 0.2252306 -0.2883066 0.2855801 0.7331042 -0.296566 0.203275 0.7525455 0 0
-0.2255145 0.2746855 -0.2215097 0.3212254 0.6851729 -0.2669337 0.2688495 0.7255 0 0
-0.2237776 0.2755791 -0.2149592 0.3213964 0.6828547 -0.2683775 0.2674085 0.7236671 0 0
-0.220964 0.2741274 -0.2094454 0.3184913 0.6796296 -0.2633854 0.2685885 0.7213829 0 0
-0.2159539 0.2696123 -0.2028823 0.3086122 0.6783305 -0.2598389 0.2631392 0.7170769 0 0
-0.2154248 0.2688372 -0.2029128 0.3110487 0.678657 -0.2565393 0.2631633 0.7154737 0 0
-0.2128836 0.2664384 -0.1980821 0.3050561 0.6747302 -0.2544264 0.2618035 0.7142223 0 0
-0.2194774 0.276382 -0.2026245 0.3141985 0.6818126 -0.2590122 0.2617114 0.7163543 0 0
-0.2210186 0.2353852 -0.2071219 0.2993683 0.7015459 -0.2751138 0.2400175 0.736 0 0
-0.2156047 0.2379794 -0.1962291 0.2987776 0.6992019 -0.2542895 0.2430163 0.7201937 0 0
-0.2055332 0.2434564 -0.1860137 0.3048148 0.7007643 -0.2418784 0.2512133 0.7194722 0 0
-0.1937775 0.2537103 -0.1726396 0.3136947 0.6987576 -0.256308 0.2443478 0.7537144 0 0
-0.1802092 0.2584556 -0.1569684 0.3192468 0.7028569 -0.2425514 0.2453975 0.7594545 0 0
-0.1637531 0.2608082 -0.1376805 0.3217701 0.709272 -0.2268404 0.2398277 0.766 0 0
-0.1471536 0.2614734 -0.1160469 0.3225137 0.7130238 -0.2091839 0.2475733 0.7658751 0 0
-0.1290759 0.2648793 -0.09818964 0.3267006 0.717903 -0.1713133 0.26748 0.7229556 0 0
-0.1085457 0.2685937 -0.07672818 0.3290912 0.7224658 -0.1511627 0.273427 0.722375 0 0
-0.09378291 0.2715133 -0.06337693 0.3323585 0.7314096 -0.1353959 0.2757176 0.7276666 0 0
-0.07825556 0.2733626 -0.04595928 0.3343529 0.7394732 -0.1188883 0.2799115 0.7417292 0 0
-0.06403022 0.27431 -0.02837333 0.3368306 0.7477458 -0.1161364 0.2819043 0.7772106 0 0
-0.04886004 0.2763703 -0.009691343 0.3374542 0.7549737 -0.09307975 0.2913811 0.7855002 0 0
-0.02975382 0.2801485 0.00885815 0.3407431 0.7639472 -0.07261211 0.303359 0.7988183 0 0
-0.01482679 0.2801939 0.02387659 0.3413886 0.7703196 -0.05838342 0.3176655 0.821 0 0
0.000201295 0.2794602 0.04114011 0.3393502 0.776321 -0.03699306 0.2846944 0.7619545 0 0
0.01582953 0.2765115 0.05421232 0.3319167 0.7791611 -0.02326871 0.2791697 0.7662963 0 0
0.03268154 0.2697918 0.07652418 0.3243142 0.781029 -0.00771453 0.2770437 0.7720666 0 0
0.04785905 0.259012 0.09366592 0.3080917 0.7785268 0.00478312 0.2549337 0.7679062 0 0
0.06541009 0.2515239 0.1116347 0.2999622 0.7803873 0.02004278 0.2487434 0.7702144 0 0
0.07971144 0.2399169 0.1270129 0.2858226 0.7853966 0.03250491 0.2752545 0.8512143 0 0
0.0851628 0.2147758 0.1431626 0.2626099 0.7907874 0.0421553 0.2543835 0.8439546 0 0
0.09595376 0.2038571 0.156987 0.2449004 0.7976791 0.05511277 0.243646 0.860091 0 0
0.1042025 0.1849706 0.1662747 0.2273161 0.8032715 0.0708711 0.2295199 0.8490668 0 0
0.105296 0.1649468 0.1732804 0.2078003 0.8089879 0.06916311 0.2155904 0.8610001 0 0
0.1090959 0.1407365 0.1770289 0.1836215 0.8128185 0.07481927 0.1888777 0.8543448 0 0
0.1112322 0.1173182 0.1794478 0.1616898 0.8159609 0.07060052 0.1669142 0.8745556 0 0
0.107336 0.09405604 0.1740925 0.1091372 0.8150367 0.1157792 0.1499953 0.85175 0 0
0.1055698 0.07353176 0.1741548 0.0895469 0.8204811 0.1129233 0.1356295 0.8683333 0 0
0.0987156 0.04628623 0.1660919 0.04933606 0.799572 0.1308886 0.1039307 0.8601334 0 0
0.09381326 0.02487672 0.1616008 0.04418492 0.7865753 0.1267146 0.07590822 0.8622 0 0
0.08732122 0.00404148 0.1521867 0.01949412 0.7834415 0.1052031 0.05232979 0.8506668 0 0
0.07296364 -0.01771124 0.1355204 -0.007585606 0.7904608 0.05691215 0.04444 0.8380001 0 0
0.06403656 -0.03455761 0.1207633 -0.0250157 0.7721362 0.07810382 0.01130959 0.8525 0 0
0.03240844 -0.05486561 0.09821082 -0.06927927 0.7741264 0.05594184 0.0008942308 0.8515 0 0
0.009646619 -0.07273041 0.07858349 -0.07370167 0.8021131 0.05313384 -0.02527549 0.8438333 0 0
-0.02246221 -0.08976143 0.04929543 -0.1006777 0.7902075 -0.01281258 -0.04150736 0.7807727 0 0
-0.04263087 -0.1017058 0.03098821 -0.1163589 0.7716582 -0.02253187 -0.05185096 0.766375 0 0
-0.05813022 -0.1107396 0.01295116 -0.1246936 0.7551628 -0.06190729 -0.06711756 0.7655963 0 0
-0.07584951 -0.1154659 -0.004652686 -0.133818 0.7521559 -0.06141087 -0.07008174 0.7618389 0 0
-0.09406111 -0.1173348 -0.02047102 -0.1388985 0.7419708 -0.0789398 -0.07245573 0.7522822 0 0
-0.1059342 -0.1176378 -0.03173012 -0.1351985 0.7225356 -0.05026319 -0.1121841 0.7602857 0 0
-0.1161087 -0.1166579 -0.04147224 -0.1330525 0.7077391 -0.05583424 -0.1176217 0.7509546 0 0
-0.1320612 -0.1153164 -0.05893916 -0.1331517 0.6987831 -0.1218835 -0.06969386 0.7203684 0 0
-0.1398883 -0.1152997 -0.06700672 -0.1282153 0.6840613 -0.08132152 -0.1005754 0.7225143 0 0
-0.1470149 -0.1151662 -0.07454267 -0.1226015 0.6737003 -0.1502145 -0.06931058 0.69525 0 0
-0.1562888 -0.1164366 -0.0867822 -0.1239317 0.6641625 -0.1612219 -0.07361206 0.681147 0 0
-0.1636795 -0.1199257 -0.09695167 -0.1245918 0.6535062 -0.1711367 -0.07830667 0.6701462 0 0
-0.1698995 -0.1228913 -0.1056297 -0.127459 0.6416003 -0.1817722 -0.08538837 0.658756 0 0
-0.1756623 -0.1272843 -0.1130463 -0.1341278 0.6297438 -0.1891815 -0.09388987 0.6460953 0 0
-0.179249 -0.1321429 -0.120031 -0.1359761 0.614902 -0.1936345 -0.09845193 0.6341579 0 0
-0.1805845 -0.1395741 -0.1247395 -0.1424283 0.6010978 -0.2003486 -0.1075587 0.6237369 0 0
-0.1809304 -0.1482467 -0.1277182 -0.1557612 0.5826986 -0.1801879 -0.1067315 0.6153479 0 0
-0.1824546 -0.1547839 -0.1315501 -0.1564663 0.5771219 -0.1946862 -0.1233314 0.5936818 0 0
-0.1868899 -0.1603877 -0.1322062 -0.1553879 0.5758203 -0.1760005 -0.1277927 0.58255 0 0
-0.1890672 -0.1646293 -0.1421398 -0.1635828 0.562367 -0.1327714 -0.1559278 0.5782857 0 0
-0.1902144 -0.1654123 -0.1662409 -0.1672655 0.5520426 -0.1674453 -0.1416735 0.5621538 0 0
-0.1966902 -0.1693952 -0.1775537 -0.1683456 0.5565622 -0.1723818 -0.1461129 0.6186 0 0
-0.1952313 -0.171034 -0.1718356 -0.1707356 0.5667708 -0.2191238 -0.1563206 0.6449375 0 0
-0.1897975 -0.1708625 -0.1837437 -0.1784571 0.6079956 -0.2238558 -0.1980185 0.6478 0 0
-0.1857754 -0.1739081 -0.1834289 -0.1776267 0.616464 -0.2135433 -0.1680013 0.64875 0 0
-0.1949134 -0.3403936 -0.169205 -0.384876 0.7517761 -0.2220624 -0.3498586 0.7565883 0 0
-0.1998752 -0.368306 -0.2504799 -0.4072455 0.8212804 -0.2712257 -0.3490066 0.836579 0 0
-0.2048006 -0.3705229 -0.2267479 -0.4255339 0.7659566 -0.2680004 -0.3608984 0.8188948 0 0
-0.2056787 -0.3772711 -0.23174 -0.4341358 0.759012 -0.2708136 -0.3844354 0.8158125 0 0
-0.2047501 -0.3802859 -0.2379754 -0.4357079 0.7544203 -0.2671218 -0.3825496 0.8094763 0 0
-0.2019452 -0.3822048 -0.2275333 -0.4349274 0.7474266 -0.2657235 -0.3820653 0.8148062 0 0
-0.2000358 -0.3813809 -0.2113062 -0.4377861 0.7484612 -0.2637769 -0.3913937 0.8132 0 0
-0.1982339 -0.383816 -0.2110249 -0.4345892 0.7446073 -0.2569747 -0.3820755 0.809 0 0
-0.1954306 -0.3850728 -0.2071406 -0.4311886 0.7372643 -0.2540874 -0.3716129 0.8124546 0 0
-0.1938402 -0.3862738 -0.2107094 -0.4269302 0.7360123 -0.2455541 -0.3696876 0.7941305 0 0
-0.1931481 -0.3863755 -0.2135151 -0.4297185 0.7306265 -0.2512872 -0.3746922 0.8065332 0 0
-0.1920957 -0.3861815 -0.2171235 -0.4273919 0.7295679 -0.2426784 -0.3560507 0.799 0 0
-0.1916549 -0.3855041 -0.22784 -0.4247162 0.7380443 -0.2448917 -0.3601829 0.8009117 0 0
-0.1921384 -0.3849457 -0.194323 -0.4368751 0.7475082 -0.2276184 -0.3958105 0.6999286 0 0
-0.1918702 -0.3857938 -0.1991298 -0.4266252 0.7534357 -0.247167 -0.3659174 0.8036667 0 0
-0.1915904 -0.3861827 -0.1858262 -0.4351391 0.7525602 -0.2458037 -0.3733108 0.7942728 0 0
-0.1911485 -0.3803208 -0.2345646 -0.4324456 0.7529426 -0.2266105 -0.3517608 0.7503889 0 0
-0.1895304 -0.3791435 -0.1887051 -0.4300465 0.7458249 -0.2438257 -0.3622532 0.7887 0 0
-0.1885088 -0.3789684 -0.1759454 -0.4299725 0.745483 -0.2462842 -0.3699796 0.795 0 0
-0.187484 -0.3774255 -0.1697733 -0.4292326 0.7431564 -0.2192423 -0.3885532 0.7199394 0 0
-0.187484 -0.3774255 -0.1697733 -0.4292326 0.7431564 -0.2192423 -0.3885532 0.7199394 0 0
-0.187484 -0.3774255 -0.1697733 -0.4292326 0.7431564 -0.2192423 -0.3885532 0.7199394 0 0
-0.1877035 -0.3777998 -0.1790622 -0.4275953 0.7437399 -0.2189678 -0.3895575 0.7146521 0 0
-0.1877035 -0.3777998 -0.1790622 -0.4275953 0.7437399 -0.2189678 -0.3895575 0.7146521 0 0
-0.1877035 -0.3777998 -0.1790622 -0.4275953 0.7437399 -0.2189678 -0.3895575 0.7146521 0 0
-0.1873304 -0.3807558 -0.1687287 -0.4316398 0.7492239 -0.2074929 -0.3985563 0.695 0 0
-0.1873304 -0.3807558 -0.1687287 -0.4316398 0.7492239 -0.2074929 -0.3985563 0.695 0 0
-0.1869631 -0.3816616 -0.1670969 -0.4262251 0.7467254 -0.1638906 -0.4037374 0.69975 0 0
-0.1858954 -0.3809199 -0.1643377 -0.4312312 0.7494401 -0.2041437 -0.397166 0.6947728 0 0
-0.1854843 -0.3800143 -0.1563865 -0.4278221 0.751222 -0.2080311 -0.3968389 0.6896667 0 0
-0.1850163