0 0 0 0 0 0 0 0 0 0
-0.3129358 -0.1193579 -0.283305 -0.05461251 0.990854 -0.354989 -0.1068476 1.061909 0 0
-0.3321024 -0.1247626 -0.2863087 -0.05647244 1.001388 -0.3715828 -0.09685275 1.050455 0 0
-0.3204794 -0.1173184 -0.2823516 -0.05770451 0.9971768 -0.3733307 -0.1051548 1.075435 0 0
-0.3311687 -0.1283156 -0.2882302 -0.05693587 1.003972 -0.3695306 -0.1006756 1.059778 0 0
-0.3317615 -0.1283821 -0.2878518 -0.05767704 0.9973638 -0.3662375 -0.09641397 1.036833 0 0
-0.3328155 -0.1280315 -0.2891726 -0.05722773 1.006596 -0.3806304 -0.1212975 1.074606 0 0
-0.3355591 -0.130092 -0.2834536 -0.05464257 0.9913736 -0.3698314 -0.09689403 1.0422 0 0
-0.3375326 -0.1317437 -0.2819154 -0.05486726 0.9953811 -0.3851715 -0.1164223 1.077131 0 0
-0.3380744 -0.1316232 -0.2858307 -0.05572512 1.00601 -0.3850286 -0.115077 1.077488 0 0
-0.338432 -0.1296524 -0.3148479 -0.06525668 1.036751 -0.3863578 -0.08597773 1.108 0 0
-0.3390282 -0.1300402 -0.3126823 -0.06322309 1.03602 -0.3919245 -0.09573164 1.098409 0 0
-0.3372362 -0.1260845 -0.2971126 -0.0567852 1.035868 -0.3934633 -0.09515543 1.096842 0 0
-0.337759 -0.1263692 -0.2964454 -0.05330932 1.03512 -0.3943035 -0.08726007 1.101779 0 0
-0.3372725 -0.1243975 -0.2957112 -0.05938141 1.037986 -0.3942225 -0.09306913 1.097807 0 0
-0.3354658 -0.1206788 -0.2862787 -0.05360954 1.036922 -0.3911124 -0.09282403 1.098691 0 0
-0.3344983 -0.1213084 -0.2899863 -0.05298458 1.039658 -0.3807983 -0.07643099 1.087182 0 0
-0.3336098 -0.1187981 -0.2903449 -0.04983024 1.039272 -0.392132 -0.09695651 1.093346 0 0
-0.3322805 -0.1156966 -0.2883278 -0.05304551 1.039183 -0.3667973 -0.07535768 1.045455 0 0
-0.3255867 -0.1071299 -0.2902169 -0.04306319 1.036852 -0.3835608 -0.09701443 1.085242 0 0
-0.3313815 -0.1145924 -0.2838165 -0.05283307 1.037038 -0.3798753 -0.07946634 1.072333 0 0
-0.3183892 -0.1027387 -0.2688543 -0.03093522 1.006929 -0.3784956 -0.08980014 1.079547 0 0
-0.321849 -0.1045762 -0.2884616 -0.04842262 1.037052 -0.380785 -0.09115246 1.080073 0 0
-0.3193085 -0.1013224 -0.2769257 -0.02541157 1.006402 -0.3697779 -0.07226402 1.05975 0 0
-0.3206795 -0.1043454 -0.287771 -0.04940615 1.038563 -0.3642538 -0.0725727 1.046273 0 0
-0.3234214 -0.1055768 -0.2871432 -0.04473279 1.040199 -0.3673213 -0.07165177 1.054101 0 0
-0.3233337 -0.1051738 -0.2851142 -0.04448676 1.039149 -0.3725249 -0.07236619 1.060962 0 0
-0.3198544 -0.09953886 -0.2804154 -0.04086526 1.036474 -0.3621718 -0.06714202 1.046182 0 0
-0.3152959 -0.09288605 -0.2774781 -0.01724192 1.008393 -0.3636542 -0.06492499 1.046429 0 0
-0.3124937 -0.08967578 -0.2771937 -0.03316161 1.036457 -0.3545125 -0.0564319 1.0448 0 0
-0.3121984 -0.08780658 -0.2742385 -0.03778175 1.038325 -0.3591643 -0.0597643 1.042376 0 0
-0.2976632 -0.07810099 -0.2671266 -0.01455079 1.010421 -0.350866 -0.06921934 1.053091 0 0
-0.2968038 -0.07856348 -0.2687147 -0.01325082 1.016422 -0.3493676 -0.06342334 1.049464 0 0
-0.2966315 -0.07844652 -0.2703941 -0.009059641 1.012414 -0.347488 -0.05922301 1.045143 0 0
-0.2942663 -0.07843871 -0.2810398 -0.008299259 1.031397 -0.3480994 -0.05661658 1.052 0 0
-0.2939588 -0.07724889 -0.2758963 -0.02250089 1.037775 -0.3481869 -0.04533903 1.061545 0 0
-0.2874718 -0.07225499 -0.2680594 -0.003598868 1.026432 -0.3363894 -0.06536339 1.053 0 0
-0.2859159 -0.07448499 -0.270947 -0.02248778 1.038164 -0.3357289 -0.06137045 1.055091 0 0
-0.2820404 -0.07543023 -0.2675834 -0.02843574 1.03888 -0.327611 -0.0674099 1.05169 0 0
-0.2800231 -0.07453945 -0.2637073 -0.02397751 1.03897 -0.3251912 -0.04571738 1.048375 0 0
-0.2750401 -0.07427801 -0.2482455 -0.04043002 1.042555 -0.3267987 -0.05796569 1.053571 0 0
-0.270988 -0.07371931 -0.2462478 -0.03415547 1.04063 -0.3183489 -0.05991273 1.05092 0 0
-0.2661355 -0.07238235 -0.2466346 -0.02520557 1.039999 -0.315242 -0.05927633 1.0546 0 0
-0.2601324 -0.07265625 -0.2331114 -0.03210914 1.041983 -0.3092014 -0.05778548 1.051727 0 0
-0.2526135 -0.07316566 -0.2303489 -0.02728169 1.043681 -0.2999403 -0.06423549 1.056 0 0
-0.2487498 -0.07496428 -0.2100065 -0.04837207 1.046067 -0.2967333 -0.04875885 1.048933 0 0
-0.24351 -0.07342216 -0.2055098 -0.04209783 1.047164 -0.2872947 -0.0598113 1.055429 0 0
-0.2396547 -0.07215264 -0.1988986 -0.0409373 1.04899 -0.284246 -0.05098516 1.055682 0 0
-0.2338739 -0.07062394 -0.1880791 -0.04315967 1.048437 -0.2786476 -0.0450438 1.048688 0 0
-0.2326598 -0.06854714 -0.1879816 -0.04547066 1.053638 -0.2659086 -0.02675913 1.049867 0 0
-0.2308708 -0.06635246 -0.1880264 -0.03837579 1.052994 -0.2744427 -0.03451253 1.051122 0 0
-0.2293389 -0.06459367 -0.1826745 -0.03963506 1.053652 -0.2734095 -0.03576703 1.048283 0 0
-0.2302354 -0.06184385 -0.1855022 -0.03293741 1.053418 -0.2733936 -0.03591995 1.050597 0 0
-0.2276677 -0.05646947 -0.1741932 0.001023687 1.039784 -0.2752041 -0.0348219 1.050829 0 0
-0.2342156 -0.05473729 -0.1705256 -0.009813591 1.045681 -0.2836677 -0.02833449 1.050187 0 0
-0.2399871 -0.05105961 -0.1861044 0.01179413 1.030894 -0.2912361 -0.0312763 1.050529 0 0
-0.2489667 -0.04763527 -0.2025149 0.01230483 1.033831 -0.3024934 -0.02606216 1.050882 0 0
-0.2604994 -0.04726852 -0.2095913 0.006906793 1.040221 -0.3161769 -0.0288793 1.056947 0 0
-0.2733014 -0.04298192 -0.2483365 0.02824013 1.034379 -0.3270911 -0.0301232 1.056647 0 0
-0.2819077 -0.04254288 -0.2574055 0.03730354 1.026122 -0.3332499 -0.03544566 1.061056 0 0
-0.2896118 -0.04031644 -0.2676674 0.03714559 1.027227 -0.3408018 -0.03339469 1.064063 0 0
-0.2960518 -0.03973884 -0.275129 0.03556771 1.030157 -0.3461177 -0.03318819 1.064706 0 0
-0.2991818 -0.03524651 -0.2819608 0.03950191 1.030786 -0.3503153 -0.02724021 1.064667 0 0
-0.3011796 -0.03401515 -0.2837074 0.02787679 1.04047 -0.3512772 -0.02459081 1.067625 0 0
-0.3024264 -0.01829599 -0.2858766 0.05530015 1.032967 -0.3585941 -0.01025668 1.064667 0 0
-0.3006973 -0.01187134 -0.2799217 0.06618275 1.027624 -0.3549254 -0.005558664 1.06475 0 0
-0.2981821 -0.001462491 -0.2798484 0.07291137 1.030705 -0.3553622 0.005157451 1.063687 0 0
-0.2961042 0.007684525 -0.2778077 0.08453222 1.030117 -0.3568677 0.01943408 1.069 0 0
-0.2907587 0.02521547 -0.2728794 0.09344263 1.032576 -0.3410204 0.0123774 1.064731 0 0
-0.2849104 0.01967141 -0.269947 0.09962588 1.038383 -0.3258632 0.0535372 1.080778 0 0
-0.2777775 0.0268992 -0.2632234 0.1072813 1.039394 -0.3331279 0.03131903 1.063476 0 0
-0.2715795 0.03231704 -0.2563931 0.1109388 1.041077 -0.3290114 0.04086483 1.06294 0 0
-0.2643983 0.03449565 -0.240307 0.1144192 1.038947 -0.3178542 0.04158684 1.05885 0 0
-0.2583532 0.03723817 -0.2350676 0.1155566 1.040076 -0.3117546 0.04931547 1.054737 0 0
-0.2506373 0.0440867 -0.2241474 0.1223778 1.038709 -0.3060745 0.05302567 1.057421 0 0
-0.2428479 0.0484028 -0.2175362 0.1254065 1.04026 -0.2990402 0.06287507 1.053 0 0
-0.234284 0.04915849 -0.2067911 0.1249203 1.039593 -0.2893182 0.06188988 1.050313 0 0
-0.2261538 0.05061755 -0.1985969 0.1278986 1.038711 -0.2807024 0.06455372 1.047 0 0
-0.2175327 0.05053373 -0.1840871 0.1272866 1.033467 -0.2712504 0.06433246 1.043267 0 0
-0.207038 0.05394585 -0.1733621 0.1296924 1.031075 -0.2630295 0.06396677 1.039667 0 0
-0.1997926 0.05145716 -0.1653338 0.1265291 1.029595 -0.2565531 0.0630839 1.040667 0 0
-0.1913872 0.04858055 -0.1539908 0.1204054 1.02593 -0.2473503 0.06495351 1.034923 0 0
-0.1806794 0.04768562 -0.1417466 0.119847 1.018975 -0.2349876 0.05569865 1.026562 0 0
-0.1729447 0.04069485 -0.125623 0.1107128 1.014595 -0.195767 0.09266163 1.07625 0 0
-0.1633531 0.03712176 -0.1114785 0.1059725 1.007258 -0.1994625 0.07226458 1.093167 0 0
-0.1550325 0.02573717 -0.1040625 0.09430607 1.005418 -0.1838937 0.0639662 1.078286 0 0
-0.1451975 0.0140604 -0.08931548 0.08049736 0.9960645 -0.1871525 0.04908238 1.018572 0 0
-0.1345778 -0.003987731 -0.07395074 0.05610762 0.9868596 -0.1516007 0.03865563 1.051 0 0
-0.125531 -0.02257777 -0.06005175 0.03185524 0.9778185 -0.1627585 0.01129604 0.9760454 0 0
-0.117555 -0.04238689 -0.0442959 0.005323594 0.9695281 -0.153673 -0.00756702 0.9640953 0 0
-0.1130425 -0.05998179 -0.04407886 -0.01297241 0.9606529 -0.1451463 -0.02180463 0.9550385 0 0
-0.1073245 -0.07322888 -0.03883564 -0.02944225 0.9529992 -0.1362408 -0.03231928 0.9425909 0 0
-0.1002318 -0.08242323 -0.02675255 -0.04707159 0.940905 -0.1133931 -0.0478253 1.002 0 0
-0.097565 -0.08994709 -0.02810033 -0.06077487 0.9346915 -0.1223016 -0.04053948 0.9287143 0 0
-0.0929653 -0.09221751 -0.02113184 -0.05533539 0.9203942 -0.1235646 -0.04583845 0.9304918 0 0
-0.09166341 -0.09323556 -0.02028114 -0.06171821 0.9104484 -0.1169788 -0.04733436 0.9035 0 0
-0.08982594 -0.09088569 -0.01946181 -0.0651097 0.8972926 -0.1148805 -0.04587282 0.8899688 0 0
-0.08728521 -0.08826343 -0.01583361 -0.06679167 0.8817793 -0.1137505 -0.04245756 0.8748149 0 0
-0.08934665 -0.08493285 -0.01959098 -0.06543884 0.8682341 -0.1149839 -0.0397639 0.864 0 0
-0.08946171 -0.07923921 -0.01764427 -0.06245748 0.8525491 -0.1159992 -0.03090324 0.8534849 0 0
-0.09477154 -0.0718997 -0.02356435 -0.05319331 0.8361124 -0.1191868 -0.02017036 0.8392917 0 0
-0.09966538 -0.06451111 -0.02866552 -0.04453118 0.8197145 -0.1269499 -0.01681967 0.826027 0 0
-0.1043537 -0.05936264 -0.03276628 -0.03675215 0.8056031 -0.129358 -0.01052981 0.8149678 0 0
-0.1059698 -0.05515817 -0.03508025 -0.03956325 0.7930144 -0.1266761 -0.003356451 0.8000001 0 0
-0.1084831 -0.05279575 -0.0397452 -0.03976818 0.7880219 -0.1260275 0.001230307 0.7934707 0 0
-0.1079736 -0.04777822 -0.03824757 -0.03057997 0.7768238 -0.1273729 0.004836666 0.7909655 0 0
-0.1097545 -0.04336387 -0.04026857 -0.02538502 0.7701483 -0.1327933 0.006672949 0.7790265 0 0
-0.1115407 -0.03773839 -0.04134307 -0.01521386 0.7621613 -0.1340419 0.01018515 0.7782727 0 0
-0.1124828 -0.03231812 -0.04276179 -0.005119403 0.7551227 -0.1397681 0.01370908 0.77095 0 0
-0.1153389 -0.02787422 -0.04726537 0.003856556 0.7500113 -0.1457395 0.01516245 0.7598825 0 0
-0.1183182 -0.02405654 -0.04362062 0.003455645 0.7424938 -0.1485689 0.02225022 0.7519091 0 0
-0.1214064 -0.01758879 -0.04432969 0.01640923 0.7288225 -0.1589327 0.01961339 0.7530589 0 0
-0.1303732 -0.0140881 -0.06624289 0.03149742 0.7351192 -0.1709157 0.01565961 0.7511666 0 0
-0.135621 -0.007834148 -0.07241149 0.04409042 0.7286864 -0.1560396 0.03664081 0.7931001 0 0
-0.1454995 -0.005437188 -0.0876345 0.04992928 0.7258105 -0.1910465 0.02037963 0.748 0 0
-0.1588521 -0.004473802 -0.09632751 0.04780693 0.7244601 -0.2053071 0.02161724 0.7459999 0 0
-0.1674797 0.003027567 -0.1157746 0.06685422 0.7210785 -0.2198052 0.02472958 0.744875 0 0
-0.17916 0.004750175 -0.1324913 0.06515752 0.720421 -0.2303125 0.02454675 0.7412941 0 0
-0.1895912 0.004687919 -0.1543219 0.06644452 0.7258934 -0.2404011 0.01922951 0.7447778 0 0
-0.199856 0.004839801 -0.1710771 0.0667512 0.7257066 -0.2461116 0.01469566 0.74725 0 0
-0.2045246 0.00638115 -0.1751501 0.06808776 0.719182 -0.2509868 0.01875368 0.7470455 0 0
-0.2075612 0.00835373 -0.1756623 0.07149796 0.7118329 -0.2525501 0.01860804 0.7440477 0 0
-0.2091979 0.008787807 -0.1763995 0.06922839 0.7103383 -0.2546611 0.01954654 0.7451905 0 0
-0.2090706 0.008772483 -0.1753708 0.07659604 0.6992937 -0.254409 0.02978086 0.7413529 0 0
-0.2084019 0.009866508 -0.1739836 0.07808996 0.699522 -0.2520666 0.02431469 0.745692 0 0
-0.2060761 0.01086722 -0.1729504 0.07937913 0.7028314 -0.249346 0.02409246 0.7435268 0 0
-0.2019408 0.01208961 -0.1729997 0.08182674 0.7074035 -0.2449082 0.03321636 0.7409999 0 0
-0.1940621 0.01270533 -0.1614524 0.08206361 0.7069473 -0.2333665 0.03735637 0.7376111 0 0
-0.1847741 0.01353003 -0.1528333 0.08157533 0.7124856 -0.2231242 0.04745104 0.737375 0 0
-0.1662692 0.01294746 -0.1312678 0.07871082 0.7105613 -0.2052307 0.04199169 0.7387223 0 0
-0.1507562 0.009706878 -0.1077835 0.07143897 0.7106418 -0.1850876 0.03965368 0.7352105 0 0
-0.1368905 0.008537456 -0.07792779 0.06146261 0.705474 -0.1425228 0.06642173 0.8206667 0 0
-0.1249019 0.003683315 -0.060283 0.04462481 0.7203803 -0.1254513 0.0501906 0.811 0 0
-0.1099989 -0.005811805 -0.03778443 0.009886916 0.7275809 -0.1179435 0.04465393 0.7452633 0 0
-0.1053729 -0.01829927 -0.03605577 0.01097056 0.703831 -0.1079397 0.03050106 0.7539474 0 0
-0.1008086 -0.02980683 -0.0334413 -0.02964349 0.7091573 -0.0951854 0.01624789 0.74852 0 0
-0.09996229 -0.04345117 -0.02971372 -0.04399487 0.6905615 -0.09582024 0.002310433 0.748926 0 0
-0.1132734 -0.05035812 -0.05079319 -0.06011052 0.6825648 -0.1026755 -0.005398774 0.742125 0 0
-0.1293818 -0.05882262 -0.07899781 -0.06409898 0.6853768 -0.1232132 -0.01626284 0.7393913 0 0
-0.1449063 -0.07242905 -0.1129022 -0.07871982 0.6948903 -0.1392989 -0.03233903 0.7335001 0 0
-0.1601423 -0.0888697 -0.144251 -0.09608451 0.6965179 -0.1586314 -0.04967763 0.7203637 0 0
-0.1777504 -0.1087765 -0.1692261 -0.1203517 0.7028319 -0.1620729 -0.08862214 0.7090001 0 0
-0.198571 -0.1362521 -0.1905458 -0.1503354 0.710555 -0.2100635 -0.0995614 0.7271333 0 0
-0.2138659 -0.1569433 -0.2092549 -0.1813321 0.7220536 -0.1891623 -0.1531334 0.7265333 0 0
-0.2236498 -0.1797961 -0.2206156 -0.2103604 0.7354172 -0.2412654 -0.1609225 0.7350833 0 0
-0.2321797 -0.1987014 -0.243492 -0.2236592 0.760322 -0.2414101 -0.1947345 0.7510499 0 0
-0.2368621 -0.2112694 -0.2713981 -0.2417239 0.7842208 -0.2509206 -0.2683696 0.8726668 0 0
-0.2451655 -0.2137978 -0.2600406 -0.2528338 0.8309432 -0.2315812 -0.2766235 0.921 0 0
-0.2445235 -0.2266452 -0.2510473 -0.2597262 0.8833843 -0.212213 -0.2836567 0.9468001 0 0
-0.2146274 -0.2305444 -0.2387278 -0.2625882 0.893592 -0.1844117 -0.2422857 0.9221666 0 0
-0.2053563 -0.2355733 -0.2234223 -0.2656849 0.9196615 -0.1750073 -0.2411791 0.9344814 0 0
-0.2050064 -0.231666 -0.1910631 -0.2641224 0.9449016 -0.1504298 -0.1956619 0.9692084 0 0
-0.1872326 -0.2440379 -0.2044906 -0.2766096 0.9610388 -0.1528201 -0.2413027 0.959577 0 0
-0.180143 -0.2471282 -0.202903 -0.2814483 0.9742157 -0.1466507 -0.2460144 0.9682918 0 0
-0.1751755 -0.2481782 -0.1958486 -0.2811965 0.9791673 -0.1401693 -0.246318 0.9738637 0 0
-0.2081172 -0.3063509 -0.2240111 -0.3555717 1.031757 -0.1811234 -0.3061823 1.033643 0 0
-0.2076385 -0.3090837 -0.2222128 -0.389087 1.008743 -0.1890529 -0.317208 1.04 0 0
-0.2068135 -0.3076697 -0.2229881 -0.3542036 1.029236 -0.1832633 -0.3100103 1.037606 0 0
-0.1735698 -0.2469341 -0.1936333 -0.2848479 0.987883 -0.13632 -0.2437878 0.9678 0 0
-0.2144574 -0.2958682 -0.234155 -0.340894 1.018405 -0.1965251 -0.3103193 1.025625 0 0
-0.1810636 -0.2444921 -0.1961095 -0.2840461 0.9806204 -0.1869802 -0.2706236 0.9786 0 0
-0.1907803 -0.2340961 -0.1924204 -0.2753967 0.9629134 -0.2374074 -0.2243159 0.9693001 0 0
-0.2005389 -0.2312442 -0.2073339 -0.2701809 0.9436103 -0.2530313 -0.2358359 0.9867273 0 0
-0.2051546 -0.2351307 -0.2228215 -0.2755417 0.9399057 -0.2311951 -0.2141482 0.9311875 0 0
-0.2141516 -0.2328856 -0.2365895 -0.2733686 0.9310405 -0.2414096 -0.2034257 0.934 0 0
-0.2208395 -0.2290121 -0.2420673 -0.273751 0.9278378 -0.2437243 -0.1979612 0.9257693 0 0
-0.2262165 -0.2265173 -0.2433474 -0.2706122 0.9242558 -0.2395316 -0.2044987 0.9066819 0 0
-0.2329044 -0.2224829 -0.2456596 -0.2660874 0.9240503 -0.254002 -0.1960261 0.9136538 0 0
-0.2406094 -0.214479 -0.2538871 -0.2591515 0.9223744 -0.2631556 -0.1878598 0.9163334 0 0
-0.2641866 -0.2094681 -0.2648627 -0.2614642 0.9213139 -0.3083192 -0.1812738 0.9452307 0 0
-0.2710565 -0.2006581 -0.2833499 -0.24821 0.9242454 -0.3170819 -0.1724974 0.9502918 0 0
-0.2801416 -0.1943627 -0.2950383 -0.2390533 0.9255802 -0.3280822 -0.162986 0.9497728 0 0
-0.2856791 -0.1880125 -0.3062373 -0.2356164 0.9292645 -0.3329874 -0.162347 0.9547083 0 0
-0.2888373 -0.1821142 -0.308824 -0.2291904 0.9306331 -0.3397922 -0.1570673 0.9594783 0 0
-0.292158 -0.17925 -0.3133413 -0.2252034 0.9314265 -0.3444616 -0.1527974 0.9576666 0 0
-0.2927318 -0.1784441 -0.3170434 -0.2241207 0.9364852 -0.343885 -0.164654 0.9615499 0 0
-0.2934814 -0.1765235 -0.3202796 -0.2219084 0.9387624 -0.3424821 -0.1547813 0.97925 0 0
-0.296625 -0.1737813 -0.323722 -0.2164937 0.9394413 -0.344723 -0.1600125 0.9763001 0 0
-0.3005345 -0.1717529 -0.3285203 -0.2159363 0.9423866 -0.3510898 -0.1576772 0.9866667 0 0
-0.3044012 -0.1723951 -0.3309549 -0.2146718 0.9430358 -0.3543774 -0.1571678 0.9913999 0 0
-0.3079085 -0.1731981 -0.333513 -0.2143472 0.943027 -0.3508152 -0.1579244 0.9788742 0 0
-0.3111782 -0.1748018 -0.337466 -0.2170054 0.9464693 -0.2900694 -0.2082041 0.9797693 0 0
-0.3150155 -0.1756106 -0.3391238 -0.2161031 0.9465693 -0.3656578 -0.1635066 0.9891429 0 0
-0.3177534 -0.1756104 -0.3423102 -0.2145834 0.9459105 -0.300656 -0.2136277 0.9835832 0 0
-0.318658 -0.1746796 -0.3387446 -0.2155127 0.9524865 -0.3703443 -0.1620282 1.002667 0 0
-0.3214304 -0.1751434 -0.341694 -0.2161603 0.9562803 -0.3715736 -0.1617279 1.001443 0 0
-0.3261124 -0.1743869 -0.3452401 -0.2156552 0.9584291 -0.3822881 -0.1592768 1.003875 0 0
-0.33127 -0.1752535 -0.3560268 -0.21669 0.9609132 -0.389606 -0.1580207 1.0175 0 0
-0.3351707 -0.1766177 -0.3632986 -0.2185301 0.9635326 -0.392058 -0.1533358 1.0014 0 0
-0.3359327 -0.1769832 -0.3626445 -0.2181081 0.9642368 -0.3850553 -0.1542356 0.9980217 0 0
-0.3385301 -0.1771595 -0.3659925 -0.2190468 0.9653533 -0.3950183 -0.1527709 1.0048 0 0
-0.3397482 -0.1765095 -0.3645163 -0.2177999 0.9657797 -0.3937404 -0.1544207 1.007368 0 0
-0.340334 -0.1765388 -0.3637369 -0.2179329 0.9668007 -0.3968994 -0.154309 1.007341 0 0
-0.3402 -0.1728186 -0.3591879 -0.2103842 0.9624336 -0.3981719 -0.1522752 1.016 0 0
-0.3442667 -0.1731819 -0.360975 -0.2121834 0.9657089 -0.4024801 -0.1505651 1.010667 0 0
-0.3446386 -0.1707569 -0.3590213 -0.2101754 0.9630684 -0.4034069 -0.1481708 1.013 0 0
-0.3446324 -0.1688013 -0.3602535 -0.2077421 0.9606341 -0.4010066 -0.1498662 1.011947 0 0
-0.3469656 -0.1663439 -0.3616362 -0.2098966 0.9525657 -0.4005828 -0.1449628 1.003625 0 0
-0.3488809 -0.1651993 -0.3683023 -0.2125037 0.9457193 -0.4030482 -0.1441841 1.005546 0 0
-0.3506099 -0.1621216 -0.3676113 -0.2084556 0.9475924 -0.4039252 -0.1386607 1.002727 0 0
-0.3508688 -0.1597145 -0.3648802 -0.2036833 0.9555421 -0.4037358 -0.1376227 0.999625 0 0
-0.3519042 -0.1575458 -0.3624749 -0.2019002 0.9526694 -0.4031882 -0.1342029 0.9957144 0 0
-0.351261 -0.1569581 -0.3642747 -0.2017005 0.9514078 -0.402713 -0.1332632 0.9946001 0 0
-0.3517365 -0.157437 -0.3699262 -0.2148114 0.9526107 -0.4014199 -0.1323562 0.995387 0 0
-0.3523127 -0.1580646 -0.3720282 -0.2207432 0.9477662 -0.4004822 -0.1298646 0.9946671 0 0
-0.3529467 -0.1596566 -0.3721781 -0.2263252 0.9421247 -0.3997247 -0.1279155 0.9924091 0 0
-0.3523044 -0.1589758 -0.3707215 -0.2244594 0.9349704 -0.3972377 -0.1268068 0.9873704 0 0
-0.3526331 -0.1582248 -0.3720439 -0.2248575 0.9348866 -0.395148 -0.1238035 0.9864482 0 0
-0.3521753 -0.1580148 -0.3710818 -0.2245163 0.9328094 -0.3951597 -0.1192536 0.9788 0 0
-0.3510427 -0.157525 -0.3691705 -0.2259324 0.9331565 -0.3888631 -0.1303155 0.9620001 0 0
-0.3520493 -0.1577591 -0.3680739 -0.2261167 0.9392238 -0.3922103 -0.1155901 0.9738335 0 0
-0.3535976 -0.1607021 -0.3707638 -0.2314038 0.9336374 -0.3857131 -0.1239714 0.9511765 0 0
-0.3442134 -0.1599579 -0.3614721 -0.2301499 0.9432281 -0.3805177 -0.1217612 0.9654304 0 0
-0.3445268 -0.1649043 -0.3600217 -0.2384012 0.9371368 -0.3800789 -0.1229613 0.9551201 0 0
-0.3416311 -0.1669751 -0.3606593 -0.236297 0.933053 -0.3759548 -0.1234393 0.9544668 0 0
-0.3361064 -0.1670033 -0.3539562 -0.23831 0.928488 -0.3677127 -0.1323717 0.9392353 0 0
-0.3085968 -0.1482974 -0.3265259 -0.1954043 0.962302 -0.3396253 -0.123608 0.9746251 0 0
-0.2981978 -0.1431542 -0.3198932 -0.1991922 0.9664 -0.321389 -0.1282155 0.9622631 0 0
-0.303964 -0.1526776 -0.3210548 -0.1958482 0.9533976 -0.339617 -0.1261674 0.9748889 0 0
-0.3110607 -0.1482701 -0.3304321 -0.2087187 0.9255741 -0.3524863 -0.1152602 0.9633913 0 0
-0.3091014 -0.1481749 -0.328568 -0.2076212 0.9236162 -0.3568385 -0.1019658 0.9710715 0 0
-0.3057508 -0.1483437 -0.3252368 -0.2076303 0.9242324 -0.3400019 -0.1269288 0.9375834 0 0
-0.3008032 -0.1487223 -0.3206301 -0.208244 0.9252233 -0.3359332 -0.1277043 0.9387273 0 0
-0.2902852 -0.163278 -0.3022922 -0.2231221 0.9429367 -0.323741 -0.1314032 0.9539474 0 0
-0.3165839 -0.218054 -0.3328203 -0.2761686 0.8813284 -0.3439488 -0.1553607 0.8962001 0 0
-0.3143777 -0.2177849 -0.3326891 -0.2774598 0.8821049 -0.3435848 -0.1552592 0.8957607 0 0
-0.3123068 -0.2182048 -0.3340114 -0.278548 0.8868074 -0.3437134 -0.1554348 0.8961468 0 0
-0.2836636 -0.1813099 -0.2978634 -0.2554382 0.9198189 -0.3170494 -0.1382209 0.9409565 0 0
-0.2801915 -0.1837272 -0.2960091 -0.2570812 0.9196534 -0.3043825 -0.1886497 0.9208149 0 0
-0.3067133 -0.2196903 -0.3345056 -0.2808703 0.8922073 -0.3389613 -0.1583456 0.899 0 0
-0.2681616 -0.1830117 -0.2835676 -0.2290479 0.9527211 -0.3027777 -0.1464097 0.9512104 0 0
-0.2849436 -0.2178786 -0.3045371 -0.276972 0.908767 -0.3089293 -0.2169661 0.89325 0 0
-0.2835118 -0.2187572 -0.3039543 -0.27657 0.908472 -0.3079552 -0.2138868 0.8961911 0 0
-0.2828818 -0.2197363 -0.3045097 -0.2781596 0.9086381 -0.3069609 -0.2070925 0.9036786 0 0
-0.2815143 -0.2207647 -0.3021148 -0.2781455 0.9116532 -0.3068556 -0.201983 0.9109699 0 0
-0.2547417 -0.1900894 -0.2710986 -0.239805 0.9520108 -0.2865117 -0.1627094 0.971643 0 0
-0.2786122 -0.2258082 -0.2959445 -0.2796893 0.9173325 -0.3010568 -0.209739 0.9134858 0 0
-0.2522981 -0.1927771 -0.2599267 -0.2412663 0.9650608 -0.2755146 -0.164446 0.969125 0 0
-0.2699401 -0.2200917 -0.2847092 -0.2783929 0.9227979 -0.2924511 -0.1893065 0.9372799 0 0
-0.270073 -0.220443 -0.283406 -0.2793805 0.9260275 -0.294705 -0.2030251 0.9264 0 0
-0.249718 -0.1988608 -0.2616082 -0.2460893 0.9642078 -0.2703883 -0.1671579 0.9633334 0 0
-0.2954211 -0.2191899 -0.3263628 -0.2826417 0.9068239 -0.3318015 -0.1572143 0.9042187 0 0
-0.2783369 -0.2191644 -0.3001564 -0.2782863 0.915208 -0.3060615 -0.193172 0.9200286 0 0
-0.2825781 -0.2290146 -0.2989759 -0.2780392 0.9133557 -0.3077731 -0.2045777 0.9112105 0 0
-0.2833267 -0.2309212 -0.2991476 -0.2789579 0.9136611 -0.3087491 -0.2079979 0.908394 0 0
-0.2843424 -0.231556 -0.2987852 -0.2805799 0.914803 -0.3072795 -0.2101541 0.9075 0 0
-0.2550766 -0.1942082 -0.2681586 -0.241844 0.9503686 -0.2769928 -0.1669808 0.9518501 0 0
-0.2759589 -0.2186582 -0.2927319 -0.2770382 0.915197 -0.3016626 -0.2209165 0.9009091 0 0
-0.2562957 -0.1911047 -0.2680293 -0.240609 0.9527333 -0.2772581 -0.1641046 0.945913 0 0
-0.2590086 -0.1967716 -0.267985 -0.2689064 0.936241 -0.2807829 -0.2312764 0.9145 0 0
-0.2667582 -0.2005954 -0.2712978 -0.2739742 0.9376338 -0.2906876 -0.1907004 0.9249032 0 0
-0.2655883 -0.1982963 -0.2707894 -0.2720339 0.9382259 -0.2845533 -0.2211702 0.917625 0 0
-0.2655567 -0.1969709 -0.2705064 -0.2705885 0.9391856 -0.2837621 -0.2193198 0.9150625 0 0
-0.2799235 -0.216273 -0.2971458 -0.2731764 0.9040058 -0.3066938 -0.2164346 0.894375 0 0
-0.2815045 -0.2167626 -0.2968384 -0.2748226 0.9068598 -0.2993101 -0.1948961 0.9054118 0 0
-0.2822599 -0.2163185 -0.2951661 -0.2731209 0.9073724 -0.2900251 -0.1856104 0.9097382 0 0
-0.2827738 -0.2173592 -0.2914035 -0.2717841 0.9090683 -0.2968086 -0.1947398 0.905926 0 0
-0.2842254 -0.2171092 -0.2995214 -0.2750981 0.9037175 -0.2909746 -0.1844009 0.9064999 0 0
-0.2903731 -0.2079457 -0.3121253 -0.2760201 0.901873 -0.3224921 -0.1642882 0.9035999 0 0
-0.2921076 -0.2085121 -0.3130594 -0.275676 0.9015132 -0.3193096 -0.1970903 0.888 0 0
-0.2934279 -0.208063 -0.3138776 -0.2763575 0.9018716 -0.325736 -0.1622841 0.90284 0 0
-0.2944011 -0.2079082 -0.3140837 -0.2765556 0.9025142 -0.3249216 -0.1697002 0.8988611 0 0
-0.2945483 -0.2074348 -0.3132018 -0.2768294 0.9027636 -0.3250098 -0.1699765 0.8989177 0 0
-0.2965206 -0.2071325 -0.3160616 -0.2761306 0.9011123 -0.3281803 -0.1636055 0.9006667 0 0
-0.2942175 -0.2213863 -0.3049703 -0.2584392 0.9064713 -0.3063311 -0.1887533 0.8994231 0 0
-0.2999075 -0.2056911 -0.3193547 -0.2730895 0.8979954 -0.3342174 -0.1541073 0.9017647 0 0
-0.3006297 -0.2053255 -0.3191959 -0.2731599 0.8987438 -0.3321483 -0.1617282 0.9007202 0 0
-0.3007326 -0.2056807 -0.31881 -0.2728399 0.8976749 -0.3298437 -0.1939373 0.8883572 0 0
-0.3022929 -0.2049564 -0.3188181 -0.2727479 0.8987056 -0.3361782 -0.1568738 0.8999444 0 0
-0.3022855 -0.2068105 -0.3213536 -0.2753971 0.8980025 -0.334421 -0.1634067 0.8978629 0 0
-0.3030193 -0.2071335 -0.3214991 -0.2755105 0.8983818 -0.3312894 -0.1937083 0.8857857 0 0
-0.3038908 -0.2059417 -0.3211556 -0.2753517 0.8995242 -0.3367132 -0.1638081 0.89744 0 0
-0.30388 -0.2058217 -0.3211353 -0.274626 0.8975589 -0.3351779 -0.1707354 0.8929718 0 0
-0.3047858 -0.2061739 -0.3219847 -0.2748325 0.8981066 -0.3351796 -0.1728925 0.8934107 0 0
-0.3053994 -0.2033828 -0.3224019 -0.2721669 0.8968528 -0.3335958 -0.1972643 0.8782857 0 0
-0.305868 -0.2019359 -0.3245077 -0.2701109 0.896057 -0.3395237 -0.1611709 0.8968801 0 0
-0.3059992 -0.2017326 -0.3236524 -0.2700958 0.8959816 -0.3334469 -0.1955006 0.8807999 0 0
-0.3063914 -0.2032851 -0.3243124 -0.2723994 0.8955492 -0.3386931 -0.1651827 0.8927501 0 0
-0.3072196 -0.2030041 -0.3251714 -0.2716995 0.8947418 -0.3349767 -0.1942847 0.88 0 0
-0.3069633 -0.1987108 -0.3258739 -0.2667921 0.8930887 -0.342311 -0.154046 0.8973333 0 0
-0.3071205 -0.1985192 -0.326454 -0.2671431 0.8937235 -0.3417497 -0.1583566 0.8956399 0 0
-0.3067543 -0.1979457 -0.3262538 -0.2670058 0.8932409 -0.3413803 -0.1584471 0.8955208 0 0
-0.3060761 -0.1954406 -0.3257498 -0.2641646 0.8918692 -0.3422983 -0.1495604 0.89715 0 0
-0.305872 -0.1948814 -0.3256976 -0.2641264 0.8917311 -0.3419136 -0.1547529 0.8954303 0 0
-0.3036869 -0.1845526 -0.3247873 -0.2515253 0.8907424 -0.3439051 -0.134182 0.9126398 0 0
-0.3030948 -0.18568 -0.3246764 -0.2538595 0.8904386 -0.3427389 -0.1356417 0.9104503 0 0
-0.3019766 -0.183667 -0.3226238 -0.2517319 0.8914927 -0.3417162 -0.133466 0.9144799 0 0
-0.3010156 -0.1831314 -0.3214546 -0.2516764 0.89203 -0.341292 -0.1386079 0.9097102 0 0
-0.3003534 -0.1811619 -0.3208099 -0.2484016 0.8901737 -0.3404123 -0.1314281 0.9176399 0 0
-0.3003868 -0.1811004 -0.3207405 -0.2485811 0.8913375 -0.3408743 -0.1327644 0.9159194 0 0
-0.300356 -0.18114 -0.3211178 -0.2479895 0.890866 -0.3404842 -0.1337786 0.9152893 0 0
-0.3019718 -0.1834448 -0.3228908 -0.2519425 0.8922335 -0.3417291 -0.1353679 0.9131688 0 0
-0.3028558 -0.1843326 -0.32418 -0.2516849 0.8912786 -0.3419323 -0.1367584 0.911018 0 0
-0.3017353 -0.1838063 -0.3226325 -0.2517315 0.8914927 -0.3415446 -0.1364888 0.9122081 0 0
-0.3055587 -0.1933786 -0.3254514 -0.2614991 0.8910493 -0.3358449 -0.1894951 0.88175 0 0
-0.3024014 -0.1862514 -0.3233364 -0.2532258 0.8898 -0.341183 -0.1359219 0.9088275 0 0
-0.3043776 -0.1938585 -0.3242077 -0.2611948 0.8921276 -0.338451 -0.1860989 0.8879412 0 0
-0.3040428 -0.1951914 -0.3236968 -0.2632087 0.8907328 -0.3382558 -0.1836548 0.8871237 0 0
-0.3039729 -0.1958967 -0.3225078 -0.264123 0.8922544 -0.3362617 -0.1892786 0.8832266 0 0
-0.3040457 -0.1957548 -0.3221538 -0.2644025 0.8932443 -0.3358531 -0.1913289 0.8810593 0 0
-0.3039235 -0.1979725 -0.3212053 -0.2674194 0.8935679 -0.3418995 -0.1495566 0.89675 0 0
-0.3034145 -0.19841 -0.3218337 -0.2665606 0.8923366 -0.3405288 -0.1574541 0.8940073 0 0
-0.302195 -0.2006671 -0.3230402 -0.2687543 0.8910356 -0.3342291 -0.1884826 0.8840999 0 0
-0.3017882 -0.2008317 -0.3217089 -0.2684051 0.8919203 -0.3355531 -0.1825484 0.8873348 0 0
-0.3013078 -0.2008592 -0.3228534 -0.2686128 0.8905529 -0.3319025 -0.1926573 0.8799999 0 0
-0.3000556 -0.2010753 -0.3203505 -0.2683333 0.8911023 -0.3349328 -0.1606709 0.8891072 0 0
-0.2999471 -0.2011701 -0.3198627 -0.2689621 0.8922696 -0.3373354 -0.1503185 0.8936819 0 0
-0.2991574 -0.2016183 -0.3192704 -0.2687801 0.8906018 -0.3371007 -0.1506586 0.8924286 0 0
-0.2953369 -0.2213977 -0.3089512 -0.2601465 0.8973096 -0.3136863 -0.1939343 0.8908065 0 0
-0.2933215 -0.2211698 -0.3055785 -0.2601734 0.8973859 -0.3128541 -0.1949435 0.8884501 0 0
-0.296742 -0.20445 -0.3193885 -0.2709663 0.890854 -0.3347625 -0.1480981 0.89455 0 0
-0.2912338 -0.2216151 -0.3031674 -0.260383 0.8977721 -0.3120999 -0.1985099 0.8868332 0 0
-0.2901489 -0.2216137 -0.3046641 -0.2590087 0.8972538 -0.3110937 -0.1982399 0.8868132 0 0
-0.2877876 -0.2215883 -0.3014582 -0.2599557 0.8979803 -0.3113719 -0.1987548 0.8860379 0 0
-0.2867412 -0.2214852 -0.2993865 -0.2595259 0.8973062 -0.3094519 -0.1999686 0.8850751 0 0
-0.2884928 -0.2044415 -0.3131764 -0.2711543 0.8915864 -0.3276287 -0.148165 0.8949 0 0
-0.2839903 -0.1993097 -0.3033921 -0.266943 0.8937726 -0.3256562 -0.1469367 0.8963653 0 0
-0.2820991 -0.2015234 -0.306316 -0.2690696 0.8927884 -0.3221964 -0.1494882 0.895584 0 0
-0.2781529 -0.2013922 -0.3005643 -0.2692341 0.8953083 -0.3166488 -0.1512723 0.8960477 0 0
-0.2759228 -0.2000002 -0.296221 -0.2677883 0.8970723 -0.3105306 -0.1911612 0.8894801 0 0
-0.2722373 -0.197575 -0.2924238 -0.2655484 0.8973409 -0.3133479 -0.1445558 0.9022915 0 0
-0.2664888 -0.1989196 -0.2887664 -0.2683744 0.8997046 -0.3040832 -0.1469952 0.90544 0 0
-0.2624251 -0.1971151 -0.2827468 -0.2659872 0.8998952 -0.3025939 -0.1452761 0.9065834 0 0
-0.2579438 -0.1969392 -0.2798743 -0.266065 0.901123 -0.296824 -0.1458087 0.9083793 0 0
-0.2547189 -0.1974925 -0.2777765 -0.2655123 0.9001509 -0.2942718 -0.1457571 0.908069 0 0
-0.2508652 -0.1966357 -0.2739963 -0.2636955 0.9003368 -0.2906901 -0.1450853 0.9123225 0 0
-0.2476841 -0.2083101 -0.2683415 -0.2690069 0.9040362 -0.2808421 -0.2033636 0.8870302 0 0
-0.244325 -0.2068532 -0.2678802 -0.2677538 0.9007396 -0.2272258 -0.2690977 0.963 0 0
-0.24022 -0.2078512 -0.263324 -0.268835 0.9028605 -0.223821 -0.2726787 0.9684254 0 0
-0.2364032 -0.2071009 -0.2611756 -0.2679242 0.9026701 -0.2212287 -0.2713446 0.9642044 0 0
-0.2326026 -0.2073724 -0.2573046 -0.2667517 0.9028367 -0.2159628 -0.2751485 0.976 0 0
-0.2284413 -0.2077638 -0.260154 -0.2676105 0.9014276 -0.2120321 -0.2723949 0.966 0 0
-0.215253 -0.1879135 -0.244322 -0.2500206 0.8983676 -0.1674361 -0.2084324 0.9417598 0 0
-0.2127868 -0.1888675 -0.2422075 -0.2512045 0.9008708 -0.166877 -0.2090938 0.9414755 0 0
-0.2106354 -0.2053354 -0.2337246 -0.2604446 0.9031816 -0.2022922 -0.2733849 0.9695 0 0
-0.2069908 -0.2056629 -0.22679 -0.2599132 0.9080787 -0.1683815 -0.2290972 0.9491305 0 0
-0.1993062 -0.205844 -0.209933 -0.2587735 0.9166764 -0.1989802 -0.2763881 0.9696 0 0
-0.1960591 -0.2065133 -0.2094605 -0.2580708 0.9148042 -0.1584966 -0.224229 0.9511667 0 0
-0.1922532 -0.206596 -0.2078321 -0.2575519 0.9149582 -0.1912989 -0.2748492 0.9714999 0 0
-0.1911713 -0.2060982 -0.2069784 -0.259014 0.9157181 -0.1573248 -0.2324376 0.9507368 0 0
-0.1854852 -0.2051212 -0.2039083 -0.2552539 0.9151013 -0.1850356 -0.2692103 0.9624001 0 0
-0.1773287 -0.2052877 -0.1932613 -0.2491601 0.9274513 -0.1464065 -0.2269435 0.956125 0 0
-0.1767325 -0.2053341 -0.1955572 -0.2555931 0.9211303 -0.1459161 -0.2283698 0.958465 0 0
-0.1742378 -0.2054512 -0.1934553 -0.2586556 0.9231284 -0.1414292 -0.2264725 0.9606421 0 0
-0.174687 -0.2105641 -0.1899705 -0.2577646 0.9243916 -0.1549796 -0.24933 0.9644375 0 0
-0.1669015 -0.2063662 -0.1865977 -0.2570188 0.9261545 -0.1434269 -0.2350609 0.9629466 0 0
-0.165334 -0.2058059 -0.1787801 -0.2454318 0.9434251 -0.1382599 -0.2337754 0.97105 0 0
-0.1633312 -0.2060765 -0.1786698 -0.2575818 0.9371858 -0.136956 -0.2353668 0.9744166 0 0
-0.1616506 -0.2060106 -0.1785056 -0.2461123 0.9416277 -0.136864 -0.2390297 0.9772857 0 0
-0.1595128 -0.2050551 -0.1735602 -0.2570975 0.9415375 -0.1301157 -0.2322562 0.9821819 0 0
-0.1644719 -0.2107943 -0.19044 -0.2628675 0.9391444 -0.1447202 -0.2538091 0.9830834 0 0
-0.151637 -0.2089383 -0.163326 -0.2585704 0.9562386 -0.1357122 -0.2482904 0.9940001 0 0
-0.1498525 -0.2064922 -0.1630409 -0.2586744 0.9583843 -0.1231947 -0.2330285 0.9945455 0 0
-0.1455182 -0.2281522 -0.1630671 -0.2603325 0.9601409 -0.1274769 -0.2446305 0.9818156 0 0
-0.1460121 -0.2302217 -0.1642783 -0.2619987 0.9644772 -0.1305144 -0.2451587 0.9877717 0 0
-0.1515324 -0.2335039 -0.1680198 -0.2585192 0.9565935 -0.1443102 -0.2626431 0.9928572 0 0
-0.136488 -0.2291966 -0.1455488 -0.2502449 0.9875805 -0.121451 -0.2410643 0.9973333 0 0
-0.1388292 -0.2131318 -0.1537886 -0.2511765 0.9804881 -0.1117189 -0.2222499 1.0143 0 0
-0.148012 -0.2119576 -0.1534199 -0.2583125 0.9756137 -0.1347376 -0.256837 1.0214 0 0
-0.1385993 -0.2118727 -0.1513938 -0.2468276 0.9825752 -0.1250085 -0.2450025 1.006846 0 0
-0.1481714 -0.2121593 -0.1518845 -0.2607283 0.983284 -0.1351848 -0.2653558 1.029143 0 0
-0.1491064 -0.2117543 -0.1518563 -0.2609622 0.9837839 -0.1212731 -0.2397444 1.029 0 0
-0.1482897 -0.2128507 -0.1516695 -0.2564966 0.9827965 -0.1482422 -0.2783874 1.024625 0 0
-0.1493886 -0.2138334 -0.1571567 -0.2562009 0.9850019 -0.1497796 -0.2787175 1.026 0 0
-0.1484209 -0.2128252 -0.1556066 -0.2556477 0.9907696 -0.1490712 -0.2788268 1.030667 0 0
-0.1494195 -0.2156712 -0.1549436 -0.25885 0.9931986 -0.1482013 -0.2804509 1.041857 0 0
-0.1500986 -0.214585 -0.1549467 -0.255841 0.9942203 -0.1504394 -0.2828903 1.040286 0 0
-0.1522505 -0.2148089 -0.152614 -0.262222 0.9969326 -0.1498655 -0.2820729 1.042833 0 0
-0.151752 -0.2159872 -0.1510213 -0.2637645 0.9979459 -0.1534174 -0.2891035 1.0492 0 0
-0.1516974 -0.2143046 -0.1561904 -0.2599468 1.000402 -0.1477208 -0.2742058 1.0345 0 0
-0.153018 -0.2150927 -0.1561364 -0.2541533 0.9937069 -0.1455255 -0.2707227 1.034 0 0
-0.1545694 -0.214346 -0.1579544 -0.2623935 0.998446 -0.1690827 -0.2979408 1.04275 0 0
-0.153482 -0.215647 -0.1569208 -0.256335 0.9971152 -0.1577363 -0.2895386 1.047678 0 0
-0.1466887 -0.2187071 -0.1518538 -0.2564237 0.9942175 -0.1395121 -0.2576836 1.027111 0 0
-0.1567863 -0.2140662 -0.1560481 -0.264572 0.9905807 -0.1558944 -0.2819993 1.039167 0 0
-0.1581717 -0.2154496 -0.1573816 -0.2643781 0.9878396 -0.1723756 -0.2977459 1.03725 0 0
-0.158044 -0.2114703 -0.156989 -0.2640707 0.9852669 -0.1493524 -0.2629634 1.027555 0 0
-0.1587144 -0.2108218 -0.1549534 -0.2622239 0.9868493 -0.1477086 -0.2623312 1.031429 0 0
-0.1516782 -0.2153081 -0.1551363 -0.2565477 0.9808882 -0.1412963 -0.2470361 1.015 0 0
-0.1560033 -0.2219196 -0.163443 -0.2607158 0.9645144 -0.1444879 -0.2464851 1.005222 0 0
-0.157488 -0.2196625 -0.1648084 -0.260825 0.962313 -0.1465998 -0.2497265 1.008798 0 0
-0.1657833 -0.2067106 -0.1637115 -0.2604287 0.9620962 -0.1505632 -0.2455311 0.9977143 0 0
-0.1670045 -0.2077698 -0.149447 -0.2655126 0.9292098 -0.1558982 -0.2513502 0.989375 0 0
-0.1694956 -0.2038725 -0.1736114 -0.2349412 0.9269021 -0.1536533 -0.2372429 0.9751111 0 0
-0.1727186 -0.204692 -0.1590185 -0.2729091 0.912142 -0.1537034 -0.2298505 0.9766667 0 0
-0.1748051 -0.2029836 -0.1766201 -0.2419418 0.9231109 -0.1598158 -0.2400502 0.96925 0 0
-0.1773665 -0.2006859 -0.1726785 -0.2546958 0.9350048 -0.159628 -0.2228846 0.9691429 0 0
-0.1795834 -0.1989982 -0.1813962 -0.2529213 0.9225084 -0.1656282 -0.2350233 0.9477143 0 0
-0.1822529 -0.1994968 -0.1833777 -0.2392771 0.9060923 -0.1653732 -0.2215552 0.9511001 0 0
-0.1847456 -0.1991684 -0.1809849 -0.2674007 0.9361472 -0.1670824 -0.2022206 0.96475 0 0
-0.1903458 -0.2002946 -0.1887597 -0.2584091 0.9152405 -0.1749574 -0.2256931 0.941 0 0
-0.1934776 -0.1998568 -0.1695214 -0.2528817 0.8531018 -0.1806169 -0.2365011 0.9217 0 0
-0.1956655 -0.1991559 -0.1956323 -0.2588224 0.9079 -0.1817774 -0.2221601 0.9405 0 0
-0.1996388 -0.1982799 -0.2001248 -0.2566102 0.8974547 -0.1837478 -0.2220396 0.9307226 0 0
-0.2019846 -0.2012713 -0.2045639 -0.2650261 0.9079726 -0.1881967 -0.2301176 0.928125 0 0
-0.2061504 -0.2014159 -0.2088939 -0.2619751 0.8958042 -0.1968223 -0.2409109 0.9192858 0 0
-0.2092451 -0.2000901 -0.2102245 -0.2587812 0.8927373 -0.1964585 -0.2243415 0.9204286 0 0
-0.2127211 -0.1992279 -0.2118722 -0.2573152 0.8926089 -0.2006748 -0.224183 0.917 0 0
-0.2160604 -0.1991684 -0.2149864 -0.2589396 0.8982826 -0.2004975 -0.199708 0.9239231 0 0
-0.2209111 -0.1999019 -0.2207863 -0.2637988 0.8956618 -0.2056857 -0.185259 0.9435 0 0
-0.2261716 -0.203504 -0.2264193 -0.2602677 0.889146 -0.2131394 -0.2173959 0.921625 0 0
-0.2311338 -0.2037986 -0.2307121 -0.2596672 0.8871315 -0.2174144 -0.1992336 0.9265 0 0
-0.2356431 -0.2062509 -0.2376162 -0.2693275 0.8966781 -0.227282 -0.2218415 0.9226 0 0
-0.2412843 -0.2112327 -0.2453617 -0.2695765 0.8895147 -0.2303724 -0.225405 0.9305 0 0
-0.2468221 -0.2146392 -0.2524822 -0.2745773 0.9020743 -0.2382826 -0.221315 0.9361429 0 0
-0.2515472 -0.2147434 -0.2479641 -0.2696409 0.8858742 -0.2451239 -0.2205766 0.9325 0 0
-0.2588195 -0.2297696 -0.2813065 -0.3086797 0.9349822 -0.2682819 -0.2775118 0.933 0 0
-0.2630738 -0.2318798 -0.2918716 -0.3165755 0.9512751 -0.2686653 -0.2461305 0.9433333 0 0
-0.2662096 -0.2289388 -0.2952701 -0.3132439 0.9409346 -0.2706394 -0.2277039 0.9386667 0 0
-0.2692401 -0.2309151 -0.2990783 -0.3162045 0.943334 -0.270688 -0.2425587 0.9406333 0 0
-0.3667336 -0.2144152 -0.3816956 -0.2377097 0.6263547 -0.3406194 -0.2352966 0.6215384 0 0
-0.3523015 -0.0712619 -0.3797026 -0.05341521 0.5601646 -0.4187261 -0.126439 0.6388 0 0
-0.3534565 -0.07099613 -0.3812116 -0.04893287 0.5640126 -0.4220316 -0.1236511 0.6429139 0 0
-0.3562974 -0.07077191 -0.3839674 -0.04534035 0.5690469 -0.4261248 -0.11696 0.6473809 0 0
-0.3645203 -0.02409427 -0.3888705 -0.01177712 0.5715751 -0.4294572 -0.085901 0.6288 0 0
-0.366248 -0.02164591 -0.3942813 -0.01768858 0.5785493 -0.3239636 -0.08210523 0.6215335 0 0
-0.3699114 -0.01197463 -0.3970864 -0.007046762 0.5814131 -0.3278533 -0.07491403 0.6213388 0 0
-0.3721204 -0.01202384 -0.4010705 -0.007274511 0.5863127 -0.3298721 -0.07482666 0.6265462 0 0
-0.3161381 -0.08561166 -0.3164659 -0.1059677 0.7617104 -0.2847629 -0.1757004 0.7781249 0 0
-0.3158739 -0.08972214 -0.3310701 -0.1194937 0.7458426 -0.2853289 -0.1785612 0.7907857 0 0
-0.316818 -0.08990035 -0.3308116 -0.1225961 0.7510747 -0.2835798 -0.1792298 0.8000833 0 0
-0.3219778 -0.08728307 -0.3337756 -0.1239294 0.7536181 -0.2854013 -0.1779769 0.8041667 0 0
-0.3205159 -0.08705635 -0.3349769 -0.1205415 0.7625442 -0.2880261 -0.1841794 0.81575 0 0
-0.31981 -0.08772517 -0.3357426 -0.1198633 0.7664732 -0.2861141 -0.1826285 0.8186667 0 0
-0.3162912 -0.08539892 -0.3432925 -0.1116424 0.7704046 -0.2847833 -0.1723434 0.82225 0 0
-0.3176481 -0.08088045 -0.3447734 -0.1081366 0.774105 -0.2845542 -0.143883 0.8141111 0 0
-0.315757 -0.08012679 -0.3424641 -0.1123058 0.7795047 -0.3109712 -0.1383395 0.7883334 0 0
-0.312885 -0.08223093 -0.3436949 -0.1048422 0.7845156 -0.2836885 -0.1461976 0.8298334 0 0
-0.3113938 -0.07899376 -0.3397532 -0.1100646 0.7883553 -0.2828143 -0.1416926 0.839375 0 0
-0.3109776 -0.07750927 -0.3129499 -0.09333225 0.8347161 -0.2830195 -0.1521497 0.8414001 0 0
-0.3120859 -0.07630718 -0.3180629 -0.08423527 0.8382313 -0.2878169 -0.1363343 0.8542 0 0
-0.3105559 -0.07429876 -0.3181748 -0.07658456 0.8394853 -0.2902106 -0.1287758 0.8612859 0 0
-0.3087848 -0.07918926 -0.3335031 -0.09513126 0.8298557 -0.2840462 -0.1404169 0.8644546 0 0
-0.3064837 -0.07702825 -0.312708 -0.0780446 0.8522913 -0.2873123 -0.1328256 0.8747144 0 0
-0.3049 -0.07887385 -0.3068336 -0.08645709 0.8588217 -0.2791976 -0.147006 0.8705 0 0
-0.3048216 -0.08004945 -0.3077911 -0.08606797 0.8606836 -0.2787032 -0.1488781 0.8745 0 0
-0.303882 -0.07956573 -0.3061049 -0.08530376 0.8621508 -0.2772436 -0.1543756 0.8718001 0 0
-0.3051145 -0.07429352 -0.3088407 -0.07910907 0.8632036 -0.2877342 -0.1292886 0.8802667 0 0
-0.3049676 -0.0756069 -0.3081718 -0.07706505 0.8604643 -0.2873563 -0.1288069 0.8781 0 0
-0.3030301 -0.07668199 -0.3056374 -0.08086576 0.8633659 -0.2872561 -0.1280492 0.8796155 0 0
-0.3000638 -0.07362013 -0.2997206 -0.08427695 0.8708346 -0.2850312 -0.1297359 0.881676 0 0
-0.2976407 -0.07331103 -0.2973863 -0.08195494 0.8727599 -0.2824802 -0.1279636 0.8829026 0 0
-0.2949765 -0.07242639 -0.2937691 -0.0869872 0.875428 -0.2833129 -0.1308218 0.881168 0 0
-0.2928077 -0.07306676 -0.289446 -0.09063052 0.8777698 -0.2795751 -0.1305383 0.8840966 0 0
-0.2914303 -0.07114541 -0.2871022 -0.08906893 0.8780263 -0.278358 -0.1271896 0.8816788 0 0
-0.2928859 -0.06952453 -0.2911573 -0.07983708 0.871892 -0.2791016 -0.1242602 0.8779425 0 0
-0.2907348 -0.06938101 -0.2869869 -0.08592542 0.8736547 -0.2776129 -0.1254314 0.8775756 0 0
-0.291021 -0.07098506 -0.2852619 -0.0932117 0.8737407 -0.2774775 -0.1231522 0.8735637 0 0
-0.2906721 -0.06952949 -0.2884971 -0.08314578 0.8660692 -0.2754079 -0.1169786 0.86575 0 0
-0.2908289 -0.0694602 -0.2900158 -0.0748891 0.8614939 -0.2768813 -0.1217724 0.8695409 0 0
-0.2896222 -0.07232005 -0.2845486 -0.09418157 0.8664767 -0.2767648 -0.1229532 0.8665098 0 0
-0.2872287 -0.07696326 -0.2861193 -0.08358827 0.860586 -0.2757102 -0.1249848 0.8709908 0 0
-0.2857412 -0.07681751 -0.2807761 -0.09537477 0.8629755 -0.2727188 -0.1263572 0.8655807 0 0
-0.2865653 -0.07352299 -0.2833351 -0.08466196 0.8576475 -0.2724184 -0.1239836 0.8608 0 0
-0.2857944 -0.07454304 -0.2824055 -0.08608378 0.855897 -0.2723066 -0.1225665 0.8585 0 0
-0.2830588 -0.07251066 -0.2798644 -0.08933812 0.8560628 -0.2701732 -0.12