0 0 0 0 0 0 0 0 0 0
-0.4341837 0.1063114 -0.4150455 0.1631899 1.169292 -0.4748347 0.1103164 1.193867 0 0
-0.4307099 0.1005619 -0.4063678 0.164856 1.172097 -0.4792467 0.1145445 1.21 0 0
-0.4267362 0.1033347 -0.4044197 0.1710137 1.178457 -0.4738041 0.1136759 1.210759 0 0
-0.4218337 0.1063367 -0.3986782 0.1762449 1.180889 -0.4675735 0.1164111 1.212061 0 0
-0.4169571 0.1096047 -0.3910319 0.1778517 1.184432 -0.4871661 0.1075701 1.273692 0 0
-0.412984 0.1115754 -0.3849337 0.1810695 1.186969 -0.4879849 0.10641 1.272288 0 0
-0.4096011 0.1136713 -0.3824624 0.1861207 1.19611 -0.4624694 0.1282007 1.229647 0 0
-0.4072222 0.1169914 -0.3792423 0.1903456 1.198268 -0.480413 0.1132806 1.269792 0 0
-0.4071189 0.1171622 -0.3740781 0.1893009 1.204194 -0.4784723 0.1142133 1.265778 0 0
-0.4068868 0.1179399 -0.3760968 0.1926735 1.210783 -0.4860961 0.1032061 1.285667 0 0
-0.4037544 0.1187145 -0.3880029 0.1819908 1.222944 -0.4569352 0.1216258 1.231936 0 0
-0.4026354 0.121889 -0.38841 0.1858895 1.223506 -0.456933 0.1216502 1.231882 0 0
-0.4023064 0.1216745 -0.3894407 0.1857763 1.225551 -0.4581064 0.1193522 1.237695 0 0
-0.4012823 0.1243014 -0.39122 0.1872587 1.226226 -0.4570279 0.1210558 1.232842 0 0
-0.3999715 0.1242572 -0.3917634 0.1872025 1.220856 -0.4571966 0.1212473 1.233516 0 0
-0.3986206 0.1233234 -0.390201 0.1839003 1.222012 -0.4507972 0.120523 1.222759 0 0
-0.3969575 0.1245488 -0.3862919 0.1868921 1.219779 -0.4539791 0.1172426 1.23012 0 0
-0.395026 0.1245588 -0.3837094 0.1863236 1.216281 -0.4509457 0.1149835 1.225405 0 0
-0.3943522 0.1239814 -0.3854941 0.186758 1.216508 -0.453535 0.118624 1.229544 0 0
-0.3929578 0.1235747 -0.3818114 0.1862015 1.215059 -0.4500729 0.1136118 1.238238 0 0
-0.3901752 0.1237483 -0.3814269 0.1860731 1.214605 -0.4515723 0.1163505 1.234002 0 0
-0.3884556 0.1228082 -0.3778983 0.1858384 1.212809 -0.4516032 0.1158757 1.230544 0 0
-0.3865029 0.1226819 -0.377023 0.1858358 1.210397 -0.4467421 0.1148004 1.220966 0 0
-0.3836553 0.1224767 -0.3707949 0.1857015 1.208775 -0.4438069 0.1134185 1.2202 0 0
-0.3799642 0.1222585 -0.3693695 0.1854059 1.20748 -0.4396988 0.1128417 1.218615 0 0
-0.377204 0.1218688 -0.3672862 0.1850202 1.205852 -0.432317 0.1146067 1.2035 0 0
-0.3761838 0.1209419 -0.367534 0.1850627 1.20797 -0.4304687 0.1189663 1.198 0 0
-0.3764376 0.1206169 -0.3697997 0.1858601 1.209931 -0.4373795 0.1137357 1.218857 0 0
-0.3739952 0.1213787 -0.3663442 0.1851207 1.207952 -0.4287676 0.1116098 1.208407 0 0
-0.3733337 0.1214188 -0.3629232 0.1853191 1.207394 -0.4285192 0.1084635 1.2059 0 0
-0.3722268 0.122063 -0.3614239 0.1852766 1.206273 -0.4300544 0.1125845 1.204554 0 0
-0.3705759 0.1191837 -0.3625131 0.1823831 1.207375 -0.4277659 0.1049211 1.213619 0 0
-0.3693539 0.118991 -0.3574583 0.1830215 1.205114 -0.4251361 0.1065056 1.2045 0 0
-0.3683946 0.1191192 -0.3566175 0.1818153 1.20277 -0.4230488 0.1118005 1.194524 0 0
-0.367035 0.1190929 -0.3576721 0.1822769 1.202399 -0.4210077 0.1059881 1.196522 0 0
-0.3665324 0.1189628 -0.357067 0.1819721 1.201236 -0.420348 0.1054667 1.195208 0 0
-0.366136 0.118765 -0.3566247 0.1815238 1.201615 -0.4234035 0.1073022 1.200497 0 0
-0.3649896 0.1192596 -0.3511052 0.1820155 1.199409 -0.4127761 0.1024209 1.185933 0 0
-0.3635508 0.1170398 -0.3514203 0.1812989 1.198511 -0.4182964 0.1205383 1.19175 0 0
-0.3609926 0.1173644 -0.3469733 0.1812865 1.196648 -0.4171652 0.1075117 1.194006 0 0
-0.3599909 0.1168236 -0.3436233 0.1810154 1.196332 -0.4175195 0.1099904 1.194739 0 0
-0.3563078 0.1135047 -0.3420798 0.176952 1.198307 -0.4114516 0.1095157 1.193391 0 0
-0.3520321 0.1093145 -0.3360643 0.1742779 1.195388 -0.4121144 0.1091315 1.205125 0 0
-0.3439282 0.1039477 -0.3225428 0.1667235 1.191322 -0.3907295 0.1139481 1.178714 0 0
-0.3338808 0.09447251 -0.3018869 0.1546966 1.187764 -0.3835332 0.1116453 1.18592 0 0
-0.3208121 0.08021633 -0.2764353 0.1345773 1.179542 -0.3597558 0.1083912 1.190333 0 0
-0.3112757 0.06221007 -0.2649304 0.1124144 1.177785 -0.3508803 0.09638955 1.18395 0 0
-0.2998148 0.04385252 -0.2438521 0.09046955 1.170322 -0.3377391 0.08101781 1.1817 0 0
-0.2898179 0.02509106 -0.2277847 0.05979995 1.165672 -0.3197232 0.06537551 1.171182 0 0
-0.2846423 0.006889284 -0.2251714 0.03096691 1.169377 -0.3143949 0.05067829 1.179231 0 0
-0.2791642 -0.01002817 -0.2159339 0.01304914 1.157806 -0.3049362 0.0362143 1.17476 0 0
-0.2777217 -0.02473479 -0.2119621 0.01326631 1.156713 -0.3008112 0.006781562 1.156127 0 0
-0.2765568 -0.0396859 -0.2115988 -0.02307859 1.161214 -0.2939372 0.007623608 1.164225 0 0
-0.2757592 -0.05191294 -0.2134842 -0.04611853 1.165165 -0.2912929 -0.006875687 1.16 0 0
-0.2749215 -0.06293084 -0.2126128 -0.07069384 1.164894 -0.2874 -0.0134422 1.165698 0 0
-0.2728492 -0.07299607 -0.2107113 -0.08523166 1.163113 -0.2784453 -0.02402522 1.15842 0 0
-0.2722695 -0.0799246 -0.2125529 -0.09610355 1.165617 -0.2781103 -0.03282591 1.157775 0 0
-0.2715987 -0.08537981 -0.2129312 -0.1101584 1.162791 -0.272108 -0.03647429 1.156363 0 0
-0.2706366 -0.08741567 -0.2131367 -0.1119137 1.162521 -0.2699591 -0.03753553 1.156732 0 0
-0.2699174 -0.08752158 -0.212744 -0.1225233 1.157052 -0.2661651 -0.0380645 1.153255 0 0
-0.2689692 -0.08662272 -0.2137722 -0.1229675 1.156186 -0.2636098 -0.03722821 1.151725 0 0
-0.2683419 -0.08550096 -0.2126843 -0.1310048 1.146433 -0.2642536 -0.03563797 1.151112 0 0
-0.2677473 -0.08392856 -0.2116592 -0.1284799 1.143386 -0.2670734 -0.03449801 1.154082 0 0
-0.2673344 -0.08186962 -0.2113371 -0.1287844 1.135951 -0.2619551 -0.03504745 1.161625 0 0
-0.2677811 -0.07773846 -0.2122194 -0.1215788 1.140364 -0.2680883 -0.03087299 1.155471 0 0
-0.2686877 -0.0742261 -0.2121737 -0.119667 1.133724 -0.2636289 -0.02423323 1.152348 0 0
-0.2701236 -0.07146225 -0.2161755 -0.117465 1.136195 -0.2651658 -0.02126897 1.154348 0 0
-0.2705677 -0.06917824 -0.215321 -0.1122364 1.135032 -0.2675712 -0.01935549 1.155034 0 0
-0.2714109 -0.06824014 -0.2150178 -0.1087467 1.137898 -0.2650308 -0.01774715 1.154559 0 0
-0.2729203 -0.06563862 -0.2178769 -0.1070135 1.135052 -0.2708591 -0.01588219 1.153618 0 0
-0.2731417 -0.06492805 -0.2181287 -0.1075224 1.132102 -0.2713144 -0.01685978 1.155496 0 0
-0.2741252 -0.06252864 -0.2178969 -0.105667 1.132621 -0.268009 -0.01232538 1.152318 0 0
-0.2765887 -0.05983266 -0.2159226 -0.08600967 1.14103 -0.2841229 -0.01120053 1.149273 0 0
-0.2777602 -0.05983007 -0.2165307 -0.08486982 1.141668 -0.2782425 -0.01205975 1.152765 0 0
-0.2780979 -0.05938451 -0.216539 -0.08066551 1.14188 -0.2844186 -0.01056265 1.1512 0 0
-0.2798038 -0.05924056 -0.2187942 -0.08111451 1.140802 -0.2798983 -0.01212654 1.154362 0 0
-0.280452 -0.05825812 -0.2194301 -0.08340602 1.138483 -0.2763465 -0.01176831 1.155795 0 0
-0.281408 -0.05811504 -0.2196 -0.07900164 1.140135 -0.2801307 -0.01147557 1.154346 0 0
-0.2822385 -0.05712704 -0.2231659 -0.07945465 1.138852 -0.2780932 -0.009973354 1.157453 0 0
-0.2830698 -0.0552615 -0.2198902 -0.08044419 1.135338 -0.2788379 -0.008447889 1.157194 0 0
-0.2833904 -0.05425407 -0.221143 -0.07819291 1.135198 -0.28207 -0.009089159 1.154766 0 0
-0.2839193 -0.05357656 -0.2220786 -0.07510635 1.135368 -0.2775961 -0.006523931 1.162385 0 0
-0.2842274 -0.05336119 -0.2225342 -0.07334407 1.136599 -0.278591 -0.01073714 1.156561 0 0
-0.2850174 -0.05175189 -0.2216335 -0.07339498 1.135267 -0.2886051 -0.004433715 1.153548 0 0
-0.2865266 -0.05081516 -0.2252708 -0.07455043 1.133913 -0.2808744 -0.003099051 1.159526 0 0
-0.2891766 -0.04542975 -0.2289674 -0.06873158 1.13712 -0.2889771 0.005241908 1.147325 0 0
-0.2890282 -0.04625536 -0.2285577 -0.06867012 1.136252 -0.2870053 0.0005662622 1.153201 0 0
-0.289635 -0.04388846 -0.2285856 -0.06605422 1.135498 -0.29453 0.005408035 1.150545 0 0
-0.2899631 -0.04311205 -0.2278226 -0.06838403 1.134353 -0.2895416 0.003921077 1.153098 0 0
-0.2920406 -0.03791166 -0.2321996 -0.05992011 1.13709 -0.2923821 0.01157495 1.148738 0 0
-0.2934995 -0.03502033 -0.2329474 -0.05883744 1.135869 -0.2924434 0.01397816 1.151522 0 0
-0.2935176 -0.03205848 -0.2342115 -0.05411531 1.137443 -0.2951788 0.01681073 1.151204 0 0
-0.2941667 -0.02898208 -0.2333288 -0.05134182 1.13773 -0.2965195 0.02002315 1.152611 0 0
-0.2947785 -0.02567685 -0.234305 -0.05034065 1.136775 -0.2939978 0.02272557 1.155702 0 0
-0.2949248 -0.02355649 -0.2332178 -0.04455703 1.135525 -0.2968338 0.02433475 1.154634 0 0
-0.2962734 -0.01879454 -0.2358202 -0.04047807 1.136485 -0.3002796 0.02964726 1.150808 0 0
-0.2964872 -0.01703676 -0.2359188 -0.03839422 1.135271 -0.2987338 0.03013144 1.155666 0 0
-0.2991333 -0.01077592 -0.2399068 -0.02908563 1.140214 -0.3013288 0.03772267 1.156677 0 0
-0.2984308 -0.01047183 -0.2361512 -0.02930723 1.136279 -0.3040948 0.0361121 1.157684 0 0
-0.2992134 -0.00784462 -0.2349547 -0.02611277 1.137491 -0.298478 0.03799423 1.159371 0 0
-0.3002703 -0.004639216 -0.2368232 -0.02044916 1.138004 -0.3112217 0.04221625 1.152207 0 0
-0.3030594 0.0005017004 -0.2396457 -0.01525311 1.13865 -0.3067482 0.04770645 1.155889 0 0
-0.3045824 0.004290659 -0.242315 -0.004815212 1.144027 -0.3168373 0.05065639 1.153911 0 0
-0.3070349 0.008818488 -0.2444805 0.0002273066 1.144074 -0.3186336 0.05622371 1.157032 0 0
-0.3093529 0.0130723 -0.2478552 0.01024379 1.147344 -0.3244165 0.05928084 1.156797 0 0
-0.3113853 0.01659068 -0.2484529 0.01699802 1.146666 -0.3292356 0.06144081 1.152576 0 0
-0.3133472 0.02011577 -0.2516097 0.02023512 1.146642 -0.3326153 0.0649875 1.156438 0 0
-0.3148438 0.02317598 -0.25144 0.02680528 1.147484 -0.3353923 0.06797501 1.15483 0 0
-0.3151097 0.02513631 -0.2520046 0.02957983 1.149359 -0.3332191 0.07084938 1.156533 0 0
-0.3147789 0.02551563 -0.2521783 0.02967749 1.148325 -0.3308044 0.06895248 1.153131 0 0
-0.3137071 0.02509705 -0.2517011 0.02766901 1.150646 -0.3308718 0.0725507 1.160636 0 0
-0.3123599 0.02299957 -0.254137 0.02547066 1.154789 -0.3273757 0.07001963 1.15982 0 0
-0.3121979 0.02123844 -0.2557667 0.02571364 1.1575 -0.3184915 0.07494238 1.165292 0 0
-0.3102008 0.01847997 -0.2589529 0.02950365 1.157026 -0.3244133 0.06778454 1.162087 0 0
-0.3082367 0.01650719 -0.2562415 0.02858569 1.158592 -0.3187091 0.06654283 1.170435 0 0
-0.3057382 0.01335738 -0.2578573 0.02791769 1.160288 -0.3180082 0.06075561 1.165824 0 0
-0.3035261 0.01091869 -0.2567288 0.02796735 1.160006 -0.3190432 0.0583466 1.177115 0 0
-0.2986333 0.005854579 -0.2540378 0.02524434 1.162789 -0.3146392 0.05222772 1.175972 0 0
-0.2952998 0.001582798 -0.2489061 0.02281431 1.163103 -0.3095661 0.0483596 1.1808 0 0
-0.2925071 -0.001834074 -0.2459239 0.02465486 1.164647 -0.3127084 0.0431832 1.183964 0 0
-0.2883262 -0.005919927 -0.2372158 0.006137716 1.168438 -0.2982163 0.04151596 1.178646 0 0
-0.2863862 -0.007354389 -0.2362492 0.007495725 1.173327 -0.2939898 0.0413301 1.185235 0 0
-0.284423 -0.008390659 -0.2342176 0.001974603 1.17547 -0.28185 0.04285211 1.183812 0 0
-0.2815066 -0.00831619 -0.2294742 -0.002602488 1.177559 -0.2789344 0.0451227 1.1955 0 0
-0.2785212 -0.009059534 -0.2247046 -0.01595147 1.183132 -0.2730999 0.04560502 1.193625 0 0
-0.2750215 -0.008991506 -0.2191693 -0.01659161 1.187298 -0.2753727 0.04404858 1.190402 0 0
-0.2722338 -0.008331663 -0.2159251 -0.0169994 1.189733 -0.2717036 0.04365854 1.19041 0 0
-0.2699294 -0.007639038 -0.2124228 -0.01701975 1.19159 -0.2694371 0.0420753 1.188759 0 0
-0.2675515 -0.006895507 -0.2105606 -0.01786556 1.193255 -0.2701478 0.04166906 1.192156 0 0
-0.2646605 -0.006696297 -0.2067058 -0.01946572 1.193177 -0.2668976 0.04190623 1.191868 0 0
-0.2632296 -0.00663856 -0.2043208 -0.01800558 1.195367 -0.2707234 0.04267955 1.191661 0 0
-0.2616719 -0.006614826 -0.201518 -0.01818573 1.1965 -0.2704564 0.04217531 1.191226 0 0
-0.260501 -0.006584019 -0.2014473 -0.01724417 1.200218 -0.267538 0.04239854 1.19528 0 0
-0.2588852 -0.006934621 -0.1982887 -0.02082254 1.200249 -0.2610542 0.04195143 1.197425 0 0
-0.2582115 -0.007634251 -0.1984916 -0.02133188 1.200249 -0.2616245 0.0415469 1.198685 0 0
-0.2570881 -0.008446057 -0.1962671 -0.0217297 1.20217 -0.2597471 0.0423464 1.200203 0 0
-0.2555201 -0.008699857 -0.1958048 -0.02048291 1.203843 -0.2571098 0.04288312 1.20178 0 0
-0.2545918 -0.00910207 -0.1973609 -0.02128586 1.206289 -0.2550652 0.04377438 1.205744 0 0
-0.2516908 -0.01012691 -0.1924893 -0.02531882 1.205935 -0.252189 0.04440661 1.208316 0 0
-0.2490199 -0.01129768 -0.1894235 -0.02552347 1.20778 -0.2486649 0.03927834 1.203183 0 0
-0.2467092 -0.01127091 -0.1870839 -0.02526835 1.210887 -0.2479248 0.03966543 1.20655 0 0
-0.2451199 -0.0113416 -0.1866676 -0.02620467 1.211075 -0.2457409 0.03919694 1.206387 0 0
-0.2428751 -0.01092899 -0.1840925 -0.02480432 1.21289 -0.2451342 0.03974506 1.207532 0 0
-0.2410715 -0.01059377 -0.1811017 -0.0265719 1.215029 -0.2418116 0.03942486 1.210667 0 0
-0.2395554 -0.01013216 -0.1803211 -0.02778014 1.214765 -0.2421952 0.0396694 1.212591 0 0
-0.2378257 -0.009363838 -0.1780745 -0.02529264 1.217527 -0.2424381 0.04073811 1.210475 0 0
-0.2379083 -0.008753159 -0.1783378 -0.02414368 1.218504 -0.2435618 0.04036855 1.211235 0 0
-0.2376344 -0.008200227 -0.1773827 -0.02582485 1.217485 -0.242741 0.04092436 1.212367 0 0
-0.2378418 -0.007956165 -0.1766881 -0.02524647 1.218086 -0.244917 0.04095579 1.210673 0 0
-0.2377304 -0.006789337 -0.1762081 -0.02627541 1.216425 -0.2426464 0.04285009 1.211501 0 0
-0.237909 -0.006249911 -0.17612 -0.02682257 1.215929 -0.2420776 0.04292395 1.211712 0 0
-0.2381042 -0.006271828 -0.1762381 -0.02683406 1.216751 -0.2426554 0.04297992 1.212785 0 0
-0.2383375 -0.006312736 -0.1771228 -0.02425229 1.21801 -0.2426305 0.04298652 1.212681 0 0
-0.2384589 -0.006752718 -0.1773345 -0.02615403 1.217382 -0.2434595 0.04272127 1.211943 0 0
-0.2387329 -0.006807736 -0.177758 -0.02556433 1.215756 -0.2443342 0.04245883 1.211079 0 0
-0.2388383 -0.007225882 -0.177996 -0.02490551 1.213678 -0.2452091 0.04193435 1.210075 0 0
-0.239069 -0.008002228 -0.1763343 -0.0260046 1.212198 -0.2466975 0.04204111 1.209086 0 0
-0.2400846 -0.008559519 -0.1769908 -0.02619919 1.20982 -0.2490231 0.04170226 1.20917 0 0
-0.2411815 -0.009546643 -0.1784644 -0.02491678 1.208929 -0.2556927 0.04042036 1.203747 0 0
-0.2439594 -0.01020766 -0.180755 -0.02460268 1.205956 -0.2590096 0.03956961 1.201093 0 0
-0.2471712 -0.01042366 -0.1841489 -0.02479501 1.203401 -0.2582109 0.04061661 1.2024 0 0
-0.2499198 -0.01157671 -0.1872125 -0.02669097 1.200159 -0.2599652 0.04135323 1.200919 0 0
-0.2529055 -0.01292198 -0.1907903 -0.02639108 1.198229 -0.2643662 0.03739033 1.195867 0 0
-0.2560865 -0.01375054 -0.1934853 -0.02739799 1.19504 -0.2616771 0.03860588 1.192636 0 0
-0.2601952 -0.013974 -0.1984146 -0.02978464 1.190821 -0.2621743 0.04023989 1.195963 0 0
-0.2620381 -0.01493219 -0.1993814 -0.02901212 1.188868 -0.2637929 0.03980772 1.192664 0 0
-0.2642438 -0.01519298 -0.2022833 -0.03096155 1.184501 -0.2639138 0.03804198 1.186717 0 0
-0.2671264 -0.01620634 -0.2042614 -0.03034203 1.184366 -0.2747601 0.03504231 1.186889 0 0
-0.2693508 -0.01614798 -0.2067 -0.03128815 1.181814 -0.2722337 0.03521378 1.181415 0 0
-0.2717645 -0.01567745 -0.2101208 -0.03019758 1.18125 -0.2395414 0.0324816 1.169 0 0
-0.2739591 -0.01357384 -0.2113348 -0.03067491 1.177573 -0.2749498 0.03978299 1.186341 0 0
-0.274338 -0.01273777 -0.2125173 -0.02766599 1.177293 -0.2797486 0.0391853 1.183423 0 0
-0.276288 -0.01079194 -0.2121019 -0.02718926 1.174944 -0.282023 0.03884276 1.182567 0 0
-0.2760776 -0.007886088 -0.2128261 -0.02536802 1.173682 -0.2833917 0.04092612 1.181299 0 0
-0.2771429 -0.005001632 -0.2170977 -0.01943333 1.176482 -0.2848284 0.0423848 1.181387 0 0
-0.2777861 -0.001347097 -0.2164461 -0.01492124 1.176968 -0.2893843 0.04472725 1.180167 0 0
-0.2783502 0.003112359 -0.2171297 -0.00519793 1.178378 -0.2939145 0.04761288 1.179552 0 0
-0.2804253 0.00779673 -0.2221514 0.002860747 1.183635 -0.2883678 0.05091073 1.176947 0 0
-0.2820676 0.0122766 -0.2224427 0.01107321 1.186091 -0.2820592 0.05653774 1.196933 0 0
-0.2841496 0.01547934 -0.2251783 0.01722658 1.186427 -0.2999429 0.05575569 1.175821 0 0
-0.2854077 0.01731379 -0.225121 0.02136908 1.185857 -0.2946205 0.05920557 1.176024 0 0
-0.2863697 0.01595205 -0.2259603 0.0229008 1.18753 -0.3048365 0.05874224 1.179695 0 0
-0.285602 0.01334579 -0.2271592 0.01973062 1.188425 -0.2978163 0.0576749 1.180905 0 0
-0.2837644 0.008261465 -0.2321344 0.02293581 1.186705 -0.2941688 0.05532369 1.182183 0 0
-0.2815156 0.0009029423 -0.230038 0.01768202 1.183419 -0.2874021 0.04756254 1.183524 0 0
-0.2792474 -0.007241624 -0.2282109 0.009436642 1.181744 -0.2853772 0.03899391 1.187561 0 0
-0.274866 -0.01414579 -0.2227109 -0.004205236 1.184771 -0.2766848 0.03376622 1.189576 0 0
-0.2687905 -0.02210156 -0.2152963 -0.02158973 1.184523 -0.2673723 0.03258892 1.194474 0 0
-0.265109 -0.02457708 -0.2095316 -0.03102316 1.1835 -0.2620587 0.02727693 1.184273 0 0
-0.2627133 -0.0245823 -0.2018497 -0.03967861 1.183401 -0.2663977 0.02692796 1.186792 0 0
-0.2609715 -0.02233458 -0.2004373 -0.037286 1.18346 -0.2666702 0.02741771 1.184156 0 0
-0.2590134 -0.01719778 -0.1984422 -0.02909824 1.184218 -0.2695289 0.03123039 1.18651 0 0
-0.2585852 -0.008297485 -0.2000495 -0.01514431 1.188475 -0.2709337 0.03401426 1.185987 0 0
-0.2603482 0.003575393 -0.1963101 0.01527643 1.189537 -0.2802536 0.04399617 1.181064 0 0
-0.2658872 0.0202652 -0.2042758 0.03996585 1.187802 -0.2816359 0.05784296 1.206615 0 0
-0.2753639 0.03771833 -0.215926 0.07346931 1.182093 -0.2836404 0.07436432 1.200688 0 0
-0.2896016 0.05229735 -0.2254559 0.0848477 1.179402 -0.3211745 0.07619197 1.15425 0 0
-0.3143789 0.05959873 -0.2636689 0.1041454 1.174951 -0.3463371 0.07728325 1.147233 0 0
-0.3414542 0.06530806 -0.2981272 0.1178762 1.159254 -0.3723162 0.05463427 1.139806 0 0
-0.3639016 0.06633799 -0.3280635 0.122548 1.136787 -0.4087459 0.08062319 1.1805 0 0
-0.388208 0.06427674 -0.3570699 0.1223399 1.121435 -0.4107071 0.1071009 1.15825 0 0
-0.4010254 0.06229992 -0.3833531 0.1206586 1.116771 -0.4343277 0.08048452 1.151923 0 0
-0.3992705 0.06238078 -0.380932 0.1203785 1.121531 -0.4300659 0.09197082 1.155629 0 0
-0.3832906 0.06765535 -0.3553142 0.1260851 1.127634 -0.4356758 0.07015307 1.14525 0 0
-0.3571056 0.07267926 -0.3132729 0.1223672 1.134505 -0.4008936 0.08390678 1.145184 0 0
-0.3310718 0.07119857 -0.3063361 0.123979 1.15548 -0.3641864 0.1027256 1.189444 0 0
-0.3046245 0.06421766 -0.271131 0.1123289 1.161159 -0.3188723 0.1106531 1.203286 0 0
-0.2704993 0.05587623 -0.2093863 0.1054073 1.153861 -0.2785731 0.09424689 1.207 0 0
-0.2531963 0.02841994 -0.2019616 0.06126523 1.175289 -0.272027 0.07403482 1.178889 0 0
-0.2396312 0.002715989 -0.184587 0.0170159 1.171365 -0.2474519 0.05307638 1.178192 0 0
-0.230299 -0.0125713 -0.1684152 -0.01651193 1.181822 -0.2326736 0.03454834 1.168729 0 0
-0.2294749 -0.01234127 -0.1636023 -0.02271694 1.174547 -0.2396248 0.03562945 1.164841 0 0
-0.2364352 -0.001332543 -0.1702904 -0.01042557 1.165748 -0.2551257 0.04204123 1.160012 0 0
-0.2553618 0.01866524 -0.1930004 0.03461617 1.162355 -0.2855712 0.06064687 1.185556 0 0
-0.2817276 0.04013462 -0.2216133 0.08145218 1.153319 -0.3154545 0.06647576 1.148565 0 0
-0.3048486 0.06036344 -0.2449737 0.1020662 1.147098 -0.3315168 0.09865381 1.1866 0 0
-0.3400194 0.07287942 -0.3057291 0.1225128 1.137828 -0.3751494 0.1002154 1.172 0 0
-0.3715596 0.0810758 -0.335183 0.1327531 1.12353 -0.4177444 0.08860196 1.148478 0 0
-0.3984518 0.09204463 -0.3706104 0.1485874 1.101405 -0.3767506 0.1249807 1.1664 0 0
-0.4155962 0.09600334 -0.3937158 0.1528362 1.091217 -0.4405401 0.1486247 1.141167 0 0
-0.4238476 0.1023439 -0.408665 0.1608043 1.094992 -0.466163 0.09632888 1.133535 0 0
-0.4195158 0.1098414 -0.4069968 0.1671455 1.11003 -0.4678524 0.1072613 1.134037 0 0
-0.4080643 0.1317712 -0.3975569 0.1896141 1.117083 -0.45904 0.1272497 1.1424 0 0
-0.3926802 0.1579888 -0.3905923 0.2125536 1.131145 -0.441991 0.152313 1.144581 0 0
-0.3808894 0.1854809 -0.3755822 0.2396186 1.147708 -0.4275708 0.1905345 1.1733 0 0
-0.3730762 0.2309757 -0.3641458 0.2904974 1.162446 -0.41605 0.2146751 1.152848 0 0
-0.3679665 0.2461241 -0.3603488 0.3063893 1.187536 -0.4118006 0.2320024 1.178302 0 0
-0.3657177 0.2660949 -0.357716 0.328341 1.208344 -0.4072873 0.271575 1.225833 0 0
-0.368666 0.274984 -0.359071 0.3389022 1.223744 -0.4145231 0.261733 1.211972 0 0
-0.3739991 0.2746911 -0.365046 0.3389494 1.22725 -0.4186594 0.2560995 1.225 0 0
-0.3816681 0.2764561 -0.3816179 0.338419 1.219131 -0.4211712 0.265884 1.228941 0 0
-0.3976316 0.2680314 -0.403018 0.3266478 1.197623 -0.4380571 0.254511 1.218524 0 0
-0.4207917 0.249887 -0.4307986 0.3072342 1.160841 -0.4643917 0.232312 1.209357 0 0
-0.4377162 0.2137873 -0.4614758 0.2641846 1.118943 -0.4877045 0.1857732 1.17284 0 0
-0.4507288 0.203193 -0.4660847 0.2511733 1.107662 -0.4882373 0.184387 1.169532 0 0
-0.4532492 0.1982246 -0.4812929 0.2442579 1.120187 -0.491186 0.1616591 1.145182 0 0
-0.4420155 0.2023084 -0.4567992 0.2460151 1.096036 -0.4345551 0.2363811 1.187714 0 0
-0.4087591 0.2107688 -0.4270261 0.2553896 1.096763 -0.3912789 0.2513801 1.179941 0 0
-0.3695093 0.2101877 -0.3657107 0.2682351 1.152235 -0.4075623 0.2246491 1.193 0 0
-0.3319882 0.2039615 -0.3118822 0.2643088 1.170323 -0.3620327 0.2347288 1.19875 0 0
-0.2962798 0.1922936 -0.2651076 0.2472519 1.187162 -0.3213399 0.2347087 1.2175 0 0
-0.2675794 0.1735453 -0.2121253 0.230448 1.1887 -0.2776317 0.2143295 1.2119 0 0
-0.2263439 0.1533395 -0.1669219 0.1946193 1.194875 -0.2489583 0.1918354 1.203158 0 0
-0.2052213 0.1237456 -0.1415764 0.1494495 1.216886 -0.221469 0.1592383 1.189136 0 0
-0.1924663 0.09575697 -0.1328551 0.1127955 1.205108 -0.2010617 0.1329184 1.195073 0 0
-0.1887146 0.07197192 -0.1417278 0.104259 1.212369 -0.2233187 0.1050135 1.2032 0 0
-0.1887475 0.05974933 -0.1437829 0.08909473 1.222901 -0.2145851 0.09939255 1.209333 0 0
-0.1898768 0.06144736 -0.1417268 0.08149561 1.225908 -0.2137446 0.1043478 1.21264 0 0
-0.1940324 0.07119225 -0.1340108 0.083152 1.228379 -0.2188485 0.1176207 1.212417 0 0
-0.1993645 0.08838883 -0.1360159 0.1186533 1.211782 -0.2273645 0.1296659 1.2248 0 0
-0.2184755 0.1130859 -0.1614349 0.1530409 1.20675 -0.2337625 0.1524478 1.235875 0 0
-0.2501367 0.1303327 -0.1953677 0.1785906 1.185834 -0.2663993 0.1694105 1.210214 0 0
-0.2818363 0.140981 -0.2265361 0.1898098 1.168467 -0.3044325 0.1809276 1.193444 0 0
-0.3121572 0.1491442 -0.2691602 0.1991069 1.146298 -0.3427454 0.1872805 1.177546 0 0
-0.3470096 0.1520249 -0.3269853 0.205871 1.122648 -0.3821538 0.1767107 1.1592 0 0
-0.3714513 0.1512794 -0.359557 0.2061516 1.102334 -0.4191853 0.1542178 1.144429 0 0
-0.3935245 0.1621272 -0.401016 0.217133 1.083529 -0.4350074 0.1308727 1.098959 0 0
-0.3975098 0.1629126 -0.4127838 0.2214847 1.086116 -0.4435176 0.1307221 1.113263 0 0
-0.3847083 0.1650595 -0.406984 0.2212953 1.094585 -0.4025401 0.1329964 1.09126 0 0
-0.3612164 0.1710659 -0.3615249 0.2280243 1.115707 -0.3979419 0.1993308 1.158231 0 0
-0.3327757 0.17087 -0.3287273 0.2267332 1.127646 -0.3567229 0.1815246 1.109975 0 0
-0.309505 0.16825 -0.2996115 0.2268222 1.158916 -0.3312142 0.1991256 1.137771 0 0
-0.2907804 0.1663045 -0.2803122 0.2243083 1.184062 -0.3244855 0.177913 1.168357 0 0
-0.2543718 0.1874598 -0.2056525 0.2409095 1.223945 -0.2896634 0.2178963 1.189044 0 0
-0.2579884 0.1838642 -0.2107189 0.2293459 1.233595 -0.2871163 0.2193575 1.2002 0 0
-0.2610492 0.1908369 -0.2104298 0.2447489 1.223757 -0.2925008 0.2199235 1.188314 0 0
-0.2898683 0.1802728 -0.2457879 0.2331236 1.211956 -0.3326642 0.1937003 1.175591 0 0
-0.3153713 0.1856652 -0.2746622 0.2401178 1.189245 -0.3426601 0.2189107 1.180625 0 0
-0.3532807 0.1939436 -0.331847 0.2513371 1.167496 -0.3925369 0.2116462 1.187875 0 0
-0.3796555 0.203325 -0.3695668 0.2601065 1.152171 -0.4196306 0.2204914 1.1838 0 0
-0.3998489 0.2118315 -0.4036652 0.2708116 1.141143 -0.4406262 0.2162229 1.179333 0 0
-0.3993876 0.213094 -0.4069991 0.2720258 1.143192 -0.4337462 0.1920262 1.136693 0 0
-0.3838024 0.211551 -0.3867965 0.2733176 1.153504 -0.4149347 0.2066828 1.117944 0 0
-0.3621934 0.2078123 -0.3530316 0.2720927 1.178117 -0.4027703 0.2146895 1.214833 0 0
-0.3426305 0.2027395 -0.3366565 0.264062 1.189011 -0.3693768 0.2179565 1.157155 0 0
-0.3305276 0.1989265 -0.3314418 0.2543565 1.194347 -0.3605249 0.2134995 1.173023 0 0
-0.3269529 0.1998684 -0.3159459 0.2582871 1.203654 -0.3554483 0.2213465 1.171262 0 0
-0.3308954 0.2035488 -0.2912331 0.2613373 1.193731 -0.3682358 0.2147119 1.159146 0 0
-0.3523725 0.1914672 -0.3302726 0.249755 1.172304 -0.3797996 0.2021286 1.128884 0 0
-0.3721015 0.1852951 -0.3587815 0.2411887 1.149348 -0.3926689 0.2052749 1.1086 0 0
-0.382562 0.1823595 -0.3795498 0.2398221 1.143123 -0.4217885 0.1656923 1.133243 0 0
-0.3765091 0.1837662 -0.377227 0.2412022 1.147634 -0.3967612 0.1662802 1.115973 0 0
-0.3591669 0.1808629 -0.3518426 0.2433718 1.160787 -0.3857027 0.1890994 1.119839 0 0
-0.3352424 0.1781145 -0.3283162 0.2332098 1.177953 -0.3625362 0.194048 1.147041 0 0
-0.3247882 0.1744798 -0.3231532 0.2345864 1.187033 -0.3487653 0.1982905 1.1645 0 0
-0.3207254 0.1732827 -0.3217885 0.2336167 1.186994 -0.3482044 0.1938274 1.170579 0 0
-0.3235743 0.1777849 -0.3071182 0.2341013 1.196442 -0.3436562 0.2064806 1.15649 0 0
-0.3329513 0.182671 -0.2832495 0.2380205 1.187346 -0.3584346 0.1987185 1.139941 0 0
-0.3612508 0.1849834 -0.3404355 0.2418133 1.165887 -0.3925992 0.1942136 1.131833 0 0
-0.3850048 0.1856299 -0.3733787 0.2422335 1.154729 -0.4252975 0.1753882 1.13652 0 0
-0.3994168 0.185773 -0.4005247 0.2455687 1.151001 -0.4389802 0.1650483 1.147542 0 0
-0.400776 0.1914833 -0.409599 0.2536679 1.15475 -0.4225292 0.1775039 1.122838 0 0
-0.386542 0.1960649 -0.4013726 0.2551482 1.161236 -0.4163405 0.1980211 1.124048 0 0
-0.3642298 0.1961782 -0.3723901 0.2530544 1.174868 -0.4141071 0.1835266 1.215 0 0
-0.3373762 0.1998592 -0.3334931 0.2595398 1.193373 -0.363795 0.2182512 1.159909 0 0
-0.3232512 0.1943673 -0.3208088 0.2540182 1.194593 -0.3461213 0.2171324 1.171756 0 0
-0.3185001 0.189341 -0.3182545 0.2482227 1.191521 -0.3601053 0.1881446 1.190909 0 0
-0.3202999 0.189748 -0.2937481 0.2436207 1.203399 -0.358645 0.2034153 1.173619 0 0
-0.333198 0.1926556 -0.3047553 0.2476254 1.178584 -0.3731891 0.2096829 1.146133 0 0
-0.3575362 0.2012168 -0.3467131 0.2553717 1.149713 -0.3980238 0.1962608 1.1254 0 0
-0.3726263 0.1985064 -0.3674159 0.2556784 1.133375 -0.4104481 0.1791283 1.109357 0 0
-0.3736444 0.1983239 -0.3743097 0.2575994 1.127375 -0.4130828 0.1754615 1.111524 0 0
-0.356277 0.2034096 -0.3639614 0.2619792 1.130123 -0.3920487 0.1873088 1.111 0 0
-0.3239315 0.2045632 -0.3173171 0.2644429 1.143878 -0.3491884 0.2145045 1.098629 0 0
-0.2956173 0.2037002 -0.2872783 0.2605618 1.147803 -0.3226158 0.2173837 1.127536 0 0
-0.280976 0.1918156 -0.2733349 0.2510536 1.164294 -0.3016917 0.217865 1.144932 0 0
-0.2734283 0.1893834 -0.2659477 0.2500909 1.169911 -0.3051221 0.2010202 1.159946 0 0
-0.2729716 0.1910564 -0.2646599 0.2461936 1.166063 -0.2936368 0.2189046 1.139909 0 0
-0.2787951 0.1975385 -0.2407061 0.2533416 1.178307 -0.3229263 0.2117171 1.1426 0 0
-0.2976414 0.198947 -0.271857 0.2554502 1.152297 -0.3279955 0.2001202 1.104211 0 0
-0.3160118 0.1922405 -0.3042247 0.249704 1.133861 -0.3487631 0.181831 1.0954 0 0
-0.320766 0.1888929 -0.3171915 0.2487002 1.127931 -0.3592139 0.1704739 1.104105 0 0
-0.3114032 0.190878 -0.3171108 0.2491225 1.131778 -0.34987 0.1794153 1.103056 0 0
-0.2874799 0.1920989 -0.2875918 0.2509515 1.141591 -0.3287941 0.1828821 1.131055 0 0
-0.2614568 0.1894077 -0.2524669 0.2465686 1.147328 -0.2896108 0.2122207 1.116213 0 0
-0.2437579 0.1844186 -0.2477318 0.2425783 1.144384 -0.2703138 0.2133774 1.13537 0 0
-0.2381735 0.180398 -0.2465647 0.2417217 1.149737 -0.2744095 0.199987 1.156222 0 0
-0.2428247 0.1819945 -0.2072227 0.2417822 1.165983 -0.2812022 0.2029447 1.146968 0 0
-0.266334 0.1844676 -0.2358646 0.2390668 1.137041 -0.3001165 0.2171897 1.156125 0 0
-0.2950828 0.1899877 -0.2804678 0.246199 1.111919 -0.3335839 0.1995137 1.132 0 0
-0.3100794 0.1860786 -0.3005049 0.2461119 1.102877 -0.3522635 0.1857867 1.127474 0 0
-0.3036807 0.1872949 -0.3007867 0.2470304 1.107053 -0.342667 0.1940366 1.132098 0 0
-0.2820056 0.1849055 -0.2779043 0.2494005 1.11606 -0.31557 0.2098459 1.136583 0 0
-0.2591516 0.1737906 -0.2569543 0.2303632 1.116836 -0.2903149 0.1979566 1.159 0 0
-0.2463972 0.1627056 -0.2511694 0.2230761 1.129096 -0.2871803 0.1663059 1.140522 0 0
-0.2420784 0.1609532 -0.2356153 0.2174105 1.140988 -0.2826369 0.1726146 1.138933 0 0
-0.2465493 0.1650238 -0.2146156 0.2208375 1.142189 -0.291617 0.1841773 1.130333 0 0
-0.2641488 0.1733037 -0.2300136 0.2266962 1.121662 -0.3008781 0.1868976 1.08836 0 0
-0.2975495 0.1944874 -0.2840116 0.2522027 1.100234 -0.3330378 0.209662 1.124444 0 0
-0.3168967 0.1951035 -0.3087606 0.2552702 1.090852 -0.3556692 0.1919209 1.108083 0 0
-0.318262 0.2007529 -0.3153641 0.2617263 1.094293 -0.3597081 0.1947411 1.108964 0 0
-0.3006966 0.2029815 -0.2965655 0.2630441 1.100882 -0.3399927 0.2018212 1.11525 0 0
-0.2742016 0.2095406 -0.2580719 0.2677991 1.109178 -0.3120323 0.216311 1.122 0 0
-0.2555688 0.1924271 -0.2526055 0.2499574 1.121447 -0.3026487 0.2001412 1.13375 0 0
-0.2440104 0.1842624 -0.2481321 0.2464523 1.126893 -0.2857637 0.188977 1.130591 0 0
-0.2370999 0.1774724 -0.2451908 0.23873 1.129097 -0.2739145 0.1917927 1.119355 0 0
-0.2343615 0.1756785 -0.225561 0.2356943 1.12894 -0.2795333 0.1815634 1.137667 0 0
-0.2313676 0.1760487 -0.2011733 0.2324165 1.117823 -0.2707904 0.1880916 1.124839 0 0
-0.2301495 0.1660648 -0.2056446 0.2195148 1.095908 -0.261979 0.1888503 1.12364 0 0
-0.2315985 0.1454641 -0.2123866 0.1961054 1.070562 -0.2602777 0.172773 1.116107 0 0
-0.232787 0.1268423 -0.2177665 0.1717314 1.058186 -0.2662612 0.157076 1.105786 0 0
-0.2390345 0.1013859 -0.223225 0.1437401 1.043928 -0.2774725 0.1218112 1.098294 0 0
-0.247302 0.08107825 -0.2337109 0.119756 1.03157 -0.2847139 0.09831487 1.080381 0 0
-0.2597486 0.05998234 -0.2462313 0.09523652 1.020191 -0.265871 0.09253821 1.005445 0 0
-0.2702258 0.04567579 -0.2620657 0.07457523 1.011276 -0.2762021 0.1073119 1.0615 0 0
-0.2806691 0.03693653 -0.2788505 0.05754068 1.004267 -0.2765982 0.09123875 1.051615 0 0
-0.2908948 0.02750002 -0.2918854 0.04009017 0.9966601 -0.2930445 0.07909589 1.035583 0 0
-0.3057365 0.02534904 -0.3097847 0.02770706 0.9924974 -0.2965408 0.06417533 1.016273 0 0
-0.3173258 0.01706007 -0.314963 0.02139235 0.9931965 -0.3075153 0.05324724 1.013818 0 0
-0.3255203 0.009167166 -0.3199699 0.0224395 0.9951527 -0.3162054 0.04079759 1.008267 0 0
-0.3298185 -0.0009625519 -0.3244338 0.01049158 0.9891325 -0.3517443 -0.003684642 0.9968333 0 0
-0.3318439 -0.009617505 -0.3307876 -0.005370436 0.983977 -0.3560807 -0.01447578 0.9933636 0 0
-0.3323834 -0.01913193 -0.3280956 -0.0113888 0.9787071 -0.357101 -0.02754148 0.987625 0 0
-0.3321413 -0.02968773 -0.3297182 -0.0242584 0.9740929 -0.3231156 0.009098127 0.9874375 0 0
-0.3220877 -0.04596977 -0.325444 -0.04114984 0.9701849 -0.2933484 -0.0335342 0.982892 0 0
-0.3161386 -0.05419927 -0.3180069 -0.04984517 0.9657416 -0.2840271 -0.04876213 0.9780465 0 0
-0.3101219 -0.06216204 -0.3095373 -0.05783099 0.9604152 -0.2747723 -0.0524988 0.9771162 0 0
-0.3841287 0.002353628 -0.3199663 -0.01328391 0.9788899 -0.2864684 -0.04160751 0.972643 0 0
-0.3841605 0.009479601 -0.4051394 0.05042393 0.9909796 -0.3904293 -0.0401515 0.9734364 0 0
-0.3856773 0.03672797 -0.405893 0.07003438 0.9700603 -0.3981584 -0.002547437 0.9541668 0 0
-0.3556127 -0.03485357 -0.3656646 -0.0625415 0.944595 -0.282973 -0.07079762 0.9655483 0 0
-0.2789591 -0.1058399 -0.2524475 -0.1092171 0.9093946 -0.2422152 -0.05823226 0.9231599 0 0
-0.2623079 -0.1148698 -0.2476992 -0.130103 0.8994367 -0.2366411 -0.06793235 0.9102142 0 0
-0.2571742 -0.1225846 -0.2423436 -0.1455142 0.8847325 -0.2311021 -0.07733265 0.8937038 0 0
-0.2561938 -0.1306524 -0.2428617 -0.1508415 0.86998 -0.2284591 -0.08539957 0.8803793 0 0
-0.2555805 -0.1372982 -0.2448619 -0.1568505 0.853788 -0.229266 -0.09292471 0.865375 0 0
-0.2565807 -0.1433381 -0.2454299 -0.1627021 0.8400425 -0.2299521 -0.1009864 0.85575 0 0
-0.2580996 -0.1510988 -0.2469494 -0.1697727 0.8288931 -0.2288731 -0.1093123 0.8406 0 0
-0.2594841 -0.1611535 -0.2502703 -0.1819466 0.8163509 -0.2281327 -0.1194318 0.8307777 0 0
-0.2606884 -0.1727933 -0.2509052 -0.1924857 0.8078523 -0.229004 -0.1317091 0.8204286 0 0
-0.259841 -0.1877706 -0.2513513 -0.2069793 0.8044448 -0.2458645 -0.161415 0.8081111 0 0
-0.2530954 -0.2270607 -0.2448027 -0.2647695 0.847027 -0.2264319 -0.1970225 0.8167599 0 0
-0.2455619 -0.2514376 -0.2420738 -0.255973 0.8484029 -0.2310428 -0.2325637 0.8021667 0 0
-0.2709952 -0.2434761 -0.2744429 -0.2816753 0.8832794 -0.2266653 -0.2340878