-0.2805602 -0.1897729 -0.2581533 -0.2171545 0.9935725 -0.2765861 -0.1391116 1.043143 0 0
-0.2809522 -0.1898519 -0.2579784 -0.2217981 0.9952036 -0.2479686 -0.152176 1.043767 0 0
-0.2817069 -0.1904808 -0.2583606 -0.2196962 0.9983081 -0.2831177 -0.1382476 1.043167 0 0
-0.2883326 -0.1951633 -0.2584889 -0.2239807 0.9995906 -0.2722918 -0.1417103 1.042895 0 0
-0.2866026 -0.1951666 -0.2568307 -0.2239239 0.9978585 -0.2886687 -0.138982 1.038889 0 0
-0.2852235 -0.1945898 -0.2552159 -0.2206653 0.9968846 -0.285321 -0.1393107 1.039159 0 0
-0.2842547 -0.193969 -0.257011 -0.2256826 0.9985479 -0.2833517 -0.139535 1.039467 0 0
-0.283633 -0.1936553 -0.2558628 -0.2279281 0.9992653 -0.2676449 -0.1421634 1.042263 0 0
-0.2837079 -0.1926133 -0.2550876 -0.2281067 0.9974142 -0.2833736 -0.1400472 1.036926 0 0
-0.2828588 -0.1934136 -0.252959 -0.2218146 0.9932505 -0.2816127 -0.139101 1.039551 0 0
-0.2810478 -0.1928884 -0.2571571 -0.2294954 0.9976465 -0.2797352 -0.1395585 1.041126 0 0
-0.2832304 -0.1941983 -0.2530654 -0.2223186 0.9941556 -0.2825892 -0.1393466 1.038445 0 0
-0.2821091 -0.1927336 -0.2542503 -0.2229174 0.9940383 -0.2671417 -0.1444838 1.037296 0 0
-0.2823597 -0.191853 -0.2549908 -0.2227854 0.9928334 -0.2738009 -0.1411917 1.040425 0 0
-0.2823517 -0.192185 -0.2559778 -0.2253773 0.9904479 -0.2798092 -0.1400943 1.038848 0 0
-0.2827955 -0.1930948 -0.2567446 -0.2278757 0.9933878 -0.290241 -0.1445716 1.027071 0 0
-0.2830547 -0.1936493 -0.2551455 -0.2239116 0.9905772 -0.2811688 -0.14138 1.03548 0 0
-0.2827168 -0.1947586 -0.2550186 -0.2249772 0.990128 -0.2810065 -0.1422262 1.034946 0 0
-0.2828704 -0.1950988 -0.2554316 -0.2274457 0.9911015 -0.2751389 -0.1420942 1.034758 0 0
-0.2818265 -0.1955424 -0.2555831 -0.2304011 0.9910026 -0.2802892 -0.1424001 1.033764 0 0
-0.2826679 -0.1965971 -0.2532803 -0.2279192 0.9877611 -0.2781477 -0.1426316 1.034567 0 0
-0.2821876 -0.1961075 -0.2542586 -0.2306865 0.9920073 -0.2762061 -0.1434108 1.034944 0 0
-0.2814486 -0.1968397 -0.2543198 -0.2339671 0.9922996 -0.2685657 -0.1463515 1.03725 0 0
-0.282195 -0.199457 -0.2516778 -0.2340243 0.9925068 -0.2733302 -0.1464968 1.033803 0 0
-0.2829717 -0.201585 -0.2501878 -0.2323386 0.9922646 -0.2576503 -0.1520208 1.041791 0 0
-0.282621 -0.2009087 -0.253567 -0.239679 0.9953539 -0.269953 -0.1486913 1.035803 0 0
-0.2819248 -0.2008007 -0.2509213 -0.2340127 0.9932392 -0.2724082 -0.1504556 1.0323 0 0
-0.2802538 -0.2025402 -0.2526113 -0.2372825 0.9952112 -0.2667573 -0.1504545 1.036636 0 0
-0.280947 -0.2019523 -0.2520083 -0.235168 0.9927857 -0.2738221 -0.1519134 1.032694 0 0
-0.2807682 -0.2022629 -0.2528031 -0.2363441 0.9929941 -0.2514128 -0.1578387 1.042158 0 0
-0.2812867 -0.2022302 -0.2527238 -0.236271 0.9927086 -0.2512331 -0.155994 1.048887 0 0
-0.2808011 -0.2020263 -0.2532646 -0.2363875 0.9919145 -0.2549434 -0.155608 1.04493 0 0
-0.2807373 -0.202097 -0.252713 -0.2358742 0.9897607 -0.248975 -0.1598367 1.044843 0 0
-0.2808051 -0.2023398 -0.2532476 -0.2358801 0.9902405 -0.2536526 -0.1581647 1.044119 0 0
-0.280223 -0.2023394 -0.2558522 -0.2389705 0.9922858 -0.2493862 -0.1671495 1.029979 0 0
-0.2803923 -0.2015562 -0.2580354 -0.2424149 0.9931309 -0.2491464 -0.1654994 1.036233 0 0
-0.280075 -0.2019484 -0.2557988 -0.240407 0.9935387 -0.2401925 -0.1728948 1.038712 0 0
-0.2800415 -0.2013947 -0.2575692 -0.2448451 0.9952745 -0.2495013 -0.1660692 1.035548 0 0
-0.279384 -0.2005192 -0.2573434 -0.244627 0.9943996 -0.2421208 -0.1725124 1.033123 0 0
-0.2795544 -0.2008639 -0.2546872 -0.2429335 0.9931055 -0.2411973 -0.1721037 1.037992 0 0
-0.2789339 -0.2004796 -0.2531081 -0.2416862 0.991263 -0.2416647 -0.1697257 1.039588 0 0
-0.2779236 -0.2004362 -0.2518707 -0.2401406 0.990517 -0.2529975 -0.1613143 1.038641 0 0
-0.2780816 -0.2018934 -0.2517236 -0.2403722 0.9922357 -0.3102016 -0.2384729 1.088706 0 0
-0.2773852 -0.2017549 -0.2522081 -0.2415305 0.9921957 -0.3041373 -0.2440596 1.09428 0 0
-0.277786 -0.2018999 -0.2508976 -0.2422437 0.9928589 -0.3093079 -0.2395259 1.089494 0 0
-0.2764594 -0.1992415 -0.2483891 -0.2406125 0.9922249 -0.2919647 -0.2514907 1.102889 0 0
-0.2759729 -0.1994481 -0.2443275 -0.2365777 0.9892424 -0.2901793 -0.2510316 1.105091 0 0
-0.275494 -0.19965 -0.2431508 -0.2365327 0.9891816 -0.2942911 -0.2514679 1.099706 0 0
-0.2739482 -0.2002131 -0.2429556 -0.2384163 0.9890103 -0.2981613 -0.2541285 1.092698 0 0
-0.2715124 -0.1972374 -0.238771 -0.2354269 0.9873842 -0.2439383 -0.2426531 0.99125 0 0
-0.2698321 -0.1967395 -0.2392597 -0.2357752 0.9906958 -0.29526 -0.2512361 1.093429 0 0
-0.2684883 -0.1951524 -0.2377196 -0.2345018 0.9898046 -0.2552721 -0.2486379 1.0111 0 0
-0.2674588 -0.1935285 -0.2357129 -0.231204 0.9887621 -0.2895964 -0.2405852 1.118546 0 0
-0.2650613 -0.1901074 -0.2310621 -0.2258033 0.9884064 -0.2476116 -0.2422865 0.9936 0 0
-0.2623197 -0.1884115 -0.2331947 -0.2232819 0.988207 -0.2520918 -0.2409381 1.000016 0 0
-0.2611266 -0.1796651 -0.228639 -0.2112467 0.9835643 -0.2459737 -0.2312935 0.9995714 0 0
-0.2588826 -0.1740293 -0.2312565 -0.2082061 0.9836936 -0.2590767 -0.127359 1.030893 0 0
-0.2612077 -0.1710497 -0.2343178 -0.2029381 0.9809296 -0.2607118 -0.1248692 1.030441 0 0
-0.259648 -0.1629709 -0.2390798 -0.1983147 0.9778057 -0.2643818 -0.117682 1.025552 0 0
-0.2631401 -0.1566361 -0.2437324 -0.189499 0.976611 -0.2789856 -0.1125187 1.02225 0 0
-0.2693253 -0.1517948 -0.2517439 -0.1860996 0.9751707 -0.2880528 -0.1056087 1.023261 0 0
-0.2763731 -0.146832 -0.2565894 -0.1791279 0.9719906 -0.2952359 -0.09959384 1.023652 0 0
-0.279725 -0.1400618 -0.263676 -0.1726102 0.9738348 -0.3093993 -0.09730998 1.0065 0 0
-0.2847691 -0.1334717 -0.2684671 -0.159483 0.9710919 -0.316952 -0.08915634 1.019867 0 0
-0.2893387 -0.1230979 -0.2759188 -0.1504705 0.9697973 -0.3262714 -0.08489347 1.02295 0 0
-0.2931828 -0.1150991 -0.2816906 -0.1358037 0.9640819 -0.3383391 -0.08079052 1.021125 0 0
-0.2988007 -0.1074875 -0.2868222 -0.1307522 0.9673266 -0.3403321 -0.07458563 1.024389 0 0
-0.3028054 -0.09867352 -0.2936888 -0.1161092 0.9627833 -0.3529777 -0.073999 1.012 0 0
-0.3053524 -0.09192586 -0.2983008 -0.1095662 0.9620607 -0.3566816 -0.06990223 1.0112 0 0
-0.3066846 -0.08671366 -0.3013099 -0.09766094 0.9649683 -0.3578015 -0.0659642 1.032474 0 0
-0.3067102 -0.08081612 -0.2993624 -0.08804379 0.9616371 -0.3590388 -0.06257159 1.025867 0 0
-0.3061456 -0.07606503 -0.2979751 -0.08503257 0.9641926 -0.3560248 -0.05771827 1.029625 0 0
-0.3037185 -0.06961995 -0.2947499 -0.07185607 0.964025 -0.3549781 -0.05338632 1.020385 0 0
-0.3099442 -0.07925013 -0.2881815 -0.0680944 0.9625848 -0.3655314 -0.1689596 1.069083 0 0
-0.3009128 -0.06819582 -0.2798491 -0.05992614 0.9642767 -0.3426234 -0.04249991 1.024667 0 0
-0.2859128 -0.05715495 -0.2709975 -0.05830359 0.9629839 -0.3372239 -0.0410521 1.024489 0 0
-0.2794816 -0.05595457 -0.2595486 -0.0608403 0.9609538 -0.3218123 -0.03624924 1.024667 0 0
-0.2770613 -0.05440551 -0.2507657 -0.05826587 0.9617698 -0.3210723 -0.03261355 1.027067 0 0
-0.2704834 -0.05510253 -0.2398223 -0.0651304 0.9596294 -0.3113019 -0.02752809 1.018417 0 0
-0.2653745 -0.05898206 -0.2284125 -0.06581649 0.9570772 -0.298173 -0.02580965 1.022167 0 0
-0.2602288 -0.06136223 -0.2201537 -0.07271182 0.9583456 -0.2863496 -0.02494108 1.03 0 0
-0.2535082 -0.06583438 -0.2158817 -0.08698182 0.9601443 -0.2765571 -0.02414787 1.018 0 0
-0.2366417 -0.08642185 -0.2024033 -0.1147405 0.9642565 -0.2503697 -0.04112671 1.0158 0 0
-0.2336831 -0.09570722 -0.1973795 -0.1200284 0.9616504 -0.2469824 -0.04672709 1.0175 0 0
-0.2315524 -0.1038288 -0.1999498 -0.1342664 0.9586523 -0.2405607 -0.05356606 1.009778 0 0
-0.2296378 -0.1132173 -0.2047278 -0.1480709 0.964469 -0.2337812 -0.06180202 1.011364 0 0
-0.2289302 -0.1209498 -0.2042014 -0.1557199 0.963273 -0.2302996 -0.06777021 1.0095 0 0
-0.2279152 -0.1282144 -0.2036403 -0.161759 0.964764 -0.2262859 -0.07299138 1.008444 0 0
-0.2281096 -0.1325957 -0.2056692 -0.1672446 0.9685638 -0.2240517 -0.07745693 1.010182 0 0
-0.2281297 -0.1363758 -0.2084264 -0.1738826 0.9653276 -0.2233119 -0.08075199 1.006111 0 0
-0.2298121 -0.1373535 -0.2040682 -0.1705842 0.9664687 -0.2233331 -0.08209705 1.0103 0 0
-0.2299793 -0.1391964 -0.2082305 -0.1755931 0.9686561 -0.2224865 -0.08444571 1.000375 0 0
-0.2306819 -0.1407711 -0.2046085 -0.1738456 0.9677849 -0.2238004 -0.08373395 1.0081 0 0
-0.2300173 -0.1406684 -0.2066618 -0.1757344 0.9669294 -0.2239652 -0.08438995 1.006993 0 0
-0.2301439 -0.1412597 -0.2019164 -0.1725834 0.9645792 -0.2222795 -0.08507126 1.005472 0 0
-0.2291586 -0.1417803 -0.2098636 -0.1795316 0.9648114 -0.2213174 -0.08673197 1.003556 0 0
-0.2286145 -0.1408912 -0.2033384 -0.1740855 0.9636383 -0.2200374 -0.0853661 1.002343 0 0
-0.229054 -0.1407742 -0.2094688 -0.1802796 0.9645438 -0.2212283 -0.08495605 1.002599 0 0
-0.2286263 -0.1413476 -0.2081844 -0.179868 0.9647148 -0.2207213 -0.08639489 1.000076 0 0
-0.2284114 -0.1424276 -0.2039137 -0.1769493 0.963147 -0.2214227 -0.08497772 1.003765 0 0
-0.2286853 -0.1432409 -0.2035398 -0.1766196 0.9613135 -0.2194915 -0.08765709 0.999674 0 0
-0.2290061 -0.1445515 -0.2049127 -0.1783439 0.961323 -0.2183602 -0.08910573 0.9981071 0 0
-0.2287901 -0.1445591 -0.2068733 -0.181204 0.9626747 -0.2190769 -0.09068587 0.994125 0 0
-0.2289806 -0.1448138 -0.2067517 -0.181097 0.9620593 -0.2206678 -0.08689435 1.00039 0 0
-0.2289334 -0.1442421 -0.2087364 -0.1822605 0.961288 -0.2189983 -0.09027899 0.9936419 0 0
-0.2287211 -0.1441077 -0.207098 -0.1799253 0.9617146 -0.2203839 -0.08723363 0.999142 0 0
-0.2287937 -0.1439203 -0.2088322 -0.182351 0.9617881 -0.2203931 -0.08723585 0.9991741 0 0
-0.2292614 -0.1432026 -0.2082347 -0.18127 0.9603892 -0.2201777 -0.08738345 0.9985558 0 0
-0.2288991 -0.143064 -0.2070941 -0.1795469 0.9616439 -0.2194804 -0.08832178 0.9951352 0 0
-0.2286291 -0.1425279 -0.2050969 -0.1776871 0.959838 -0.2191539 -0.08754782 0.9939921 0 0
-0.2284147 -0.1421692 -0.2052579 -0.1778277 0.9606073 -0.2189085 -0.08753695 0.992982 0 0
-0.2285688 -0.1408363 -0.2016657 -0.1735144 0.9586559 -0.2196203 -0.08715032 0.9978285 0 0
-0.2284039 -0.1423998 -0.205161 -0.1777425 0.9601458 -0.2193394 -0.08748108 0.9946923 0 0
-0.2285527 -0.1426935 -0.2065098 -0.1786196 0.9607179 -0.2201322 -0.08701237 0.9975842 0 0
-0.2286684 -0.1429494 -0.2050061 -0.1776107 0.9594534 -0.2190896 -0.08749354 0.9936895 0 0
-0.2286016 -0.1427001 -0.206387 -0.1781632 0.9602958 -0.2184217 -0.08757116 0.9933366 0 0
-0.2287647 -0.1429232 -0.2108126 -0.1812718 0.9591996 -0.2192711 -0.08746589 0.9945146 0 0
-0.2288494 -0.1424918 -0.2108758 -0.1813288 0.9594723 -0.2196217 -0.08712541 0.9946177 0 0
-0.2290043 -0.1421515 -0.2096033 -0.1797078 0.9592896 -0.2196664 -0.08725753 0.9959664 0 0
-0.2288795 -0.1421474 -0.2067165 -0.1767383 0.9572181 -0.2193365 -0.08726464 0.9946282 0 0
-0.2288693 -0.1417743 -0.2110253 -0.1798616 0.9582012 -0.2195867 -0.08726549 0.9956555 0 0
-0.2286062 -0.1421295 -0.2106136 -0.1799211 0.958293 -0.2193101 -0.08726624 0.9945178 0 0
-0.2282377 -0.1414783 -0.2109629 -0.1793376 0.9576565 -0.2193781 -0.08727139 0.9948034 0 0
-0.2285692 -0.1411619 -0.2110558 -0.1794178 0.9581112 -0.2194806 -0.08727205 0.9952233 0 0
-0.228679 -0.1407212 -0.2109275 -0.1793116 0.9575657 -0.2197948 -0.08718626 0.9959006 0 0
-0.2287008 -0.1407255 -0.2123155 -0.1802315 0.9596986 -0.2189591 -0.08682976 0.9945019 0 0
-0.2292811 -0.1408134 -0.2096509 -0.1775738 0.9594609 -0.2193213 -0.08705777 0.9931389 0 0
-0.2290843 -0.1402439 -0.2099284 -0.177535 0.9593921 -0.2190024 -0.08744395 0.9933872 0 0
-0.2290542 -0.1402666 -0.2096996 -0.1774511 0.9606738 -0.2194823 -0.08650994 0.9940829 0 0
-0.2283672 -0.1385723 -0.2079867 -0.1746642 0.9577199 -0.2194428 -0.08686864 0.9950033 0 0
-0.2278706 -0.138655 -0.2084577 -0.1753653 0.9592186 -0.2193759 -0.08642457 0.9948579 0 0
-0.2280198 -0.1384007 -0.2084639 -0.1750678 0.9599699 -0.2198017 -0.08563428 0.9956331 0 0
-0.2280772 -0.1386611 -0.2062423 -0.1734305 0.9595364 -0.2197859 -0.08559176 0.9955304 0 0
-0.2282557 -0.1384847 -0.2089901 -0.1749349 0.959491 -0.219532 -0.08657703 0.9954193 0 0
-0.2278881 -0.1379033 -0.2106124 -0.1778727 0.9587072 -0.2201316 -0.08566707 0.9969776 0 0
-0.227806 -0.1378109 -0.2081303 -0.1759652 0.9598552 -0.2196271 -0.08611745 0.995761 0 0
-0.2276074 -0.1374933 -0.2084883 -0.176835 0.9600494 -0.219696 -0.08666654 0.9959422 0 0
-0.227111 -0.137391 -0.208573 -0.1769049 0.9604661 -0.2189433 -0.08860514 0.9785 0 0
-0.2283077 -0.1381714 -0.2093758 -0.177292 0.9652393 -0.2199771 -0.08540753 0.9980388 0 0
-0.2274473 -0.1373913 -0.2052023 -0.1730195 0.9605057 -0.2212535 -0.08518784 1.001 0 0
-0.227602 -0.1351079 -0.2013306 -0.1662229 0.9588805 -0.2226509 -0.08402134 0.9975775 0 0
-0.2285504 -0.1306343 -0.2078933 -0.1692013 0.9629638 -0.2278485 -0.07919043 1.000083 0 0
-0.2314853 -0.1239609 -0.2070784 -0.1615921 0.9656199 -0.2338358 -0.07391688 1.002583 0 0
-0.2362592 -0.1139053 -0.2017112 -0.1464554 0.9644087 -0.2441943 -0.06678804 1.002445 0 0
-0.2425928 -0.1021697 -0.2033402 -0.1299478 0.9655046 -0.2588888 -0.06169596 1.008 0 0
-0.2515649 -0.09120473 -0.205926 -0.1118896 0.9613403 -0.2741533 -0.05378629 1.011909 0 0
-0.2613767 -0.08315989 -0.2127231 -0.09930007 0.9579366 -0.2867565 -0.04962922 1.014 0 0
-0.2657388 -0.07405464 -0.2228331 -0.08345164 0.9500712 -0.2978655 -0.04265853 1.005111 0 0
-0.26844 -0.06913736 -0.2334803 -0.07924585 0.9432889 -0.3079426 -0.04181392 1.0069 0 0
-0.269578 -0.06908925 -0.2375503 -0.08051188 0.9462777 -0.3164173 -0.04225024 1.0045 0 0
-0.2700591 -0.07126762 -0.2493552 -0.07738736 0.9426953 -0.314038 -0.04881633 1.0232 0 0
-0.2696718 -0.07200758 -0.2522672 -0.08027121 0.9355075 -0.3164636 -0.05021609 1.019072 0 0
-0.270714 -0.07483278 -0.2597076 -0.0804676 0.9330835 -0.3192959 -0.05390016 1.019167 0 0
-0.274166 -0.07639032 -0.2623586 -0.08434705 0.9328957 -0.3223191 -0.05300169 1.011539 0 0
-0.2736322 -0.07766958 -0.2674778 -0.08512328 0.9304604 -0.3240959 -0.0534251 1.007625 0 0
-0.2743143 -0.08106089 -0.2718118 -0.08917191 0.9271371 -0.3236967 -0.05618727 1.009247 0 0
-0.2759023 -0.08433105 -0.2681676 -0.09950649 0.92585 -0.3245928 -0.05942615 1.005 0 0
-0.2764294 -0.08628895 -0.2726342 -0.1011137 0.929661 -0.3253799 -0.06246826 1.007222 0 0
-0.2874761 -0.08942836 -0.2737131 -0.1067952 0.9229366 -0.3397882 -0.06256914 0.9904615 0 0
-0.288546 -0.09111017 -0.2792337 -0.1004547 0.924594 -0.3418851 -0.06422225 0.9805715 0 0
-0.2899619 -0.09032342 -0.2745984 -0.1084732 0.9230979 -0.3378036 -0.06288239 0.9908442 0 0
-0.2888253 -0.09194832 -0.2801946 -0.1012359 0.9260914 -0.3373573 -0.06230811 0.991448 0 0
-0.2885359 -0.09141906 -0.2758627 -0.1058016 0.9217622 -0.3417564 -0.06338783 0.982375 0 0
-0.2880095 -0.09182095 -0.2740468 -0.1082999 0.9216699 -0.3389943 -0.06260878 0.9895457 0 0
-0.2862164 -0.091483 -0.2765369 -0.1047978 0.9239721 -0.33723 -0.06225286 0.9897971 0 0
-0.2868777 -0.08995817 -0.2751819 -0.1055112 0.9241012 -0.3383352 -0.06195125 0.9815516 0 0
-0.2833459 -0.09207914 -0.2764936 -0.102096 0.9238151 -0.3328343 -0.06073988 0.9880692 0 0
-0.2825 -0.09091607 -0.2740529 -0.1034299 0.9228207 -0.33357 -0.06063329 0.9869422 0 0
-0.2848117 -0.08862481 -0.2744172 -0.1033957 0.928798 -0.33576 -0.06097857 0.9893042 0 0
-0.2809807 -0.08762909 -0.2735001 -0.1000042 0.922112 -0.3300128 -0.05880523 1.000381 0 0
-0.2814086 -0.08700766 -0.2739144 -0.09942993 0.9272285 -0.3332224 -0.05980323 0.9933201 0 0
-0.2805397 -0.08679146 -0.272615 -0.09809081 0.9283068 -0.3314629 -0.05880615 0.9941616 0 0
-0.2793269 -0.08565868 -0.2710067 -0.09829202 0.9267951 -0.3281235 -0.05655943 0.9935662 0 0
-0.2795147 -0.08402185 -0.2726319 -0.0910198 0.9241286 -0.3264432 -0.0545537 1.000684 0 0
-0.2793849 -0.07988134 -0.2696821 -0.09204338 0.9259732 -0.327431 -0.05022306 0.9928161 0 0
-0.2790945 -0.07625642 -0.2700719 -0.08489424 0.9272911 -0.3286396 -0.04588282 0.9914616 0 0
-0.2749748 -0.07143663 -0.2663875 -0.08140423 0.9281657 -0.3332357 -0.04099564 0.988375 0 0
-0.2710402 -0.06580083 -0.2606846 -0.07661261 0.9311022 -0.3224624 -0.03629956 0.9954286 0 0
-0.2655019 -0.05859668 -0.2537781 -0.06960931 0.9317236 -0.3183022 -0.02747236 0.9835 0 0
-0.2574438 -0.04813448 -0.2418706 -0.05825723 0.9314144 -0.3042191 -0.0215017 1.009667 0 0
-0.2493289 -0.03624533 -0.2254202 -0.04217925 0.9346216 -0.2961532 -0.008175532 1.0045 0 0
-0.2350942 -0.02763102 -0.1996932 -0.0205141 0.9454247 -0.2728798 0.007796806 1.011714 0 0
-0.2140591 -0.01414086 -0.170794 0.006978319 0.9532523 -0.2434222 0.0174658 1.028455 0 0
-0.1861868 0.00250964 -0.1343048 0.02436573 0.9545739 -0.2189458 0.03894306 1.032083 0 0
-0.1569188 0.01664653 -0.1019357 0.0400758 0.9631203 -0.1875907 0.05889657 1.035889 0 0
-0.1279922 0.02231831 -0.0743522 0.05676345 0.9864783 -0.1407732 0.06863072 1.077333 0 0
-0.1056514 0.01579664 -0.04532607 0.04480933 0.9993426 -0.1323146 0.05750162 1.065063 0 0
-0.08459127 -0.005340604 -0.02017066 0.01355711 1.01627 -0.1021863 0.03408027 1.063333 0 0
-0.06630036 -0.03578975 -3.488419E-05 -0.02455056 1.025573 -0.07432216 0.005311607 1.059173 0 0
-0.05753222 -0.0781837 0.006146362 -0.08753348 1.008904 -0.05187983 -0.03162179 1.060563 0 0
-0.06753691 -0.1272834 -0.006104024 -0.1475167 0.9908963 -0.02522196 -0.101065 1.0622 0 0
-0.09918947 -0.1764821 -0.0439034 -0.2124921 0.9675939 -0.04622068 -0.1874535 1.07 0 0
-0.1488655 -0.2149742 -0.1111675 -0.2440338 1.000969 -0.1295337 -0.2934303 1.077333 0 0
-0.2146997 -0.2233913 -0.1919397 -0.2675125 1.008503 -0.2139094 -0.3143188 1.0942 0 0
-0.2548747 -0.2130311 -0.2461334 -0.2593448 0.9965343 -0.2999875 -0.2627263 1.085222 0 0
-0.2870882 -0.2015035 -0.285859 -0.2502321 0.9830477 -0.2834468 -0.2679096 1.099889 0 0
-0.3269959 -0.2262415 -0.3402023 -0.2685777 0.9684396 -0.3196233 -0.2869769 1.075419 0 0
-0.3091193 -0.1917008 -0.3286942 -0.2168181 0.986034 -0.3113931 -0.2503664 1.092051 0 0
-0.3108583 -0.1865167 -0.3308546 -0.2002375 0.9948386 -0.3226305 -0.2514208 1.08212 0 0
-0.3638906 -0.1788211 -0.3953806 -0.2058202 0.9594283 -0.4097506 -0.1557175 1.042542 0 0
-0.3597541 -0.1557707 -0.3941696 -0.176859 0.9601125 -0.3540803 -0.2149453 1.0687 0 0
-0.3587594 -0.1390781 -0.3942688 -0.1545422 0.9629604 -0.3742285 -0.1951192 1.051412 0 0
-0.3382576 -0.1052899 -0.3776646 -0.1198513 0.9569021 -0.3692587 -0.1535089 1.0238 0 0
-0.3166577 -0.07446778 -0.3542228 -0.08331449 0.9460216 -0.2966345 -0.09319011 0.9720652 0 0
-0.2831493 -0.04236715 -0.3210091 -0.04226033 0.9376985 -0.2774372 -0.0638385 0.9645869 0 0
-0.2644757 -0.01453352 -0.2874006 -0.006736033 0.9364365 -0.2514853 -0.03634571 0.9620644 0 0
-0.2339742 0.01161164 -0.2517809 0.02722546 0.9349266 -0.2283756 -0.009876062 0.9584193 0 0
-0.1968189 0.02551139 -0.2097151 0.05726939 0.9459673 -0.2147878 0.0156868 0.9456471 0 0
-0.1767626 0.04310032 -0.1775976 0.08225454 0.9480823 -0.1729904 0.03072589 0.9663914 0 0
-0.1561932 0.05769975 -0.1506359 0.08992822 0.9550762 -0.1515124 0.04025813 0.966 0 0
-0.1415606 0.06196212 -0.1269072 0.09353603 0.9653537 -0.1291447 0.04458879 0.974 0 0
-0.1334506 0.05635551 -0.1083521 0.0927124 0.9730675 -0.1124238 0.04202544 0.9827692 0 0
-0.1262525 0.0510866 -0.09375578 0.08816468 0.9809937 -0.1011515 0.03235523 0.9951112 0 0
-0.1209415 0.04763005 -0.08171397 0.08244312 0.9867259 -0.09271157 0.02933387 0.9948888 0 0
-0.1167024 0.0428981 -0.07353177 0.07490477 0.9893808 -0.08581704 0.02899131 0.9944547 0 0
-0.1131545 0.03677144 -0.06421647 0.06830648 0.9940742 -0.08643615 0.01560929 1.02219 0 0
-0.1096054 0.02940374 -0.05626292 0.06035768 0.9970871 -0.08278748 0.00873655 1.023667 0 0
-0.1056963 0.01890595 -0.0480518 0.04856085 1.001672 -0.08368164 -0.008554723 1.0295 0 0
-0.1027689 0.006294858 -0.04594438 0.02557927 0.995184 -0.1031485 0.05688449 1.044929 0 0
-0.1008158 -0.007964992 -0.03959168 0.008372427 0.9951912 -0.1016304 0.03932529 1.046944 0 0
-0.1004047 -0.02358471 -0.037533 -0.01241302 0.9888582 -0.0664681 0.00853471 1.0594 0 0
-0.1019015 -0.03932609 -0.04214865 -0.03760331 0.9861096 -0.09501222 0.006643488 1.045737 0 0
-0.1033218 -0.05448763 -0.04070503 -0.05659479 0.9873846 -0.09581371 -0.01046721 1.043 0 0
-0.105343 -0.06986204 -0.04139534 -0.07568895 0.9817779 -0.09618091 -0.02635912 1.03935 0 0
-0.1074419 -0.08642233 -0.04437151 -0.0935794 0.9821317 -0.1008025 -0.04002334 1.045563 0 0
-0.1120439 -0.1025284 -0.05155951 -0.1137376 0.9727983 -0.1073607 -0.05383883 1.050333 0 0
-0.115376 -0.1198886 -0.06009109 -0.1348331 0.9729865 -0.109228 -0.07442592 1.029947 0 0
-0.1228186 -0.1382826 -0.07289886 -0.1572936 0.9584989 -0.1154024 -0.0914831 1.026105 0 0
-0.1323201 -0.156641 -0.0748855 -0.1712973 0.9562157 -0.1300018 -0.1083635 1.022158 0 0
-0.1417375 -0.1756838 -0.1080039 -0.2007543 0.9551881 -0.1391512 -0.1278462 1.004118 0 0
-0.1633352 -0.1927413 -0.1287571 -0.2211241 0.9432586 -0.1550945 -0.1429884 0.9974706 0 0
-0.2056854 -0.2134186 -0.1856904 -0.251979 0.9462169 -0.1904352 -0.1698834 0.9665385 0 0
-0.2259947 -0.2217789 -0.2101312 -0.2613194 0.9472235 -0.2139497 -0.1790099 0.9592858 0 0
-0.2444216 -0.2250125 -0.2245833 -0.2630981 0.9382508 -0.2354783 -0.1873359 0.9517778 0 0
-0.2643228 -0.2272119 -0.2514777 -0.269854 0.9422444 -0.2569235 -0.1964499 0.9430834 0 0
-0.2820629 -0.227272 -0.2764739 -0.2757497 0.9418873 -0.2764798 -0.2018009 0.9505833 0 0
-0.3000377 -0.2293142 -0.296641 -0.2785381 0.9357314 -0.2994521 -0.2059948 0.9397143 0 0
-0.3184869 -0.2322024 -0.3195075 -0.284095 0.9353378 -0.3650311 -0.279656 1.0434 0 0
-0.3465889 -0.2332908 -0.3552923 -0.2899959 0.9267842 -0.3826573 -0.2848318 0.992 0 0
-0.3596166 -0.2352181 -0.372631 -0.294835 0.9210739 -0.3752871 -0.274653 0.9893572 0 0
-0.3724666 -0.2368942 -0.3862672 -0.2950868 0.9128112 -0.3744293 -0.2665917 0.9975001 0 0
-0.394452 -0.2380471 -0.4181831 -0.2986558 0.8962293 -0.3763305 -0.2519777 0.9944167 0 0
-0.4150881 -0.23626 -0.4494101 -0.296872 0.8603375 -0.3961522 -0.2483138 0.9686154 0 0
-0.4235595 -0.2337622 -0.4603101 -0.2913387 0.853549 -0.3991045 -0.2456495 0.9621667 0 0
-0.4275678 -0.2276451 -0.4650067 -0.2817775 0.8413824 -0.4062485 -0.2407408 0.9511666 0 0
-0.4295425 -0.2205662 -0.4645828 -0.270526 0.8260458 -0.4225865 -0.2492406 0.8556427 0 0
-0.4304842 -0.214489 -0.4652427 -0.2611934 0.8144073 -0.3835075 -0.212093 0.9184285 0 0
-0.4309722 -0.2079459 -0.4675802 -0.2540347 0.8061523 -0.4254219 -0.2393502 0.8367647 0 0
-0.42891 -0.2002239 -0.465666 -0.2445554 0.7958824 -0.4260439 -0.2385535 0.8350703 0 0
-0.4259537 -0.1930807 -0.4610178 -0.2345957 0.786386 -0.3774818 -0.1921013 0.8916429 0 0
-0.4221887 -0.1858413 -0.4558505 -0.2254023 0.7774966 -0.4172434 -0.2204943 0.8124814 0 0
-0.4173201 -0.1783881 -0.4495763 -0.2154893 0.7700949 -0.4109028 -0.2120004 0.8060001 0 0
-0.4121648 -0.1715716 -0.4422497 -0.2059931 0.7595801 -0.4009693 -0.1977727 0.7929534 0 0
-0.4076599 -0.1649843 -0.4347095 -0.1973674 0.75438 -0.4009168 -0.2000198 0.7892799 0 0
-0.4043981 -0.159342 -0.4294104 -0.1890525 0.7497064 -0.3911494 -0.1884666 0.7861515 0 0
-0.3994971 -0.1528456 -0.4228143 -0.181272 0.7456767 -0.3806476 -0.1746069 0.78208 0 0
-0.392257 -0.1467408 -0.4116269 -0.1683996 0.7390977 -0.3806291 -0.1786018 0.7801429 0 0
-0.3846453 -0.1402839 -0.4074887 -0.1638637 0.7401233 -0.3774933 -0.1734041 0.7770668 0 0
-0.3781958 -0.1368359 -0.3985942 -0.1581075 0.7370287 -0.3852308 -0.1780529 0.7833225 0 0
-0.3696482 -0.1336638 -0.3903819 -0.1557198 0.7347395 -0.3762007 -0.1715896 0.7469091 0 0
-0.3606396 -0.131202 -0.3798365 -0.1521215 0.7332345 -0.3565823 -0.1662295 0.779875 0 0
-0.3496239 -0.1279847 -0.3655506 -0.1465595 0.7315339 -0.3535382 -0.1686869 0.7543 0 0
-0.339033 -0.1262819 -0.3527009 -0.1411843 0.7307402 -0.3306655 -0.1600889 0.7583529 0 0
-0.3262289 -0.11962 -0.3394752 -0.1374042 0.7328062 -0.3174101 -0.1550793 0.7624615 0 0
-0.3143893 -0.1156489 -0.3227755 -0.1318963 0.7298359 -0.3061948 -0.154755 0.7555715 0 0
-0.3010865 -0.1107991 -0.3056914 -0.1253951 0.7333724 -0.2881147 -0.1474714 0.7561111 0 0
-0.28842 -0.1080614 -0.2936863 -0.1188263 0.7310831 -0.282058 -0.1504728 0.766625 0 0
-0.2752453 -0.1019506 -0.2750625 -0.1061634 0.7304451 -0.2685185 -0.1436612 0.763375 0 0
-0.2595471 -0.09436657 -0.2587743 -0.1061477 0.7316644 -0.2491726 -0.1340469 0.769125 0 0
-0.2422076 -0.08589377 -0.2392944 -0.09488337 0.739696 -0.2304134 -0.1256345 0.7802222 0 0
-0.2277456 -0.07563656 -0.2154143 -0.08372746 0.7547333 -0.2189525 -0.1184409 0.7785625 0 0
-0.2143501 -0.0687737 -0.1930362 -0.07149428 0.7714723 -0.2029316 -0.1131347 0.7941538 0 0
-0.2039062 -0.06279639 -0.1779368 -0.06738225 0.7787833 -0.1899398 -0.1043762 0.7963334 0 0
-0.1948398 -0.05981514 -0.1637171 -0.06257944 0.7918798 -0.1749717 -0.1021338 0.8113077 0 0
-0.1877647 -0.05640249 -0.151314 -0.05809333 0.8026885 -0.1648711 -0.09625239 0.8171818 0 0
-0.1805513 -0.05436181 -0.1378445 -0.05522909 0.8156962 -0.1684442 -0.09448382 0.849625 0 0
-0.1729362 -0.0534541 -0.1272125 -0.05502902 0.8212579 -0.1442035 -0.09151771 0.83075 0 0
-0.1641478 -0.05498111 -0.1149236 -0.05563727 0.8335552 -0.1433933 -0.09536875 0.8566999 0 0
-0.1558226 -0.05829854 -0.1042361 -0.0574785 0.8395759 -0.1222084 -0.09849413 0.8491428 0 0
-0.1474882 -0.06361147 -0.09160654 -0.06185201 0.8485953 -0.1364287 -0.1030558 0.8823125 0 0
-0.1384158 -0.07164743 -0.08064158 -0.07069052 0.8523881 -0.1248673 -0.1085878 0.8824 0 0
-0.1293209 -0.08366424 -0.06911589 -0.08443975 0.8569847 -0.1164288 -0.1198056 0.8845455 0 0
-0.1222465 -0.1004911 -0.05888224 -0.1035895 0.8655062 -0.1195787 -0.1345834 0.8913334 0 0
-0.11665 -0.120134 -0.05059813 -0.1254458 0.8703202 -0.1155846 -0.1543002 0.8941515 0 0
-0.1130665 -0.1416608 -0.04531477 -0.1502191 0.8787038 -0.1223637 -0.1766704 0.9088001 0 0
-0.1127152 -0.1636717 -0.04536833 -0.1770597 0.8835009 -0.1059067 -0.1946166 0.8968276 0 0
-0.1179864 -0.1884272 -0.04671672 -0.2052874 0.8965321 -0.1132112 -0.2226844 0.9091111 0 0
-0.1360736 -0.2110808 -0.06152439 -0.2296153 0.9330419 -0.1180171 -0.2713038 0.9823999 0 0
-0.1492301 -0.2372514 -0.09871386 -0.2449406 0.9465389 -0.1295125 -0.2904818 1.0112 0 0
-0.1873819 -0.2469766 -0.1315565 -0.2437783 0.9191614 -0.1704866 -0.2933477 1.003933 0 0
-0.2214876 -0.2598496 -0.1817172 -0.259879 0.9229291 -0.2309689 -0.2948731 0.97725 0 0
-0.2542196 -0.2775145 -0.2330872 -0.2764587 0.9547116 -0.2659686 -0.3098296 1.011364 0 0
-0.2793567 -0.2795176 -0.257017 -0.2770037 0.934943 -0.3001799 -0.3171086 1.010889 0 0
-0.3032242 -0.2851196 -0.2828373 -0.2875084 0.9457606 -0.323089 -0.3245815 1.0165 0 0
-0.3275974 -0.2904722 -0.3469302 -0.3304159 1.0215 -0.3689952 -0.3254271 1.005667 0 0
-0.349008 -0.2936667 -0.3623716 -0.3178638 0.9794439 -0.3698277 -0.3268586 1.005751 0 0
-0.3674141 -0.2934357 -0.4070979 -0.3363197 1.004367 -0.3904959 -0.3265099 0.9998333 0 0
-0.3847332 -0.2929591 -0.401693 -0.3137927 0.9418909 -0.4310527 -0.3199472 0.974 0 0
-0.399507 -0.2893969 -0.4223509 -0.3119482 0.9216273 -0.4462259 -0.3062689 0.9558573 0 0
-0.4137299 -0.2867791 -0.446528 -0.3126755 0.9021872 -0.4593249 -0.3207148 0.9490001 0 0
-0.433534 -0.2911826 -0.4762053 -0.3361173 0.8839037 -0.4681972 -0.3099726 0.93125 0 0
-0.4415216 -0.2819007 -0.4759502 -0.3433466 0.8225541 -0.4657472 -0.3173292 0.9278333 0 0
-0.4677405 -0.3077657 -0.5069365 -0.3598709 0.8200552 -0.4737655 -0.3325715 0.9148571 0 0
-0.4666053 -0.29651 -0.4940093 -0.3677942 0.827188 -0.5070789 -0.304734 0.9177 0 0
-0.4713049 -0.2961113 -0.4988197 -0.3669494 0.8259277 -0.4830308 -0.3225746 0.913 0 0
-0.4739651 -0.2955733 -0.5083604 -0.3745128 0.8210688 -0.4677119 -0.2948225 0.9328 0 0
-0.4752038 -0.2952034 -0.5088386 -0.3725479 0.8158619 -0.5198537 -0.2771446 0.880375 0 0
-0.4747435 -0.2954154 -0.5106226 -0.3757944 0.8155614 -0.5262433 -0.2865288 0.87175 0 0
-0.4730949 -0.296643 -0.5085441 -0.3774382 0.8164363 -0.5025664 -0.2836845 0.8789092 0 0
-0.4808017 -0.308738 -0.52075 -0.3971418 0.8216827 -0.518703 -0.2944582 0.8732728 0 0
-0.4754255 -0.3095728 -0.5089549 -0.3969461 0.8183061 -0.5017214 -0.2932008 0.8838 0 0
-0.4691945 -0.3102656 -0.4976738 -0.3970391 0.8166173 -0.5054693 -0.3225949 0.8854374 0 0
-0.4514689 -0.2913148 -0.4956927 -0.3476373 0.7987105 -0.4752846 -0.3172582 0.9080834 0 0
-0.4380151 -0.2840095 -0.4755534 -0.3448578 0.793527 -0.4833541 -0.3150359 0.893 0 0
-0.4306205 -0.2888954 -0.4660554 -0.3541708 0.8023381 -0.4614683 -0.3214342 0.8982143 0 0
-0.4138679 -0.2784809 -0.454169 -0.3260756 0.8533165 -0.42711 -0.3114417 0.9048333 0 0
-0.3994528 -0.2722768 -0.4426128 -0.3121068 0.8761679 -0.445454 -0.3106629 0.9045556 0 0
-0.3847876 -0.2678671 -0.3952345 -0.2845396 0.8525289 -0.4322426 -0.3104864 0.9067668 0 0
-0.3707039 -0.2652265 -0.3767888 -0.2802003 0.8503191 -0.3871288 -0.3138284 0.9234999 0 0
-0.3558014 -0.2623053 -0.3567921 -0.274 0.8393618 -0.3724209 -0.3109967 0.925 0 0
-0.3382816 -0.2569643 -0.3283761 -0.2664072 0.8278113 -0.3508133 -0.3022062 0.9114286 0 0
-0.3186449 -0.2505925 -0.295843 -0.2542527 0.8113887 -0.3361536 -0.2876382 0.8665001 0 0
-0.3000681 -0.2434541 -0.2671695 -0.245799 0.8129441 -0.3074165 -0.2843754 0.8784545 0 0
-0.2814085 -0.2397478 -0.2354553 -0.2383125 0.8050907 -0.2774163 -0.2826831 0.8815715 0 0
-0.2629388 -0.2275851 -0.2153093 -0.2279831 0.8028313 -0.2478717 -0.286901 0.9086 0 0
-0.2444169 -0.2239538 -0.2073996 -0.2661667 0.8809067 -0.2773449 -0.2857817 0.9289231 0 0
-0.2239718 -0.2230799 -0.1786982 -0.2600007 0.8808627 -0.2494318 -0.2962686 0.9355454 0 0
-0.2021908 -0.2048465 -0.138426 -0.2233938 0.8353267 -0.1970689 -0.2730427 0.9086315 0 0
-0.1870568 -0.1834087 -0.1117042 -0.2056557 0.8180869 -0.219137 -0.2313085 0.89025 0 0
-0.1776422 -0.1602742 -0.1102971 -0.1896457 0.8110111 -0.1896026 -0.1988114 0.856625 0 0
-0.1717781 -0.1389523 -0.1036206 -0.1641724 0.8118919 -0.1951568 -0.1802305 0.8884 0 0
-0.1687009 -0.1153352 -0.09842721 -0.1364969 0.8181335 -0.1630066 -0.1512864 0.8443751 0 0
-0.1680795 -0.09244213 -0.09717412 -0.1073872 0.8198651 -0.1525207 -0.1285125 0.8402259 0 0
-0.1700214 -0.06991182 -0.09744804 -0.07727633 0.820725 -0.1769799 -0.02472973 0.8289091 0 0
-0.1727859 -0.04826252 -0.09986763 -0.05124617 0.8157499 -0.1835003 -0.005554342 0.8260286 0 0
-0.177269 -0.02750429 -0.1035546 -0.02214019 0.8110393 -0.1966846 0.01371328 0.8287693 0 0
-0.185932 -0.009647219 -0.1126 0.002194392 0.810692 -0.2096273 0.02823772 0.8280001 0 0
-0.1962167 0.00605733 -0.1232373 0.02144569 0.8034505 -0.2234037 0.03844499 0.8267567 0 0
-0.2065457 0.02191994 -0.1325306 0.04265217 0.7967343 -0.2331028 0.056011 0.8215264 0 0
-0.2185191 0.03527042 -0.1478351 0.06023692 0.7972044 -0.2458904 0.06483115 0.8235002 0 0
-0.2283949 0.04744158 -0.1603058 0.07244597 0.7944014 -0.2611832 0.07472768 0.8277587 0 0
-0.2393062 0.05840342 -0.173715 0.0925067 0.7924106 -0.2715954 0.08587994 0.8244783 0 0
-0.2473759 0.06889025 -0.1839 0.1030351 0.7898056 -0.2830264 0.09333946 0.8228 0 0
-0.2544552 0.07729267 -0.1939781 0.1110162 0.7920368 -0.2919419 0.09742456 0.8243461 0 0
-0.2602563 0.08417428 -0.2007579 0.1144632 0.7956262 -0.2973349 0.1037973 0.8257501 0 0
-0.2652681 0.09001677 -0.207248 0.123012 0.7954894 -0.2992886 0.1113893 0.8253334 0 0
-0.2694059 0.0957228 -0.2113336 0.1286162 0.7985334 -0.3055691 0.1185455 0.8350345 0 0
-0.2717828 0.09932987 -0.2151668 0.1343607 0.8002849 -0.3095605 0.1148319 0.8372821 0 0
-0.2737192 0.1030001 -0.21817 0.138931 0.8039148 -0.3095752 0.1212423 0.8287919 0 0
-0.2756183 0.1056674 -0.2206773 0.1423285 0.807529 -0.3145716 0.1236306 0.838793 0 0
-0.2751348 0.1093999 -0.2186223 0.1465167 0.8074881 -0.3116899 0.1272433 0.8403334 0 0
-0.2768072 0.1128885 -0.219611 0.1484813 0.8123221 -0.3144569 0.1266517 0.8426249 0 0
-0.2775976 0.1157164 -0.2192408 0.1539837 0.8136895 -0.3152998 0.1337684 0.8464814 0 0
-0.2770085 0.1201126 -0.2184996 0.1583851 0.8146937 -0.3156417 0.1317288 0.8486969 0 0
-0.2778628 0.1247636 -0.2187328 0.1601781 0.8230411 -0.3144984 0.1375374 0.8522631 0 0
-0.2770171 0.1285527 -0.2185788 0.1668381 0.8269277 -0.3157944 0.1417878 0.8568667 0 0
-0.27682 0.132119 -0.2158713 0.1667498 0.8323195 -0.314583 0.1475372 0.8591935 0 0
-0.2760111 0.1356868 -0.2174121 0.1755911 0.8396516 -0.314846 0.1500963 0.8654827 0 0
-0.2749845 0.1381206 -0.2168175 0.1802788 0.8463445 -0.3156565 0.1564416 0.8751 0 0
-0.2739401 0.1405505 -0.2147548 0.1819233 0.8543973 -0.312352 0.1572431 0.87648 0 0
-0.271907 0.1422561 -0.2116625 0.1837607 0.8614533 -0.3113749 0.1577552 0.8828276 0 0
-0.2694197 0.1474684 -0.2125544 0.1900147 0.8690162 -0.3062169 0.1621845 0.8842857 0 0
-0.269134 0.1479839 -0.2141308 0.1989371 0.8756315 -0.3053888 0.1654257 0.8897619 0 0
-0.2669737 0.1505039 -0.2132534 0.2012752 0.8843418 -0.3014549 0.16897 0.8939655 0 0
-0.2665583 0.1505971 -0.2117215 0.2024284 0.8937365 -0.290958 0.172645 0.8861818 0 0
-0.2640754 0.1523219 -0.209857 0.204032 0.9004523 -0.3008885 0.1695522 0.9090833 0 0
-0.267015 0.1518492 -0.2105187 0.2071532 0.9127162 -0.2975244 0.17284 0.9146897 0 0
-0.2622348 0.15467 -0.202456 0.2041944 0.915931 -0.2944159 0.1717697 0.9176875 0 0
-0.2637101 0.1515129 -0.2028559 0.2085189 0.9224229 -0.2992153 0.1707063 0.93188 0 0
-0.2596636 0.1536028 -0.1984803 0.2062153 0.9308282 -0.2977639 0.1752895 0.9472352 0 0
-0.2603449 0.1524149 -0.198048 0.2104658 0.940284 -0.2940831 0.1725919 0.9425855 0 0
-0.2542858 0.1563733 -0.1909834 0.2058727 0.9480118 -0.2853621 0.1764961 0.9423871 0 0
-0.2595353 0.1519622 -0.2012514 0.2206238 0.9593777 -0.2649938 0.1891367 0.93025 0 0
-0.2520061 0.156269 -0.190975 0.2126291 0.9639276 -0.2782151 0.1797317 0.9531787 0 0
-0.2532727 0.1510841 -0.1909954 0.2154141 0.9730797 -0.2916454 0.1733584 0.9787334 0 0
-0.2474836 0.1540771 -0.182919 0.2098019 0.978884 -0.2791644 0.1794265 0.9754583 0 0
-0.2475705 0.1505964 -0.1817455 0.2102674 0.9894784 -0.2784627 0.1776066 0.9804737 0 0
-0.2400775 0.1556548 -0.1769378 0.2093918 0.9963235 -0.2699727 0.1796331 0.9821379 0 0
-0.2386278 0.1545593 -0.1770609 0.2121257 1.004447 -0.2687923 0.1786678 0.9893461 0 0
-0.2310177 0.1576125 -0.1637873 0.2017608 1.006584 -0.2181681 0.1883315 1.03975 0 0
-0.2278101 0.1574342 -0.163524 0.2039312 1.014367 -0.1927324 0.1494775 1.047833 0 0
-0.2261862 0.1568545 -0.1597405 0.2014714 1.019649 -0.1784611 0.1417753 1.053143 0 0
-0.2243363 0.1565501 -0.1588026 0.202355 1.026475 -0.1845317 0.1310367 1.046105 0 0
-0.2239922 0.1556993 -0.161641 0.2074111 1.036685 -0.1745545 0.1361009 1.050625 0 0
-0.2228426 0.1552125 -0.1608189 0.2061651 1.040577 -0.1699889 0.133453 1.0535 0 0
-0.2221469 0.1553924 -0.158243 0.2070438 1.047829 -0.1825077 0.1296731 1.067182 0 0
-0.2208502 0.1550805 -0.1558817 0.2067328 1.056149 -0.1724889 0.1360775 1.062585 0 0
-0.2197498 0.1557747 -0.1555942 0.2073109 1.05949 -0.1675928 0.1345934 1.059 0 0
-0.2193476 0.1553641 -0.1514929 0.2046931 1.063283 -0.1683241 0.1339855 1.073 0 0
-0.2178803 0.1558037 -0.1520839 0.2040539 1.069427 -0.1717447 0.1337281 1.078833 0 0
-0.2179694 0.1554227 -0.1551313 0.2077672 1.072671 -0.168125 0.1352013 1.077937 0 0
-0.2162811 0.1564232 -0.1526102 0.2089143 1.086048 -0.1595178 0.1400098 1.08575 0 0
-0.2171519 0.1547218 -0.1538196 0.2092853 1.089249 -0.1670416 0.1375567 1.092533 0 0
-0.21336 0.1546144 -0.1473468 0.2055673 1.101072 -0.1726492 0.1323848 1.100778 0 0
-0.2076353 0.1554646 -0.1413874 0.2014117 1.102468 -0.1655477 0.131217 1.1119 0 0
-0.2058492 0.153745 -0.1400785 0.2024614 1.112485 -0.1596885 0.1317093 1.114611 0 0
-0.2000166 0.152909 -0.1340443 0.1980824 1.119493 -0.1711358 0.1205391 1.118789 0 0
-0.1978322 0.150675 -0.1312164 0.1980945 1.124227 -0.1595325 0.1220827 1.12265 0 0
-0.1788929 0.1590997 -0.1268226 0.1965496 1.128562 -0.1373959 0.1333007 1.132136 0 0
-0.175954 0.157398 -0.1242044 0.1941827 1.132571 -0.1356039 0.1277796 1.134857 0 0
-0.1705532 0.1520672 -0.1180563 0.187553 1.142358 -0.1270172 0.1202 1.128941 0 0
-0.1691906 0.1474008 -0.1148369 0.1811678 1.141261 -0.1296658 0.1183771 1.139391 0 0
-0.166232 0.1439445 -0.1145165 0.1759879 1.144402 -0.127957 0.1166733 1.142348 0 0
-0.1634241 0.1398569 -0.107738 0.1663695 1.138958 -0.1271383 0.1074024 1.134708 0 0
-0.162829 0.1352896 -0.1071972 0.1655927 1.147629 -0.1299189 0.1037183 1.139389 0 0
-0.1619902 0.1307426 -0.1071226 0.1628581 1.142854 -0.1282469 0.09833627 1.139353 0 0
-0.1595325 0.1264889 -0.1035263 0.1545744 1.143922 -0.1265285 0.09486101 1.141562 0 0
-0.1570604 0.1176779 -0.09896934 0.1456908 1.138952 -0.1253082 0.08312789 1.143727 0 0
-0.1561944 0.1133275 -0.09837046 0.1421664 1.142251 -0.1190296 0.07958366 1.140286 0 0
-0.1543223 0.109371 -0.09299736 0.133556 1.136846 -0.1207551 0.07455473 1.133962 0 0
-0.1663767 0.1016437 -0.0976388 0.1346924 1.141842 -0.1186465 0.07026696 1.126583 0 0
-0.1641331 0.09823012 -0.09282884 0.1284188 1.139781 -0.122681 0.06260449 1.126444 0 0
-0.1630073 0.09525976 -0.0933286 0.1255513 1.140766 -0.1228227 0.05971104 1.125909 0 0
-0.1612893 0.09159798 -0.0915772 0.1191911 1.141736 -0.1266684 0.05716474 1.123579 0 0
-0.1604317 0.08817588 -0.09007592 0.1174324 1.141346 -0.127572 0.05312153 1.126333 0 0
-0.1461579 0.08793589 -0.08336519 0.1113695 1.139052 -0.108346 0.05369193 1.13181 0 0
-0.1562935 0.08163491 -0.0858444 0.1072888 1.141968 -0.1103441 0.04884983 1.122437 0 0
-0.1560611 0.07827163 -0.08517451 0.1007789 1.138689 -0.1185156 0.04146315 1.126539 0 0
-0.1545059 0.07511882 -0.08377041 0.09917905 1.13987 -0.1271143 0.03466719 1.124529 0 0
-0.1539352 0.07120945 -0.08275263 0.09370181 1.137779 -0.1115965 0.0361191 1.1195 0 0
-0.1437869 0.06785864 -0.07881144 0.08278718 1.135304 -0.1096874 0.0315016 1.132467 0 0
-0.1429827 0.06336084 -0.07590715 0.0792184 1.136543 -0.1089922 0.02320826 1.123571 0 0
-0.1397977 0.05886332 -0.07624289 0.07528924 1.136569 -0.1140649 0.0187057 1.126158 0 0
-0.1370953 0.05394486 -0.07770722 0.07532648 1.136422 -0.1156166 0.01445154 1.124107 0 0
-0.1318869 0.04985624 -0.07441696 0.06563725 1.136654 -0.1176449 0.009696971 1.120308 0 0
-0.1315202 0.04487151 -0.07462107 0.06052868 1.136545 -0.1209721 0.003413993 1.119852 0 0
-0.1302324 0.03905874 -0.07187595 0.0516784 1.131288 -0.1137659 0.00217102 1.120057 0 0
-0.1301879 0.03300864 -0.07098161 0.04627299 1.133555 -0.1157755 -0.004490211 1.116394 0 0
-0.1310432 0.02667206 -0.06881539 0.0363108 1.131672 -0.124265 -0.01389216 1.119194 0 0
-0.1304694 0.01928767 -0.07048209 0.03074121 1.130783 -0.1213095 -0.01913477 1.114108 0 0
-0.1295588 0.01269811 -0.067669 0.02522079 1.133176 -0.1211716 -0.02679913 1.112367 0 0
-0.1308617 0.005303084 -0.06740294 0.007741758 1.125456 -0.1267706 -0.03351551 1.113226 0 0
-0.1303151 -0.001569469 -0.06986721 0.006132909 1.123927 -0.1263219 -0.04137723 1.111143 0 0
-0.1300803 -0.007805306 -0.06955296 0.001273576 1.127233 -0.1240897 -0.04696448 1.108172 0 0
-0.1298729 -0.0142834 -0.06893052 -0.008442559 1.121052 -0.1236517 -0.05323945 1.11025 0 0
-0.1294048 -0.01969527 -0.06986216 -0.01078742 1.123802 -0.126282 -0.05707318 1.110886 0 0
-0.1291576 -0.02370454 -0.06983797 -0.01478418 1.126121 -0.1229902 -0.06219031 1.111097 0 0
-0.1311285 -0.02820309 -0.06899025 -0.02912339 1.122173 -0.1255353 -0.06697397 1.112179 0 0
-0.1307008 -0.03251101 -0.0687847 -0.0312147 1.126006 -0.1268455 -0.06822441 1.115314 0 0
-0.1314648 -0.03559144 -0.06905689 -0.0383734 1.12342 -0.1057899 -0.02803223 1.129333 0 0
-0.1314327 -0.03842796 -0.06882872 -0.03940596 1.125099 -0.1266301 -0.07762018 1.114655 0 0
-0.1327352 -0.04270282 -0.06926913 -0.04542016 1.127042 -0.1261087 -0.0776509 1.115954 0 0
-0.148795 -0.04425857 -0.07599843 -0.04788876 1.126717 -0.1399084 -0.08307674 1.116333 0 0
-0.1492112 -0.04710147 -0.07636379 -0.05246444 1.125482 -0.144166 -0.08587155 1.1171 0 0
-0.1488955 -0.04983808 -0.07525559 -0.05719249 1.124657 -0.1439459 -0.08870747 1.115 0 0
-0.1501715 -0.05351404 -0.07296288 -0.06042337 1.126734 -0.1421225 -0.09509401 1.1219 0 0
-0.1346575 -0.0587637 -0.07309525 -0.06098936 1.12902 -0.1304772 -0.09562203 1.116156 0 0
-0.1353306 -0.0608071 -0.07334249 -0.06963797 1.12456 -0.1318339 -0.09923915 1.11475 0 0
-0.1357756 -0.06526193 -0.07404894 -0.07401475 1.126647 -0.1355406 -0.1023592 1.116424 0 0
-0.1372672 -0.06883547 -0.07645884 -0.07539418 1.123811 -0.1335701 -0.1071871 1.118448 0 0
-0.1525668 -0.06994405 -0.0755454 -0.08333723 1.124093 -0.1450368 -0.10612 1.115833 0 0
-0.1528622 -0.07378109 -0.07757093 -0.08864429 1.125233 -0.1473058 -0.1120774 1.116905 0 0
-0.1534336 -0.0776004 -0.07804453 -0.09295945 1.125843 -0.1543961 -0.1165646 1.117 0 0
-0.1541774 -0.08209267 -0.07833309 -0.09892023 1.123908 -0.1504631 -0.1207808 1.1166 0 0
-0.1557119 -0.08615631 -0.08134846 -0.1017227 1.125441 -0.1696051 -0.1241094 1.1194 0 0
-0.1567234 -0.08987483 -0.08101253 -0.1074787 1.125549 -0.1539692 -0.130314 1.117583 0 0
-0.1580812 -0.09391929 -0.08191138 -0.1110079 1.126474 -0.1873776 -0.128233 1.117308 0 0
-0.1592423 -0.09861973 -0.0843906 -0.1188918 1.124784 -0.166458 -0.137416 1.119444 0 0
-0.1596449 -0.1027401 -0.08526546 -0.1232852 1.126278 -0.1373404 -0.1410143 1.1075 0 0
-0.1600293 -0.1076856 -0.08486155 -0.129537 1.12394 -0.1582268 -0.1445713 1.118235 0 0
-0.161552 -0.1126589 -0.08806349 -0.1390298 1.124645 -0.1658976 -0.1472397 1.114077 0 0
-0.1622233 -0.1172294 -0.08824801 -0.1365665 1.128358 -0.1585911 -0.1530958 1.119464 0 0
-0.163832 -0.1206764 -0.08956388 -0.1449566 1.128345 -0.1697923 -0.1525518 1.117969 0 0
-0.1639779 -0.1254602 -0.09100627 -0.1471165 1.123246 -0.167103 -0.1576755 1.117613 0 0
-0.165348 -0.129129 -0.09116124 -0.148646 1.126481 -0.1610587 -0.1634744 1.116036 0 0
-0.1653948 -0.134528 -0.0944264 -0.1570147 1.126287 -0.1755877 -0.1663209 1.11536 0 0
-0.1660765 -0.1396184 -0.09531078 -0.1640596 1.124167 -0.1662276 -0.173144 1.117677 0 0
-0.1657691 -0.1448337 -0.09579338 -0.1698193 1.124801 -0.1783005 -0.1760558 1.116684 0 0
-0.1661916 -0.1499766 -0.0967235 -0.1734834 1.130356 -0.1932493 -0.1784681 1.117923 0 0
-0.1689081 -0.1544501 -0.09934075 -0.180772 1.130424 -0.2004883 -0.1808469 1.119364 0 0
-0.1514627 -0.1659348 -0.09679188 -0.1823107 1.126351 -0.1595065 -0.1964469 1.122793 0 0
-0.1523109 -0.1699149 -0.09851252 -0.1860256 1.129153 -0.1606761 -0.2011158 1.123375 0 0
-0.1545831 -0.1739873 -0.101624 -0.1899492 1.128022 -0.1586559 -0.2078118 1.12525 0 0
-0.1574334 -0.1771527 -0.1017565 -0.1973799 1.132089 -0.1623035 -0.2095415 1.125357 0 0
-0.1594142 -0.1806817 -0.106976 -0.2058069 1.133444 -0.1605204 -0.2161608 1.131467 0 0
-0.1609364 -0.1830056 -0.1043482 -0.2028264 1.133452 -0.1673873 -0.2172966 1.126619 0 0
-0.1615738 -0.1866758 -0.1056639 -0.2088642 1.13301 -0.1691048 -0.2190307 1.1264 0 0
-0.1629774 -0.1883655 -0.1090961 -0.2113185 1.13043 -0.1641061 -0.2224963 1.127792 0 0
-0.163524 -0.1917198 -0.1094522 -0.2151119 1.134323 -0.1674599 -0.2252932 1.128143 0 0
-0.165255 -0.192814 -0.1121026 -0.2142457 1.12982 -0.1690153 -0.2244587 1.125249 0 0
-0.1660022 -0.1951186 -0.1123336 -0.2177824 1.132314 -0.1706694 -0.2299815 1.12785 0 0
-0.1676093 -0.197023 -0.1162592 -0.2228422 1.129944 -0.1733185 -0.2304854 1.129111 0 0
-0.1677959 -0.1982365 -0.1149925 -0.2197482 1.133947 -0.171146 -0.2343197 1.128 0 0
-0.1686313 -0.2009643 -0.114431 -0.2269202 1.134695 -0.1729352 -0.2392366 1.138454 0 0
-0.1762872 -0.1983878 -0.1187634 -0.2263741 1.133203 -0.2035395 -0.223781 1.128909 0 0
-0.1770839 -0.2002642 -0.1173224 -0.2268516 1.135392 -0.193753 -0.2266372 1.127345 0 0
-0.1768051 -0.2032291 -0.116383 -0.231724 1.134605 -0.1864195 -0.2316815 1.12714 0 0
-0.1794468 -0.2055729 -0.1194621 -0.2311883 1.135848 -0.1893823 -0.2371422 1.129222 0 0
-0.1786668 -0.2093495 -0.1208748 -0.236157 1.140157 -0.1907362 -0.240451 1.12975 0 0
-0.1805158 -0.2138638 -0.1243527 -0.2433207 1.140435 -0.2052096 -0.2401391 1.134 0 0
-0.1811713 -0.2177105 -0.1254375 -0.2443723 1.141706 -0.2158217 -0.2460213 1.1476 0 0
-0.1794694 -0.223654 -0.1287237 -0.2538984 1.139869 -0.1953209 -0.2563159 1.146444 0 0
-0.1809032 -0.2275693 -0.1309706 -0.2560441 1.139899 -0.2113777 -0.2610797 1.154143 0 0
-0.1818492 -0.2303551 -0.1344077 -0.2598308 1.138469 -0.2201548 -0.2577139 1.15325 0 0
-0.1882868 -0.2279628 -0.1358121 -0.2644559 1.140676 -0.2166092 -0.2517001 1.132273 0 0
-0.1888126 -0.2302402 -0.1357352 -0.2688619 1.143783 -0.2167845 -0.2517737 1.131952 0 0
-0.189822 -0.2310324 -0.1392293 -0.2673583 1.143482 -0.2245254 -0.2497274 1.1318 0 0
-0.1907128 -0.2314395 -0.1375036 -0.2685657 1.142948 -0.2243567 -0.257912 1.147125 0 0
-0.1895792 -0.23067 -0.137212 -0.265348 1.145569 -0.2204931 -0.2519932 1.135968 0 0
-0.1900448 -0.2300712 -0.1368451 -0.2650717 1.145808 -0.2279516 -0.2528912 1.1455 0 0
-0.1885592 -0.2289765 -0.1362883 -0.2644927 1.150492 -0.2308144 -0.2532893 1.155429 0 0
-0.1873928 -0.227658 -0.1323564 -0.2629074 1.148527 -0.2105783 -0.2513151 1.136607 0 0
-0.1868114 -0.2266046 -0.1355798 -0.2628189 1.149478 -0.2379905 -0.245001 1.158143 0 0
-0.1854294 -0.2247026 -0.1323426 -0.2647849 1.149673 -0.2260606 -0.2489349 1.154099 0 0
-0.184055 -0.2214676 -0.1322913 -0.2571936 1.151319 -0.2270848 -0.239134 1.1446 0 0
-0.1803434 -0.2209045 -0.127298 -0.2536099 1.153873 -0.2077913 -0.2444804 1.144706 0 0
-0.1782512 -0.2181906 -0.126472 -0.2535295 1.157893 -0.2005159 -0.2423427 1.143158 0 0
-0.1764284 -0.2141974 -0.123226 -0.2462242 1.153771 -0.1985608 -0.2406906 1.147187 0 0
-0.1729799 -0.2104776 -0.1189298 -0.2433768 1.157242 -0.187929 -0.236993 1.142375 0 0
-0.1722761 -0.2056643 -0.1186608 -0.2409621 1.157673 -0.1884222 -0.2340149 1.147778 0 0
-0.1709436 -0.1997651 -0.1149814 -0.2301152 1.155898 -0.1890296 -0.2283719 1.1488 0 0
-0.1676409 -0.1948344 -0.1106373 -0.2241883 1.152663 -0.1720174 -0.2284515 1.148609 0 0
-0.165152 -0.1893214 -0.1072668 -0.2184911 1.155345 -0.1764812 -0.2211284 1.1532 0 0
-0.1603024 -0.1842338 -0.1027839 -0.2133817 1.162992 -0.1709611 -0.2123273 1.145516 0 0
-0.1584008 -0.1772091 -0.09937152 -0.2091612 1.157273 -0.1650795 -0.2089879 1.149826 0 0
-0.1570822 -0.1697912 -0.09607953 -0.1977007 1.154621 -0.1664009 -0.1986605 1.147 0 0
-0.1460631 -0.1650165 -0.09133768 -0.1913558 1.155618 -0.1463414 -0.2021915 1.155429 0 0
-0.1495081 -0.1535081 -0.08685254 -0.1775008 1.149882 -0.1596977 -0.1830366 1.147 0 0
-0.1369411 -0.1485785 -0.08247191 -0.1694018 1.152202 -0.1413303 -0.1866384 1.156 0 0
-0.1342943 -0.1389276 -0.07909686 -0.157439 1.14843 -0.1290998 -0.1778128 1.1598 0 0
-0.1447775 -0.1247622 -0.07546906 -0.1405304 1.144944 -0.1420623 -0.160531 1.14875 0 0
-0.1430968 -0.1146357 -0.07481778 -0.1337053 1.144232 -0.1433039 -0.1499882 1.145563 0 0
-0.14215 -0.104476 -0.07219862 -0.1241547 1.14491 -0.1308764 -0.1397567 1.142667 0 0
-0.1425361 -0.09323703 -0.07310578 -0.1081633 1.139737 -0.1384776 -0.1291908 1.137579 0 0
-0.1409731 -0.08322304 -0.06680924 -0.09784586 1.133383 -0.1289489 -0.1209023 1.1364 0 0
-0.1423218 -0.0731127 -0.06870546 -0.08500984 1.130768 -0.1298185 -0.1081962 1.130273 0 0
-0.1261892 -0.06417939 -0.06490576 -0.07423642 1.129054 -0.1121214 -0.101501 1.136308 0 0
-0.1235025 -0.05498018 -0.06534655 -0.06651561 1.125575 -0.1131602 -0.09124414 1.131214 0 0
-0.1260691 -0.04534789 -0.06406934 -0.05039762 1.121252 -0.1070707 -0.08251448 1.12925 0 0
-0.1369321 -0.03459805 -0.06668058 -0.03845216 1.117554 -0.1193212 -0.07071041 1.124118 0 0
-0.1374042 -0.0254786 -0.0668992 -0.02480192 1.112926 -0.1214034 -0.06342763 1.120385 0 0
-0.1387851 -0.01678779 -0.06702789 -0.0169206 1.11261 -0.1404413 -0.05399979 1.117214 0 0
-0.1396342 -0.006858915 -0.06925963 -0.006208432 1.108114 -0.1110688 -0.03841838 1.116556 0 0
-0.1296428 0.002381816 -0.06827807 0.008149596 1.103277 -0.1064942 -0.03285239 1.120818 0 0
-0.1306698 0.01214071 -0.0713613 0.01717693 1.103031 -0.1003465 -0.02545591 1.127333 0 0
-0.131751 0.02098103 -0.07278821 0.03064319 1.098836 -0.1041642 -0.01623926 1.124 0 0
-0.1342969 0.03029229 -0.0757671 0.0395968 1.095279 -0.1028737 -0.001191888 1.106684 0 0
-0.1358679 0.0400651 -0.07829703 0.04929051 1.092156 -0.1134939 0.007605776 1.099818 0 0
-0.137999 0.04741976 -0.0814067 0.06076442 1.090556 -0.1133206 0.0132918 1.113 0 0
-0.1404896 0.05579308 -0.08341302 0.06729027 1.090487 -0.116642 0.02399392 1.101182 0 0
-0.1398227 0.06403942 -0.08606003 0.07457761 1.088776 -0.1175764 0.03004669 1.097292 0 0
-0.142524 0.07284976 -0.08935556 0.08469129 1.087621 -0.1233006 0.03950121 1.095 0 0
-0.1442873 0.08084398 -0.09354959 0.09732946 1.085521 -0.1147176 0.05052875 1.1014 0 0
-0.1666063 0.08228628 -0.09801955 0.09994777 1.084375 -0.1231631 0.05749914 1.098571 0 0
-0.1712244 0.09066916 -0.1031669 0.1123356 1.083244 -0.1312755 0.06421892 1.0948 0 0
-0.176637 0.09740211 -0.1074598 0.1185605 1.080676 -0.1276752 0.07434062 1.095235 0 0
-0.1836763 0.1049005 -0.1121605 0.1271375 1.077347 -0.1437035 0.07747567 1.0891 0 0
-0.1863694 0.1119828 -0.1188167 0.137549 1.077735 -0.1393385 0.0921509 1.091632 0 0
-0.192302 0.1185392 -0.1253079 0.1468064 1.076202 -0.1509574 0.09463425 1.091556 0 0
-0.1969334 0.1246146 -0.1324107 0.1596464 1.071748 -0.1428622 0.1091015 1.087579 0 0
-0.2005882 0.1303724 -0.1366389 0.166852 1.073553 -0.1550936 0.1101139 1.088381 0 0
-0.2056564 0.1333516 -0.1414454 0.1721024 1.067697 -0.1549952 0.120286 1.09021 0 0
-0.1914417 0.1462103 -0.1417865 0.1783285 1.066922 -0.1534469 0.1228355 1.084056 0 0
-0.2080179 0.1399932 -0.1410298 0.1743151 1.063495 -0.1483223 0.1244224 1.081 0 0
-0.209292 0.1399406 -0.1449051 0.1773421 1.0643 -0.1549493 0.1277733 1.085895 0 0
-0.1498018 0.1624205 -0.1304562 0.169209 1.05845 -0.1415268 0.1616729 1.079444 0 0
-0.1486959 0.1585025 -0.1249555 0.1637873 1.060469 -0.1356007 0.1193117 1.0755 0 0
-0.1722458 0.1433456 -0.1313904 0.1672011 1.066234 -0.1474533 0.1211592 1.091928 0 0
-0.1992468 0.1243365 -0.1310048 0.1584421 1.067539 -0.1508469 0.1026628 1.080474 0 0
-0.1947104 0.117108 -0.1266275 0.1488689 1.071554 -0.1498073 0.09520049 1.081905 0 0
-0.1914551 0.1071467 -0.120836 0.1371758 1.07052 -0.1563385 0.07477158 1.073833 0 0
-0.1779542 0.08164952 -0.1062437 0.1112667 1.074392 -0.140832 0.06308135 1.117 0 0
-0.1699094 0.07008246 -0.09617141 0.08608059 1.073944 -0.1315742 0.03773651 1.077312 0 0
-0.1654144 0.04813733 -0.09123042 0.05989812 1.078546 -0.1302441 0.01618008 1.084125 0 0
-0.1624981 0.0379162 -0.08812277 0.04754277 1.082124 -0.1266194 0.003124639 1.085167 0 0
-0.1605589 0.02020973 -0.08282296 0.02340107 1.084603 -0.1179722 -0.01837219 1.086091 0 0
-0.160315 0.00446689 -0.08210532 0.002453362 1.088041 -0.1170749 -0.03366367 1.092667 0 0
-0.1606054 -0.002286992 -0.08313157 -0.001858196 1.089998 -0.1188887 -0.04006586 1.093429 0 0
-0.1586286 -0.008813171 -0.08011901 -0.01316264 1.091229 -0.1281692 -0.04651299 1.09365 0 0
-0.157002 -0.01460346 -0.07976989 -0.01714063 1.093889 -0.1289206 -0.05167263 1.095652 0 0
-0.1549362 -0.02037067 -0.07858491 -0.02588379 1.092665 -0.1274288 -0.05828771 1.095789 0 0
-0.1543654 -0.02595541 -0.07944285 -0.03628037 1.092286 -0.1295651 -0.06108825 1.0931 0 0
-0.1550165 -0.032173 -0.08120241 -0.04308781 1.090951 -0.1272372 -0.06937116 1.092227 0 0
-0.1554095 -0.03885588 -0.08112817 -0.04902103 1.090121 -0.1270685 -0.07406242 1.09152 0 0
-0.1535877 -0.04426204 -0.08172079 -0.06167751 1.088953 -0.1467117 -0.08101875 1.086789 0 0
-0.155979 -0.0489651 -0.08233684 -0.06274016 1.088106 -0.1322837 -0.08492827 1.078842 0 0
-0.1559921 -0.05341283 -0.08367231 -0.06934971 1.084781 -0.145102 -0.08665364 1.079167 0 0
-0.1574432 -0.05781436 -0.08536866 -0.07360572 1.082946 -0.1609189 -0.09044044 1.079655 0 0
-0.1580737 -0.06320194 -0.08600226 -0.07936975 1.079628 -0.1604735 -0.09570438 1.077538 0 0
-0.1593734 -0.06743401 -0.08920467 -0.08771618 1.078264 -0.1753386 -0.09843853 1.07895 0 0
-0.1638326 -0.07126491 -0.09116077 -0.09173053 1.072904 -0.1664032 -0.1032438 1.0704 0 0
-0.1650619 -0.0747335 -0.09456424 -0.09769732 1.0676 -0.1884265 -0.1052375 1.074077 0 0
-0.1676406 -0.07742508 -0.09694605 -0.0989328 1.061539 -0.1632136 -0.109028 1.063136 0 0
-0.1697537 -0.08005783 -0.09917966 -0.1021028 1.058088 -0.2115018 -0.1060207 1.066188 0 0
-0.1747276 -0.08252715 -0.1033815 -0.1062798 1.045647 -0.2033565 -0.1085079 1.058669 0 0
-0.1800881 -0.0864161 -0.1088076 -0.111681 1.035346 -0.1906698 -0.1143842 1.047158 0 0
-0.1866664 -0.0910755 -0.1150779 -0.1147273 1.019697 -0.2158425 -0.119057 1.0496 0 0
-0.1998891 -0.09602541 -0.1272591 -0.1240632 1.000906 -0.2219167 -0.1220047 1.029572 0 0
-0.2141552 -0.1050897 -0.1385732 -0.1280327 0.9674668 -0.2061423 -0.1379477 0.972 0 0
-0.2325066 -0.1142503 -0.1639205 -0.1529134 0.9376869 -0.2429312 -0.1410369 0.9758 0 0
-0.2526013 -0.1253645 -0.1911574 -0.1664001 0.9377617 -0.2822302 -0.1444143 0.9912 0 0
-0.2749235 -0.1376534 -0.2177076 -0.1791802 0.9129217 -0.2968846 -0.1532287 0.9665001 0 0
-0.2960791 -0.1496748 -0.2511347 -0.1976363 0.8904551 -0.2968313 -0.1921912 0.9544001 0 0
-0.3196451 -0.1547593 -0.2758824 -0.2018655 0.8544357 -0.3276525 -0.1865789 0.9336668 0 0
-0.3407196 -0.1584021 -0.3071215 -0.2183165 0.8241515 -0.3439376 -0.229577 0.898 0 0
-0.3606139 -0.1608439 -0.3338065 -0.2065515 0.8177137 -0.3376654 -0.1807339 0.8818333 0 0
-0.3812645 -0.1664521 -0.3629499 -0.21716 0.809204 -0.3591585 -0.1893296 0.8644 0 0
-0.4003111 -0.1676715 -0.3842576 -0.217471 0.7930977 -0.3784278 -0.1818361 0.8644286 0 0
-0.4151899 -0.1668439 -0.4033373 -0.2181413 0.7815707 -0.3915314 -0.1765942 0.8544616 0 0
-0.4280775 -0.1659775 -0.4193527 -0.2141325 0.7738509 -0.4011835 -0.1762413 0.8372083 0 0
-0.4380715 -0.1675064 -0.4332174 -0.216384 0.7706369 -0.4123314 -0.1814816 0.8326154 0 0
-0.4461384 -0.1683692 -0.4417528 -0.2150287 0.7654225 -0.416806 -0.1719471 0.8311667 0 0
-0.4499256 -0.1678813 -0.4477244 -0.2138988 0.7644186 -0.4224704 -0.1815035 0.828138 0 0
-0.4521098 -0.1739233 -0.4511328 -0.213453 0.7635208 -0.4641505 -0.2099769 0.8083571 0 0
-0.4523203 -0.1727422 -0.4530757 -0.2154864 0.7627548 -0.4232524 -0.1815467 0.8228751 0 0
-0.4504472 -0.172795 -0.4516386 -0.2155064 0.7650799 -0.4206573 -0.1762346 0.8228819 0 0
-0.4475204 -0.1732071 -0.4478164 -0.2119037 0.7648345 -0.4372755 -0.210143 0.8276667 0 0
-0.443465 -0.1731915 -0.4446858 -0.2146998 0.7690358 -0.4138354 -0.1771917 0.8319749 0 0
-0.4367629 -0.1725364 -0.4385551 -0.2141857 0.7703795 -0.4070541 -0.1707735 0.8252799 0 0
-0.4299872 -0.1721567 -0.4286116 -0.2125035 0.7736029 -0.3991413 -0.1689467 0.8282242 0 0
-0.4194204 -0.1711517 -0.4158552 -0.2127142 0.7793949 -0.3914079 -0.1823286 0.8397 0 0
-0.4045296 -0.1685014 -0.3997431 -0.2115132 0.7833461 -0.3883132 -0.2017514 0.8495834 0 0
-0.3900298 -0.1682227 -0.382805 -0.2120077 0.7898604 -0.3734227 -0.2055435 0.8487778 0 0
-0.374412 -0.1673589 -0.3658674 -0.2145579 0.8003062 -0.3506766 -0.1890375 0.8501111 0 0
-0.3573397 -0.1547451 -0.3424064 -0.2081999 0.8054489 -0.3270241 -0.1813872 0.8507274 0 0
-0.3409632 -0.1468929 -0.3166599 -0.2007718 0.8156561 -0.3129032 -0.1373274 0.89975 0 0
-0.3239494 -0.1404128 -0.291813 -0.1931945 0.8250862 -0.3050289 -0.1404743 0.909111 0 0
-0.3074283 -0.1330914 -0.2693729 -0.1838901 0.8290699 -0.3036448 -0.1405458 0.9367778 0 0
-0.2883145 -0.1279185 -0.2486911 -0.1727011 0.8400097 -0.3060293 -0.164579 0.9398 0 0
-0.2724969 -0.1214866 -0.2323125 -0.1670049 0.8460823 -0.2784679 -0.1588964 0.9223572 0 0
-0.2594385 -0.1128959 -0.2131417 -0.1497016 0.855818 -0.2788069 -0.1443397 0.9791667 0 0
-0.2454301 -0.1017467 -0.1960469 -0.1356644 0.864845 -0.2462358 -0.1329019 0.9385 0 0
-0.2337047 -0.09100962 -0.1816125 -0.1186947 0.8767508 -0.2305385 -0.1222586 0.9508889 0 0
-0.2215037 -0.0806152 -0.1665828 -0.1066985 0.8847592 -0.1991294 -0.1301761 0.9143077 0 0
-0.2121324 -0.06915934 -0.1564973 -0.08851564 0.8966891 -0.1990597 -0.1036731 0.9464118 0 0
-0.2059593 -0.05891464 -0.1459742 -0.07606307 0.8999489 -0.1890478 -0.1006447 0.9443888 0 0
-0.1982887 -0.04964014 -0.1404373 -0.06535952 0.9097521 -0.1742674 -0.09077579 0.9381052 0 0
-0.1935083 -0.0380592 -0.1337665 -0.05089502 0.912715 -0.1856481 -0.06988853 0.9633825 0 0
-0.1922359 -0.02704917 -0.1293082 -0.03412179 0.9191525 -0.1884367 -0.05974102 0.9807058 0 0
-0.1900781 -0.01528851 -0.1249794 -0.01806381 0.9240291 -0.1769763 -0.04995979 0.9718181 0 0
-0.1907803 -0.002189848 -0.1228193 -0.003212731 0.9253911 -0.1620592 -0.03986838 0.9607 0 0
-0.1900773 0.01256022 -0.1213003 0.01838073 0.9311761 -0.1638218 -0.02383341 0.9683889 0 0
-0.1921281 0.02737924 -0.1200988 0.03746057 0.9318374 -0.1669751 -0.004991048 0.97605 0 0
-0.1948105 0.04237857 -0.1230779 0.05341522 0.9352728 -0.1749249 0.01023181 0.9828001 0 0
-0.1976129 0.05502475 -0.1264825 0.06900688 0.9367359 -0.164656 0.02287244 0.9706668 0 0
-0.2000542 0.06729358 -0.1290603 0.08343846 0.9348333 -0.178323 0.03503546 0.9808799 0 0
-0.2053719 0.07626729 -0.1335049 0.09245148 0.9339139 -0.1716731 0.04904209 0.9722726 0 0
-0.2095743 0.08454324 -0.1386442 0.1073537 0.9354072 -0.1660136 0.0582857 0.9602 0 0
-0.2152658 0.08990096 -0.1420613 0.1118383 0.9304684 -0.1704037 0.06084171 0.9618001 0 0
-0.21811 0.09665462 -0.1467665 0.1179209 0.9268918 -0.1826233 0.06696052 0.9729375 0 0
-0.223289 0.1015033 -0.151938 0.1293167 0.9279734 -0.1728885 0.0798701 0.9566111 0 0
-0.2271094 0.1068178 -0.1568724 0.1371673 0.9284843 -0.165101 0.08506398 0.9335556 0 0
-0.2302871 0.1113591 -0.1593951 0.1422088 0.9287421 -0.1702525 0.08799861 0.9381371 0 0
-0.2334097 0.1143776 -0.1646831 0.1447458 0.924659 -0.1704815 0.09605534 0.9297274 0 0
-0.2353969 0.11533 -0.1656356 0.1434444 0.9204675 -0.1726555 0.09543971 0.9305556 0 0
-0.2362983 0.1142212 -0.1686063 0.1445216 0.9200137 -0.1734809 0.09202205 0.93673 0 0
-0.2373735 0.1108855 -0.1690226 0.1347772 0.9155617 -0.1758168 0.08923826 0.931181 0 0
-0.2368487 0.1078018 -0.170596 0.1299938 0.9132652 -0.1754098 0.08630159 0.9197001 0 0
-0.2370712 0.1021937 -0.1714586 0.12225 0.9072728 -0.1794755 0.0783277 0.9264545 0 0
-0.2364726 0.09827383 -0.1731186 0.1181529 0.9044647 -0.1794368 0.07377867 0.9152308 0 0
-0.2357471 0.09136702 -0.1756084 0.1090015 0.8956764 -0.179629 0.06505642 0.9167272 0 0
-0.2337579 0.08372472 -0.1768208 0.09645689 0.892247 -0.1797926 0.05649064 0.9074616 0 0
-0.2326972 0.07405229 -0.1780367 0.08588568 0.8850629 -0.1803119 0.04476178 0.9044545 0 0
-0.2306589 0.06250705 -0.1787135 0.07223712 0.8726334 -0.1810368 0.02987741 0.8909 0 0
-0.2293751 0.05047717 -0.1814572 0.05768828 0.8642042 -0.1811092 0.01929758 0.8816154 0 0
-0.2272575 0.03699416 -0.1798304 0.05014576 0.8522256 -0.1849285 0.001706047 0.8671249 0 0
-0.2262034 0.02282336 -0.1809557 0.03428756 0.8403406 -0.1843496 -0.01109604 0.8591334 0 0
-0.2227892 0.009073756 -0.1845568 0.01400191 0.8298317 -0.2034957 -0.02301072 0.83 0 0
-0.2192249 -0.00403662 -0.1850325 0.0006339291 0.8136076 -0.1794325 -0.03279022 0.8446 0 0
-0.2023001 -0.02000095 -0.1884267 -0.01919708 0.7938549 -0.1804779 -0.04925826 0.8292727 0 0
-0.2058133 -0.02903769 -0.1887132 -0.03160023 0.782481 -0.1870188 -0.05927051 0.8136667 0 0
-0.2059506 -0.04201145 -0.1903597 -0.04461639 0.7660214 -0.2008872 -0.07424854 0.7925883 0 0
-0.2191776 -0.05005234 -0.1907168 -0.06106259 0.7516735 -0.1825006 -0.0870482 0.7902308 0 0
-0.2176727 -0.06073753 -0.1914364 -0.07302541 0.7382391 -0.1851986 -0.1002723 0.7717334 0 0
-0.2150561 -0.07078283 -0.1916476 -0.08836015 0.7155465 -0.1783435 -0.109414 0.7646 0 0
-0.2121755 -0.08048531 -0.1892962 -0.1008652 0.6992201 -0.1754167 -0.1181497 0.753 0 0
-0.20996 -0.09010685 -0.1876773 -0.1141478 0.6779165 -0.1779954 -0.1271898 0.7264167 0 0
-0.2086641 -0.09925682 -0.1849504 -0.1242228 0.6589658 -0.1725131 -0.1394779 0.70625 0 0
-0.2057129 -0.1079081 -0.1814727 -0.1344122 0.6375978 -0.1766357 -0.1593607 0.69075 0 0
-0.1976414 -0.1267159 -0.1762925 -0.1584982 0.5958607 -0.2339468 -0.1702565 0.7176 0 0
-0.1918352 -0.1364631 -0.1685227 -0.1694768 0.5776842 -0.2377196 -0.185291 0.7173333 0 0
-0.1888642 -0.140406 -0.165492 -0.1649529 0.5655391 -0.2009263 -0.2067093 0.6775834 0 0
-0.1860946 -0.1426022 -0.161049 -0.1641131 0.5514376 -0.2026442 -0.2205741 0.664125 0 0
-0.1838595 -0.1436573 -0.1796754 -0.1645539 0.5441551 -0.1814529 -0.2102873 0.6596 0 0
-0.1815096 -0.1463429 -0.1814035 -0.1632765 0.5344256 -0.2085793 -0.2049727 0.6234444 0 0
-0.1782564 -0.1481492 -0.1791199 -0.1640999 0.529461 -0.2162954 -0.2174048 0.62575 0 0
-0.173392 -0.1462722 -0.1799117 -0.1637537 0.5273908 -0.2204241 -0.2171665 0.634 0 0
-0.1680392 -0.145708 -0.1785951 -0.1664832 0.5279731 -0.1961651 -0.2108729 0.633375 0 0
-0.1619829 -0.1416457 -0.1636471 -0.1601819 0.5442676 -0.1570873 -0.2038957 0.6496667 0 0
-0.1571293 -0.1409894 -0.1596033 -0.1591775 0.5341918 -0.1712871 -0.2036856 0.6396 0 0
-0.154208 -0.1398584 -0.158987 -0.1596868 0.5254562 -0.1479127 -0.1950433 0.6412 0 0
-0.1523103 -0.1390026 -0.1527681 -0.1591247 0.5332036 -0.1953439 -0.2056484 0.6286001 0 0
-0.1476304 -0.1341049 -0.1495219 -0.1589699 0.5375105 -0.1093074 -0.1768337 0.59075 0 0
-0.1481191 -0.1593373 -0.1503147 -0.1607044 0.5340295 -0.09827022 -0.1666606 0.5725 0 0
-0.1474925 -0.1605884 -0.1502735 -0.1590122 0.5342542 -0.111393 -0.1601773 0.566 0 0
-0.1504549 -0.1614354 -0.152364 -0.1610295 0.5290481 -0.1263791 -0.1498725 0.5403334 0 0
-0.1519196 -0.1625193 -0.1590625 -0.1648635 0.5321665 -0.12841