0 0
0.918407 0.9145908
1.041843 0.9843854
1.045646 0.9906305
1.05051 0.9953549
1.055852 0.9998792
1.063614 1.003983
1.066681 1.006012
1.06874 1.008624
1.074838 1.011805
1.07696 1.014463
1.078535 1.016002
1.079989 1.0182
1.081219 1.018673
1.083108 1.020641
1.08607 1.021191
1.086982 1.021498
1.086301 1.020671
1.08548 1.021233
1.084838 1.019138
1.084301 1.018606
1.083851 1.016829
1.082557 1.016037
1.081663 1.015961
1.081442 1.012422
1.079692 1.010953
1.078223 1.008157
1.076963 1.006796
1.073089 1.002516
0.9971194 0.9986739
0.9962257 0.9960606
0.996286 0.993708
0.9972121 0.9942448
0.9945827 0.9917313
0.9961372 0.9887785
0.9956856 0.9873587
0.9861202 0.9850696
0.9893909 0.9829389
1.032724 0.9812037
1.03127 0.9812536
1.032316 0.9800393
1.00891 0.9800865
1.013814 0.9788519
1.014518 0.9796324
1.023339 0.9772071
1.030982 0.9759129
0.9786413 0.9770086
0.9792449 0.9756429
0.9893733 0.9744869
0.9898362 0.973994
0.9811568 0.9732479
0.98169 0.9737842
0.9813536 0.9719549
0.9778178 0.9743851
0.9903577 0.9731923
1.019986 0.971173
1.00758 0.9708098
1.006878 0.9697626
0.9830103 0.97156
0.9829899 0.9704249
0.9764524 0.9693376
0.9830111 0.9702482
0.9830478 0.9714213
0.975763 0.9698674
0.9796098 0.9710233
0.9795652 0.9691684
0.9799325 0.9701911
0.9879709 0.969285
0.9857063 0.9689506
0.9845617 0.9697462
0.9833915 0.9680622
0.9830223 0.9685647
0.9821273 0.9671195
1.026429 0.9692155
1.006507 0.9694019
0.9705529 0.9694131
1.013982 0.9736072
1.014913 0.9519853
1.013347 0.9424479
1.014368 0.942696
1.013737 0.9411998
1.012732 0.9394779
1.011838 0.9385352
1.011663 0.9390829
1.014778 0.9435102
1.016595 0.9438147
1.017836 0.9448355
1.020228 0.9470316
1.02095 0.9484887
1.021485 0.9491963
1.021569 0.9491227
1.021681 0.9502755
1.021755 0.9501303
1.021979 0.950312
1.022845 0.9526739
1.023176 0.9589938
1.012616 0.9657433
1.01207 0.971778
1.008901 0.9729044
1.007421 0.9754715
0.9861965 0.975959
0.9857236 0.9727809
1.000849 0.9720981
0.9737459 0.9700741
0.9822898 0.970127
0.9822895 0.9696063
0.9823363 0.9685491
0.9822465 0.9666589
0.9821671 0.9663159
0.9820282 0.9659956
0.9819105 0.9666376
0.9929779 0.9663855
0.9931133 0.967274
0.9945282 0.9677752
0.9975007 0.9687036
0.9992115 0.9691876
0.9918015 0.972488
1.002894 0.9684948
1.019938 0.9639336
1.006353 0.9636412
1.020489 0.9599373
1.022122 0.9563447
1.022465 0.9559029
1.021907 0.952998
1.02195 0.9528197
1.021113 0.9504103
1.021364 0.9523174
1.020817 0.95169
1.021483 0.9527411
1.021138 0.9528653
1.020832 0.953388
1.021213 0.9541004
1.021822 0.9555018
1.022279 0.9564234
1.02254 0.9558523
1.022777 0.9568304
1.023002 0.9572242
1.023337 0.9580365
1.023685 0.9580038
1.023751 0.9574122
1.023967 0.9567878
1.023972 0.9565432
1.023916 0.9560884
1.023475 0.953447
1.023025 0.9538345
1.023134 0.9555996
1.011508 0.9657401
1.019825 0.9660942
1.017107 0.9645486
1.010932 0.9599193
1.008106 0.957797
1.008003 0.9600378
0.9699219 0.9635184
1.010754 0.9717349
1.019113 0.9624043
1.019485 0.9577662
1.019471 0.9527676
1.019653 0.9531963
1.020327 0.9546556
1.007888 0.963604
1.017337 0.9658642
0.9974689 0.9657481
0.9955407 0.9649209
0.9943135 0.9636378
0.9943867 0.9656002
0.9959141 0.9700761
1.006052 0.969324
1.019123 0.9587258
1.015225 0.9475361
1.014204 0.9453275
1.015778 0.9486048
1.01832 0.9572737
1.020426 0.9672041
1.012143 0.9742091
1.011338 0.9737276
1.009794 0.9726707
1.006073 0.9735491
1.006261 0.9764636
1.012246 0.9762405
1.02143 0.9612399
1.017628 0.9513382
1.017654 0.9474688
1.019945 0.9507152
1.018516 0.9610365
1.017842 0.9725077
1.014886 0.9770564
1.012483 0.9758465
1.011461 0.9767725
1.011461 0.9767725
1.011394 0.9806228
1.011394 0.9806228
1.022338 0.9721763
1.022338 0.9721763
1.015951 0.9538257
1.015951 0.9538257
1.013918 0.9526043
1.013918 0.9526043
1.013689 0.9497387
1.013689 0.9497387
1.013481 0.9487841
1.013481 0.9487841
1.013101 0.9481753
1.013101 0.9481753
1.013142 0.9527531
1.013142 0.9527531
1.01387 0.9632432
1.01387 0.9632432
1.01808 0.979319
1.01808 0.979319
1.017856 0.9830518
1.017856 0.9830518
1.017707 0.984179
1.017707 0.984179
1.017488 0.9829826
1.017488 0.9829826
1.016793 0.9794007
1.016793 0.9794007
1.015798 0.9803021
1.015798 0.9803021
1.014798 0.9792818
1.014798 0.9792818
1.014294 0.9799603
1.014294 0.9799603
1.01452 0.9824328
1.01452 0.9824328
1.016743 0.9835242
1.016743 0.9835242
1.023311 0.9710823
1.023311 0.9710823
1.024328 0.9654705
1.024328 0.9654705
1.024585 0.9626184
1.024585 0.9626184
1.026243 0.9636256
1.026243 0.9636256
1.027267 0.9673327
1.027267 0.9673327
1.027093 0.9739387
1.027093 0.9739387
1.025648 0.9802601
1.025648 0.9802601
1.021876 0.9826176
1.021876 0.9826176
1.018148 0.9840789
1.018148 0.9840789
1.017057 0.9833155
1.017057 0.9833155
1.016315 0.9815513
1.016315 0.9815513
1.015995 0.9808594
1.015995 0.9808594
1.016361 0.9822932
1.016361 0.9822932
1.020087 0.9775167
1.020087 0.9775167
1.019063 0.956819
1.019063 0.956819
1.017503 0.9506702
1.017503 0.9506702
1.016463 0.9498914
1.016463 0.9498914
1.018683 0.9537714
1.018683 0.9537714
1.018746 0.9637035
1.018746 0.9637035
1.019901 0.9733583
1.019901 0.9733583
1.01811 0.9804547
1.01811 0.9804547
1.015572 0.9825302
1.015572 0.9825302
1.01456 0.9818268
1.01456 0.9818268
1.014079 0.9810742
1.014079 0.9810742
1.014054 0.9807354
1.014054 0.9807354
1.01493 0.9841145
1.01493 0.9841145
1.019297 0.9802246
1.019297 0.9802246
1.022452 0.9681296
1.022452 0.9681296
1.019939 0.9566134
1.019939 0.9566134
1.021753 0.9574208
1.021753 0.9574208
1.02323 0.9599794
1.02323 0.9599794
1.019722 0.968912
1.019722 0.968912
1.019103 0.9780315
1.019103 0.9780315
1.019759 0.984251
1.019759 0.984251
1.016573 0.9861742
1.016573 0.9861742
1.016004 0.985854
1.016004 0.985854
1.015822 0.9854065
1.015822 0.9854065
1.015668 0.9841512
1.015668 0.9841512
1.015912 0.9868585
1.015912 0.9868585
1.019586 0.9858419
1.019586 0.9858419
1.024496 0.9745225
1.024496 0.9745225
1.026412 0.9688252
1.026412 0.9688252
1.027095 0.9706962
1.027095 0.9706962
1.024449 0.974131
1.024449 0.974131
1.022747 0.9804813
1.022747 0.9804813
1.019008 0.9850506
1.019008 0.9850506
1.018318 0.9864224
1.018318 0.9864224
1.030951 0.9869077
1.030951 0.9869077
1.016583 0.985948
1.016583 0.985948
1.016496 0.9870081
1.016496 0.9870081
1.019107 0.9878166
1.019107 0.9878166
1.023039 0.9786454
1.023039 0.9786454
1.021876 0.9629509
1.021876 0.9629509
1.022144 0.9615861
1.022144 0.9615861
1.020807 0.9581573
1.020807 0.9581573
1.021163 0.9591594
1.021163 0.9591594
1.020884 0.9591754
1.020884 0.9591754
1.02089 0.9617713
1.02089 0.9617713
1.020924 0.9638504
1.020924 0.9638504
1.021948 0.9648166
1.021948 0.9648166
1.023324 0.9653599
1.023324 0.9653599
1.025487 0.9695867
1.025487 0.9695867
1.027621 0.9726922
1.027621 0.9726922
1.028429 0.9754318
1.028429 0.9754318
1.027643 0.978604
1.027643 0.978604
1.027733 0.9821258
1.027733 0.9821258
1.027856 0.9857277
1.027856 0.9857277
1.027993 0.9904922
1.027993 0.9904922
1.02838 0.9920698
1.02838 0.9920698
1.028419 0.9947211
1.028419 0.9947211
1.028251 0.9952802
1.028251 0.9952802
1.027438 0.9945315
1.027438 0.9945315
1.026634 0.9927652
1.026634 0.9927652
1.025606 0.9902141
1.025606 0.9902141
1.024145 0.9878875
1.024145 0.9878875
1.022274 0.9865677
1.022274 0.9865677
1.019791 0.9840879
1.019791 0.9840879
0.9799852 0.9802465
0.9799852 0.9802465
1.018762 0.9806964
1.018762 0.9806964
1.025069 0.9765877
1.025069 0.9765877
1.026743 0.9743832
1.026743 0.9743832
1.0288 0.9748656
1.0288 0.9748656
1.030158 0.971821
1.030158 0.971821
1.019042 0.9751607
1.019042 0.9751607
1.018885 0.9774032
1.018885 0.9774032
1.022425 0.9833779
1.022425 0.9833779
1.025267 0.9866664
1.025267 0.9866664
0.9924154 0.9880364
0.9924154 0.9880364
0.9931458 0.9915016
0.9931458 0.9915016
0.9950719 0.9955963
0.9950719 0.9955963
0.9927394 0.9990762
0.9927394 0.9990762
0.9921942 0.9999481
0.9921942 0.9999481
0.9930093 1.006437
0.9930093 1.006437
0.9929147 1.010039
0.9929147 1.010039
0.9924963 1.009925
0.9924963 1.009925
0.9930679 1.008312
0.9930679 1.008312
0.9937862 1.007534
0.9937862 1.007534
0.994519 1.00787
0.994519 1.00787
0.9949438 1.00696
0.9949438 1.00696
0.9953307 1.004751
0.9953307 1.004751
0.9954538 1.004536
0.9954538 1.004536
0.9954151 1.00851
0.9954151 1.00851
0.9948645 1.014808
0.9948645 1.014808
1.071042 1.023373
1.071042 1.023373
1.07225 1.023221
1.07225 1.023221
1.072683 1.015988
1.072683 1.015988
1.070808 1.005334
1.070808 1.005334
1.023781 0.9924638
1.023781 0.9924638
1.02243 0.9870112
1.02243 0.9870112
1.020421 0.9788458
1.020421 0.9788458
1.017129 0.9753963
1.017129 0.9753963
1.015755 0.971638
1.015755 0.971638
1.014773 0.9686569
1.014773 0.9686569
1.014085 0.9673184
1.014085 0.9673184
1.013892 0.9670417
1.013892 0.9670417
1.01379 0.9679764
1.01379 0.9679764
1.013852 0.9672911
1.013852 0.9672911
1.013947 0.9665403
1.013947 0.9665403
1.013824 0.9667187
1.013824 0.9667187
1.013499 0.9657325
1.013499 0.9657325
1.013369 0.9661926
1.013369 0.9661926
1.013855 0.9699798
1.013855 0.9699798
1.027308 0.985667
1.027308 0.985667
1.003637 1.012046
1.003637 1.012046
1.005099 1.026215
1.005099 1.026215
1.006666 1.030968
1.006666 1.030968
1.00672 1.021677
1.00672 1.021677
1.038353 1.005512
1.038353 1.005512
1.033296 0.99634
1.033296 0.99634
1.03148 0.991294
1.03148 0.991294
1.030781 0.9887944
1.030781 0.9887944
1.030054 0.9886346
1.030054 0.9886346
1.02981 0.9904819
1.02981 0.9904819
1.029746 0.9936115
1.029746 0.9936115
1.029705 0.9990008
1.029705 0.9990008
1.031569 1.004852
1.031569 1.004852
0.9948636 1.009632
0.9948636 1.009632
1.066439 1.023625
1.066439 1.023625
1.071867 1.026165
1.071867 1.026165
1.073108 1.02692
1.073108 1.02692
1.07395 1.026405
1.07395 1.026405
1.074261 1.026748
1.074261 1.026748
1.074569 1.02639
1.074569 1.02639
1.075078 1.027939
1.075078 1.027939
1.07562 1.027326
1.07562 1.027326
1.075711 1.026138
1.075711 1.026138
1.075752 1.025044
1.075752 1.025044
1.075452 1.02325
1.075452 1.02325
1.07443 1.02117
1.07443 1.02117
1.073149 1.018805
1.073149 1.018805
1.071443 1.017965
1.071443 1.017965
1.070298 1.015669
1.070298 1.015669
1.044366 1.014122
1.044366 1.014122
1.044461 1.010667
1.044461 1.010667
1.04454 1.006729
1.04454 1.006729
1.042826 1.003378
1.042826 1.003378
1.042282 1.004696
1.042282 1.004696
1.024702 1.004299
1.024702 1.004299
1.045965 1.004375
1.045965 1.004375
1.03872 1.003025
1.03872 1.003025
1.038084 1.002588
1.038084 1.002588
1.037615 1.002512
1.037615 1.002512
1.03699 1.00374
1.03699 1.00374
1.036406 1.001212
1.036406 1.001212
1.03617 1.001238
1.03617 1.001238
1.035866 1.000606
1.035866 1.000606
1.03557 1.001532
1.03557 1.001532
1.035386 1.00047
1.035386 1.00047
1.035718 1.001217
1.035718 1.001217
1.036461 1.002437
1.036461 1.002437
1.039208 1.001368
1.039208 1.001368
1.007313 0.9989338
1.007313 0.9989338
1.031883 0.999154
1.031883 0.999154
1.032529 0.9971552
1.032529 0.9971552
1.032826 0.9958232
1.032826 0.9958232
1.032349 0.9953467
1.032349 0.9953467
1.032069 0.9943699
1.032069 0.9943699
1.031911 0.9953939
1.031911 0.9953939
1.031626 0.9957897
1.031626 0.9957897
1.031509 0.9968415
1.031509 0.9968415
1.031101 0.9960974
1.031101 0.9960974
1.031096 0.9976988
1.031096 0.9976988
1.03109 0.997134
1.03109 0.997134
1.031184 0.9978437
1.031184 0.9978437
1.031512 0.9991184
1.031512 0.9991184
1.031553 0.998145
1.031553 0.998145
1.031668 0.9979896
1.031668 0.9979896
1.031787 0.9990796
1.031787 0.9990796
1.031746 1.000322
1.031746 1.000322
1.032144 1.00039
1.032144 1.00039
1.03265 1.000529
1.03265 1.000529
1.031859 1.000384
1.031859 1.000384
1.031665 1.000997
1.031665 1.000997
1.031996 1.00061
1.031996 1.00061
1.032453 1.001567
1.032453 1.001567
1.0322 0.9999577
1.0322 0.9999577
1.032498 0.9998211
1.032498 0.9998211
1.032338 0.999268
1.032338 0.999268
1.032763 1.001011
1.032763 1.001011
1.033241 1.001165
1.033241 1.001165
1.033075 1.001502
1.033075 1.001502
1.033841 1.001351
1.033841 1.001351
1.034054 1.001449
1.034054 1.001449
1.034406 1.002027
1.034406 1.002027
1.035291 1.002908
1.035291 1.002908
1.036627 1.004249
1.037186 1.004515
1.037911 1.004905
1.038793 1.006209
1.03843 1.006389
1.038458 1.006553
1.038681 1.006661
1.038914 1.006562
1.039363 1.006749
1.0399 1.008625
1.040607 1.009114
1.041037 1.008751
1.041062 1.009914
1.04162 1.009291
1.041967 1.010308
1.042546 1.011017
1.043164 1.011246
1.043787 1.01199
1.044163 1.01312
1.044554 1.013179
1.045025 1.013979
1.045462 1.014085
1.045829 1.014766
1.046315 1.014792
1.046929 1.016101
1.047059 1.016355
1.047287 1.016661
1.047361 1.017073
1.045735 1.015894
1.045135 1.015256
1.04551 1.015673
1.045876 1.0164
1.046114 1.016541
1.04579 1.01763
1.051279 1.017514
1.047097 1.018009
1.047293 1.019507
1.047675 1.020194
1.051468 1.019977
1.051491 1.020073
1.05182 1.021254
1.051708 1.020505
1.052164 1.022752
1.052324 1.02382
1.05285 1.023953
1.053049 1.025275
1.053332 1.025915
1.053356 1.025023
1.053736 1.025718
1.054378 1.02506
1.053616 1.024867
1.054937 1.024818
1.054172 1.02361
1.054597 1.023409
1.056888 1.023957
1.057288 1.02344
1.057507 1.02306
1.057559 1.023253
1.057125 1.022684
1.057098 1.023635
1.05695 1.02247
1.056966 1.022446
1.056954 1.022867
1.062551 1.022298
1.044428 1.023183
1.061958 1.020897
1.062137 1.020336
1.062081 1.016464
1.062057 1.014378
1.061864 1.011083
1.062384 1.009996
1.062147 1.007156
1.062081 1.004589
1.061846 1.002373
1.060885 1.000391
1.060276 1.00064
1.059078 0.9991866
1.058104 0.9994335
1.057381 0.9993547
1.056672 0.9971897
1.054696 0.9966584
1.054465 0.9967725
1.054277 0.9955101
1.054073 0.996124
1.054152 0.997525
1.054269 0.9997848
1.054438 1.002
1.054518 1.003898
1.054624 1.006587
1.0551 1.009334
1.055355 1.011627
1.055853 1.01306
1.056205 1.014185
1.056364 1.015252
1.056383 1.015083
1.056356 1.015207
1.056239 1.015868
1.056159 1.014595
1.056074 1.015024
1.055709 1.014538
1.054888 1.013729
1.053986 1.01112
1.053431 1.011506
1.038713 1.010414
1.045035 1.009591
1.04654 1.00839
1.047542 1.009759
1.04822 1.009549
1.048519 1.009391
1.048569 1.010539
1.048812 1.010059
1.048845 1.00961
1.048689 1.008448
1.048397 1.007027
1.048227 1.008361
1.048114 1.009528
1.048109 1.009248
1.048072 1.009188
1.047936 1.008445
1.047766 1.00802
1.047584 1.008036
1.033341 1.007171
1.053431 1.006508
1.052952 1.005184
1.052437 1.002224
1.052377 0.9983195
1.051276 0.9907477
1.048487 0.9850204
1.046871 0.9834027
1.045707 0.9821776
1.045226 0.9829527
1.045048 0.9850171
1.045144 0.9861861
1.045734 0.9916931
1.046205 0.9944466
1.046525 0.9969701
1.047568 1.001626
1.048746 1.005139
1.050202 1.007482
1.050917 1.009652
1.051469 1.011556
1.052037 1.011585
1.051746 1.010173
1.033848 1.009647
1.041073 1.008654
1.043408 1.008766
1.044623 1.008306
1.045378 1.00782
1.037891 1.008207
1.04289 1.00682
1.037025 1.007428
1.035529 1.006759
1.043972 1.007186
1.045457 1.008334
1.046107 1.007225
1.046601 1.006022
1.046614 1.004937
1.046442 1.004791
1.045931 1.005299
1.05419 1.00144
1.053154 0.9950778
1.050647 0.987634
1.045324 0.9795395
1.04235 0.9756652
1.040137 0.9741016
1.038616 0.9713809
1.038083 0.9732745
1.040409 0.9775885
1.040548 0.9848337
1.040852 0.9888299
1.041546 0.9939882
1.042805 0.9974757
1.022238 1.000714
1.036425 1.00215
1.037416 1.00274
1.038041 1.001315
1.03831 0.999631
1.038454 0.9995289
1.03863 0.9983748
1.038688 0.9984781
1.038774 0.9972236
1.038896 0.9950423
1.038719 0.9939703
1.038314 0.9947979
1.038186 0.9953749
1.037944 0.9951607
1.037392 0.9940836
1.036966 0.9915927
1.019568 0.9909174
1.043263 0.9901029
1.042395 0.9856481
1.042395 0.9856481
1.041057 0.9789109
1.041057 0.9789109
1.038466 0.9734024
1.038466 0.9734024
1.035322 0.9675812
1.035322 0.9675812
1.03294 0.9644224
1.03294 0.9644224
1.031551 0.9635321
1.031551 0.9635321
1.030552 0.963698
1.030552 0.963698
1.029852 0.96289
1.029852 0.96289
1.029635 0.9648709
1.029635 0.9648709
1.029635 0.970302
1.029635 0.970302
1.02987 0.9786919
1.02987 0.9786919
1.030753 0.9823231
1.030753 0.9823231
1.031243 0.985622
1.031243 0.985622
1.012839 0.9873834
1.012839 0.9873834
1.026348 0.9879382
1.026348 0.9879382
1.026778 0.9867573
1.026778 0.9867573
1.027141 0.9844146
1.027141 0.9844146
1.027331 0.9844668
1.027331 0.9844668
1.027536 0.9831299
1.027536 0.9831299
1.027527 0.9825187
1.027527 0.9825187
1.027105 0.9812881
1.027105 0.9812881
1.026879 0.981665
1.026879 0.981665
1.026619 0.981674
1.026619 0.981674
1.026136 0.9803266
1.026136 0.9803266
1.02555 0.9811518
1.02555 0.9811518
1.024733 0.9802558
1.024733 0.9802558
1.008811 0.9775602
1.008811 0.9775602
1.013847 0.9771976
1.013847 0.9771976
1.031944 0.9753731
1.031944 0.9753731
1.032946 0.9711809
1.032946 0.9711809
1.033162 0.9677225
1.033162 0.9677225
1.030869 0.960422
1.030869 0.960422
1.030453 0.9570493
1.030453 0.9570493
1.025244 0.9501957
1.025244 0.9501957
1.023591 0.9479218
1.023591 0.9479218
1.021543 0.9464475
1.021543 0.9464475
1.020541 0.9469146
1.020541 0.9469146
1.021008 0.9477944
1.021008 0.9477944
1.021976 0.954596
1.021976 0.954596
1.022114 0.9620858
1.022114 0.9620858
1.022148 0.9681926
1.022148 0.9681926
0.9997361 0.9744706
0.9997361 0.9744706
1.01571 0.9773495
1.01571 0.9773495
1.016867 0.9788293
1.016867 0.9788293
1.017449 0.9783401
1.017459 0.9775686
1.01779 0.9764337
1.017504 0.9749191
1.017146 0.9731449
1.017043 0.9730573
1.016546 0.9716515
1.016015 0.9702921
1.015674 0.9699726
1.014986 0.9697888
1.014479 0.9686115
1.013106 0.9666904
1.011583 0.965167
1.009686 0.9641635
1.007623 0.9637251
0.9854639 0.962252
0.9986503 0.9635727
0.9995596 0.9598588
0.9999706 0.9584723
1.019345 0.957453
1.019417 0.9565299
1.019437 0.9555712
1.019452 0.9536653
1.019456 0.9548912
1.019498 0.9543393
1.019671 0.9559341
1.019763 0.9557275
1.019926 0.9547307
1.020154 0.9559777
1.020352 0.9556208
1.020388 0.954856
1.020397 0.9548233
1.020458 0.9547352
1.020473 0.9537641
1.020399 0.9529855
1.02049 0.9521291
1.02049 0.9510988
1.020447 0.9517045
1.020255 0.9508887
1.020108 0.9508458
1.019877 0.9499952
1.019601 0.9494704
1.019377 0.9489211
1.018827 0.9478348
1.018349 0.9454029
1.017829 0.9455749
1.017226 0.9439701
1.016479 0.9429096
1.015885 0.9430306
1.01466 0.9444936
1.011274 0.9452172
0.9935154 0.9486166
0.9922342 0.9465686
0.9901952 0.9440807
0.9886022 0.9444974
0.9853873 0.9432827
0.982076 0.9397748
0.9801279 0.9387757
0.9775591 0.9350213
0.97532 0.9322959
0.9725472 0.9281182
0.9522547 0.9263884
1.002176 0.9278709
0.9525684 0.9221839
0.9529787 0.9208367
0.9951969 0.9196752
0.9924837 0.9149604
0.9906316 0.9117467
0.9895325 0.9118849
0.9897869 0.9160426
0.9895291 0.9192269
0.9896161 0.9234761
0.9905378 0.9257974
0.9922739 0.9304267
0.9922836 0.9331251
0.9930465 0.9370693
0.9934778 0.9392417
0.9944785 0.9418946
0.9164739 0.8972173
0.9166189 0.9031168
0.9166189 0.9031168
0.9189058 0.9099942
0.9232867 0.9176739
0.9280353 0.923796
0.9307049 0.9273582
0.9354354 0.9349355
1.013118 0.9686883
1.013538 0.9704291
1.013538 0.9704291
1.013704 0.9709795
1.013717 0.9687693
1.013451 0.9653511
1.011788 0.9618422
1.010283 0.9567738
1.008696 0.9548557
1.007704 0.9534355
1.006943 0.9500765
1.006761 0.9513912
1.0066 0.9495257
1.007378 0.9499396
1.007582 0.9489774
1.007171 0.9483623
1.007681 0.948491
1.007627 0.9474154
1.007725 0.9481619
1.007874 0.9450974
1.005987 0.9472479
1.005763 0.9478075
1.005526 0.9500992
1.005156 0.9523047
1.005245 0.9527971
1.005141 0.9540464
1.005758 0.9558067
1.007892 0.9554337
1.009128 0.9568581
1.010351 0.9559566
1.013222 0.9574272
1.014009 0.9562041
1.013183 0.952064
0.9896198 0.9494664
0.9851868 0.9464045
0.9813362 0.9414942
0.9782777 0.9389637
0.9749711 0.9375761
0.9732168 0.9345518
0.999091 0.9311141
0.998345 0.9284658
0.997454 0.9252439
0.996051 0.9216644
0.9938453 0.9182727
0.9911251 0.9171635
0.9899186 0.9135505
0.9883607 0.9108069
0.9858111 0.9088765
0.9846235 0.9065063
0.9836044 0.9050121
0.9828618 0.9036343
0.9820513 0.9018261
0.9829299 0.9018951
0.9823816 0.9023544
0.9826608 0.9018893
0.9838932 0.9029909
0.9851041 0.9040489
0.9866094 0.9059709
0.9884912 0.9096614
0.9935803 0.9138625
0.9975559 0.9183366
1.00045 0.9223719
1.00482 0.9286326
1.007627 0.9347531
1.009972 0.9396057
1.009695 0.9410049
1.010145 0.9450691
1.015511 0.9528368
1.018194 0.9559926
1.021526 0.9600562
1.024874 0.9618925
1.028165 0.9659168
1.030497 0.9674601
1.033339 0.9734824
1.036161 0.9768701
1.03805 0.9796991
1.039797 0.982478
1.041089 0.9849516
1.04187 0.9857742
1.042399 0.987982
1.042847 0.9904295
1.043306 0.9916136
1.043164 0.993016
1.043485 0.9943283
1.04372 0.9950219
1.043208 0.9957794
1.043274 0.9974332
1.043368 0.9985071
1.043659 1.000593
1.043997 1.001771
1.046009 1.001227
1.04469 1.003026
1.044065 1.003225
1.046332 1.003597
1.047356 1.004209
1.048438 1.002984
1.049502 1.003603
1.051468 1.00505
1.053207 1.004867
1.049846 1.002074
1.049939 1.002895
1.051032 1.003869
1.050922 1.007594
1.050458 1.007394
1.051407 1.008959
1.050825 1.006857
1.049175 0.9990471
1.048546 0.9935471
1.048737 0.991904
1.04832 0.9892367
1.047884 0.9860967
1.047118 0.9849711
1.046111 0.982118
1.045106 0.980137
1.044401 0.9795243
1.044118 0.9792663
1.043332 0.9779295
1.042825 0.9782545
1.042904 0.9778217
1.035282 0.9778647
1.034534 0.9811153
1.034688 0.9857029
1.035122 0.9923246
1.037243 1.003251
1.042189 1.007951
1.045263 1.008027
1.045551 1.011496
1.044994 1.012365
1.044716 1.012
1.044476 1.006567
1.041928 0.996049
1.038303 0.9894361
1.039175 0.9825158
1.039183 0.9784081
1.038304 0.9731751
1.036388 0.9698735
1.035532 0.9676447
1.034395 0.9665083
1.033581 0.965248
1.033036 0.9639473
1.032806 0.9644341
1.032888 0.9652662
1.034299 0.9640268
1.034305 0.9653467
1.035556 0.9651122
1.035381 0.9661193
1.035371 0.9663187
1.035065 0.9678144
1.029401 0.9709695
1.028437 0.9728025
1.028415 0.9777755
1.029257 0.9831954
1.032277 0.9903338
1.033126 0.9926708
1.03377 0.9855555
1.033253 0.9787326
1.031927 0.9747916
1.030945 0.9738216
1.030195 0.9737957
1.030015 0.9767111
1.03004 0.9821503
1.03191 0.9898978
1.034861 0.9914414
1.035322 0.988074
1.034965 0.9841251
1.03338 0.9789751
1.035611 0.9747769
1.03616 0.9735405
1.037597 0.9720783
1.035524 0.9704872
1.038349 0.9681972
1.040435 0.9672879
1.038178 0.965811
1.037398 0.9669697
1.039157 0.9670799
1.039529 0.9683201
1.039508 0.9695958
1.039485 0.9716065
1.034151 0.9729271
1.032827 0.9758191
1.032525 0.9781496
1.032644 0.9815775
1.032563 0.9828166
1.031464 0.9784402
1.030759 0.9730384
1.029433 0.9694282
1.0284 0.9678179
1.027631 0.9696172
1.0271 0.97037
1.026528 0.9735374
1.026736 0.9748709
1.026825 0.9768615
1.026592 0.9716602
1.025513 0.9678047
1.024193 0.96545
1.024119 0.9649171
1.02444 0.9639058
1.025526 0.9638188
1.037433 0.964641
1.037673 0.9645512
1.037946 0.9651269
1.036428 0.9655089
1.033587 0.9659917
1.030973 0.9654357
1.035915 0.9658845
1.035933 0.9671748
1.02773 0.9677419
1.026174 0.9713539
1.025614 0.9744956
1.025679 0.9771478
1.026364 0.9800588
1.027521 0.98265
1.027695 0.983255
1.028262 0.9771055
1.028408 0.9737951
1.028458 0.9744262
1.028474 0.9741967
1.028576 0.9770175
1.028057 0.9793163
1.028184 0.9822622
1.028426 0.9807233
1.02874 0.9815292
1.028387 0.9804998
1.027246 0.9776483
1.025802 0.9765627
1.023132 0.9719338
1.021615 0.9684538
1.020775 0.963874
1.020422 0.9627582
1.019932 0.9608853
1.019711 0.9603721
1.019152 0.9600145
1.018788 0.9603028
1.018567 0.9611658
1.018542 0.9618858
1.01869 0.9612768
1.019061 0.9608403
1.019383 0.9636651
1.020426 0.9641525
1.022682 0.9690506
1.027074 0.9721968
1.028658 0.9735133
1.029934 0.9756626
1.031104 0.9765321
1.031876 0.9783149
1.03232 0.9787883
1.032668 0.9790922
1.033006 0.9801885
1.033077 0.9808481
1.033047 0.981993
1.033102 0.9824126
1.033088 0.9834123
1.033107 0.984033
1.033084 0.9838086
1.033042 0.9840933
1.033106 0.9843503
1.032671 0.9829393
1.032424 0.9829977
1.032171 0.9827754
1.032089 0.9840795
1.03206 0.9821123
1.032074 0.9828597
1.032057 0.983324
1.03213 0.9833497
1.032308 0.9833211
1.032757 0.9834654
1.032971 0.9838763
1.033354 0.9837181
1.033724 0.984517
1.034646 0.9850614
1.035473 0.9859331
1.036113 0.9855208
1.036568 0.9857721
1.036896 0.9862291
1.037271 0.9858868
1.037944 0.9868481
1.03868 0.9876417
1.039578 0.9879301
1.040209 0.9891309
1.041728 0.9899231
1.0424 0.9914123
1.04309 0.9911684
1.043457 0.9919314
1.043914 0.9926161
1.044075 0.9915918
1.04414 0.9910731
1.043943 0.9910874
1.043634 0.9900601
1.043393 0.989183
1.042845 0.988588
1.042254 0.9866946
1.041649 0.985464
1.041172 0.9848962
1.040373 0.9825094
1.03906 0.9816285
1.037725 0.9808344
1.036945 0.9799205
1.036747 0.9786656
1.036109 0.9781474
1.035784 0.9779271
1.035713 0.9784806
1.035447 0.9780131
1.034868 0.9780146
1.034629 0.9769794
1.034559 0.9777378
1.034418 0.9779716
1.03468 0.9791403
1.034885 0.9795612
1.035421 0.9821296
1.036127 0.9833692
1.03644 0.9844677
1.036654 0.9837406
1.036731 0.9831262
1.036598 0.9818206
1.035955 0.9801568
1.035642 0.9802296
1.035069 0.9779385
1.034388 0.9775919
1.033682 0.9762989
1.033087 0.9769242
1.032486 0.9768195
1.031806 0.9755641
1.031142 0.974596
1.030794 0.9748861
1.030306 0.9745241
1.030017 0.9738313
1.029733 0.9735413
1.029172 0.973446
1.028439 0.9730472
1.027177 0.9736348
1.026254 0.9719377
1.025999 0.9732752
1.025183 0.9717996
1.023028 0.9682159
1.022336 0.9679689
1.023525 0.9699793
1.024609 0.9723494
1.027878 0.9770011
1.03151 0.9813574
1.035324 0.9823411
1.040011 0.9898981
1.040011 0.9898981
1.040011 0.9898981
1.043561 0.9934024
1.046535 0.9966583
1.046535 0.9966583
1.049889 1.001728
1.053119 1.005968
1.056338 1.010208
1.059812 1.015755
1.061932 1.018227
1.062948 1.02065
1.06368 1.021758
1.064362 1.024512
1.063347 1.025014
1.06122 1.023001
1.059683 1.023247
1.057023 1.021463
1.054327 1.018789
1.050036 1.01547
1.045611 1.011851
1.040554 1.00438
1.036152 0.9989008
1.031152 0.9912533
1.027646 0.9843671
1.024559 0.9802513
1.023261 0.9767202
1.021853 0.9733405
1.021046 0.9689812
1.019969 0.9671723
1.018787 0.9639108
1.018568 0.9623466
1.018995 0.9594235
1.019345 0.9579703
1.019119 0.9572007
1.021148 0.9576342
1.021857 0.9570755
1.022506 0.9576463
1.022917 0.9585416
1.023333 0.9600832
1.023808 0.9634245
1.024269 0.9635683
1.02509 0.9656232
1.026419 0.9680117
1.02796 0.9701979
1.030182 0.9723182
1.031163 0.9742885
1.033095 0.9762317
1.034598 0.9774778
1.035278 0.9788116
1.036564 0.981011
1.038316 0.9834264
1.040046 0.9870963
1.040201 0.9879877
1.040696 0.9903919
1.041045 0.9932531
1.041157 0.9955826
1.041125 0.9966275
1.041757 0.9998792
1.042397 1.001068
1.042364 1.001787
1.042368 1.001661
1.042232 1.001609
1.042211 1.001443
1.042023 1.000369
1.041884 1.000192
1.041641 1.000677
1.041614 1.001255
1.041643 1.000785
1.041674 1.001057
1.041687 1.000535
1.041725 1.001704
1.041649 1.002041
1.041519 1.001195
1.040336 0.9968833
1.038363 0.9899257
1.040057 0.9840941
1.04094 0.9786466
1.041463 0.9775727
1.041986 0.977278
1.042814 0.9795034
1.042871 0.9828383
1.041989 0.9877864
1.041903 0.9919735
1.042009 0.9958043
1.043684 1.004065
1.040621 0.9787755
1.037754 0.9741033
1.033822 0.9707426
1.031291 0.9695197
1.030198 0.9676058
1.030062 0.9711748
1.03041 0.9756056
1.030294 0.9812449
1.032993 0.9872698
1.033639 0.9881301
1.034215 0.9851797
1.033108 0.9737633
1.032527 0.9659782
1.033819 0.9630403
1.03394 0.9620047
1.0335 0.9628399
1.034306 0.9681231
1.033839 0.9684825
1.029788 0.9682777
1.0306 0.9735446
1.029632 0.9832578
1.04832 0.9925539
1.033568 0.995555
1.033344 1.004103
1.036574 1.00584
1.046771 1.008868
1.056338 1.021367
1.067845 1.039945
1.089069 1.053567
1.083032 1.055879
1.086323 1.063916
1.089587 1.071331
1.093698 1.0751
1.095933 1.078891
1.094983 1.073033
1.094205 1.070034
1.092117 1.063925
1.088545 1.057551
1.084645 1.051811
1.078267 1.044745
1.07158 1.039524
1.067104 1.038797
1.068849 1.050063
1.085647 1.060664
1.085647 1.060664
1.085647 1.060664
1.085604 1.067939
1.091321 1.079828
1.097473 1.091005
1.105847 1.101932
1.120459 1.107443
1.10237 1.116
1.103454 1.112336
1.098711 1.110066
1.097763 1.10709
1.095622 1.101585
1.095122 1.076751
1.092306 1.049882
1.092306 1.049882
1.089361 1.037847
1.086073 1.030142
1.082479 1.027255
1.085112 1.027312
1.082281 1.02578
1.087779 1.02375
1.102939 1.020534
1.097895 1.020637
1.095577 1.015301
1.092619 1.016788
1.079557 1.028682
1.073506 1.031115
1.06999 1.029996
1.069246 1.02912
1.066552 1.02691
1.068223 1.028401
1.068714 1.027478
1.069506 1.030296
1.07034 1.032103
1.072487 1.035209
1.073039 1.036549
1.073516 1.036664
1.07509 1.037195
1.074622 1.036497
1.075151 1.036149
1.075667 1.034191
1.038216 0.996681
1.069485 1.039019
1.068031 1.034215
1.063604 1.037602
1.058039 1.008799
1.051751 0.9993067
1.046248 0.9868876
1.040041 0.9773012
1.030823 0.9646634
1.016109 0.9456688
1.004523 0.9338723
0.9949946 0.9282587
0.9852543 0.9147426
0.9852543 0.9147426
0.9852543 0.9147426
0.9721937 0.9033071
0.9577442 0.891465
0.9577442 0.891465
0.9482751 0.8827072
0.9368744 0.8747731
0.9190092 0.8654475
0.9190092 0.8654475
0.9190092 0.8654475
0.9089389 0.8628938
0.892924 0.8485248
0.892924 0.8485248
0.8849051 0.837657
0.8301848 0.8003327
0.8583417 0.8353119
0.8546963 0.8319714
0.8453484 0.8264247
0.8324563 0.8165829
0.8288731 0.8092867
0.824077 0.7685421
0.8177472 0.7792531
0.8129833 0.7766138
0.8295224 0.8048221
0.6893691 0.6647387
0.6902868 0.6579426
0.683688 0.650762
0.6764136 0.6536862
0.670038 0.6457108
0.663096 0.6374087
0.6571187 0.6305993
0.6591665 0.6315215
0.6547001 0.6331278
0.6710443 0.6311259
0.7186463 0.7084499
0.7266357 0.697255
0.7283207 0.6901965
0.7737633 0.7471132
0.7226852 0.6852317
0.7574422 0.7317606
0.8191887 0.7453486
0.7983607 0.727981
0.7778989 0.711153
0.7608805 0.6874641
0.7416523 0.6684967
0.7213523 0.6512046
0.7038296 0.6349663
0.6148162 0.6130184
0.6011943 0.568628
0.5835356 0.5596653
0.5771439 0.5675952
0.5699216 0.5767918
0.5684328 0.5090733
0.754897 0.7653015
0.7382969 0.7467601
0.7294135 0.7374679
0.578067 0.5375398
0.5865705 0.5554884
0.6440423 0.6357915
0.5719278 0.578144
0.5430178 0.5467221
0.509968 0.4624047
0.5034392 0.4544963
0.4952067 0.4449331
0.4858039 0.4334728
0.4980572 0.4498779
0.5075637 0.4677157
0.5036544 0.4579351
0.5082664 0.4641477
0.5126408 0.4679012
0.5151893 0.4703873
0.5168656 0.4707068
0.5182332 0.4727137
0.5211331 0.4758559
0.5495524 0.5214885
0.550041 0.5202281
0.5503786 0.520048
0.5507671 0.5201284
0.5508837 0.5199896
0.5508419 0.519772
0.5519133 0.5211239
0.5517509 0.5209058
0.5551558 0.5262635
0.5566688 0.5290109
0.5596901 0.5342122
0.5604362 0.6654368
0.560809 0.6614599
0.5550482 0.659025
0.5172519 0.4768665
0.5103239 0.4647459
0.5095019 0.4639213
0.5082043 0.4626201
0.5077202 0.4621343
0.5072823 0.4616949
0.5073023 0.4617147
0.5074099 0.4618219
0.5074793 0.4618911
0.5076976 0.4621093
0.5077803 0.4621917
0.508 0.4624113
0.5046352 0.4672994
0.5053685 0.4687446
0.5058314 0.4696426
0.5079147 0.4623218
0.507984 0.4623914
0.5034673 0.4674473
0.503678 0.4677754
0.5038105 0.4680181
0.5083776 0.4627881
0.5045873 0.4688222
0.5078909 0.4623002
0.5078909 0.4623002
0.5077729 0.4621822
0.5077207 0.46213
0.5075931 0.4620024
0.5075137 0.461923
0.5075088 0.4619182
0.507501 0.4619106
0.5075248 0.4619347
0.5075722 0.4619823
0.5078853 0.4622964
0.5080908 0.4625027
0.5082608 0.4626732
0.5084004 0.4628135
0.512569 0.4763891
0.5125285 0.4763029
0.5103404 0.4647607
0.510335 0.4647553
0.5122912 0.4755527
0.5103188 0.4647395
0.5121066 0.4753768
0.5093396 0.4637579
0.5094724 0.4638909
0.5094953 0.4639139
0.5095318 0.4639505
0.509549 0.4639677
0.5095642 0.4639829
0.5125132 0.4764761
0.5125079 0.4764682
0.5108374 0.4652584