0 0 0
-0.03747473 -0.06409068 0.9145908
-0.04962578 -0.08344746 0.9843854
-0.04666711 -0.07946362 0.9906305
-0.04127896 -0.07741216 0.9953549
-0.03572114 -0.07702976 0.9998792
-0.029371 -0.0765426 1.003983
-0.02524562 -0.07277839 1.006012
-0.0228546 -0.07201066 1.008624
-0.01965242 -0.07262853 1.011805
-0.01807289 -0.07180051 1.014463
-0.016678 -0.07267301 1.016002
-0.01601519 -0.07288677 1.0182
-0.01609187 -0.07293653 1.018673
-0.01693965 -0.07322761 1.020641
-0.01843565 -0.07601828 1.021191
-0.01924018 -0.07592589 1.021498
-0.0206129 -0.07674249 1.020671
-0.02136291 -0.07547799 1.021233
-0.02163312 -0.0753943 1.019138
-0.02194573 -0.07375625 1.018606
-0.02086328 -0.0748209 1.016829
-0.02001611 -0.07381181 1.016037
-0.01829065 -0.07448845 1.015961
-0.01608616 -0.0742357 1.012422
-0.01312702 -0.07315554 1.010953
-0.01059468 -0.07226337 1.008157
-0.007904992 -0.0720738 1.006796
-0.003294941 -0.07008065 1.002516
0.0007990404 -0.06590097 0.9986739
0.004713183 -0.06429464 0.9960606
0.00852258 -0.06160709 0.993708
0.01169919 -0.06037626 0.9942448
0.01665106 -0.0585464 0.9917313
0.02104257 -0.05555469 0.9887785
0.02599493 -0.05295781 0.9873587
0.02959263 -0.04998186 0.9850696
0.03522617 -0.04475917 0.9829389
0.03885465 -0.03883636 0.9812037
0.0450086 -0.03216354 0.9812536
0.04977639 -0.02488346 0.9800393
0.05467484 -0.01733565 0.9800865
0.06002836 -0.009432532 0.9788519
0.06452755 -0.001048215 0.9796324
0.0697434 0.007373804 0.9772071
0.07474778 0.0136216 0.9759129
0.07763611 0.01832286 0.9770086
0.08094201 0.02354537 0.9756429
0.08287655 0.02895227 0.9744869
0.08363216 0.03063449 0.973994
0.08408179 0.0308154 0.9732479
0.08436158 0.03180948 0.9737842
0.084389 0.03240773 0.9719549
0.08316113 0.0322998 0.9743851
0.08337372 0.03202403 0.9731923
0.08406226 0.03141844 0.971173
0.08527315 0.03175361 0.9708098
0.08583097 0.02982166 0.9697626
0.08577775 0.02944497 0.97156
0.08604055 0.02863883 0.9704249
0.0869648 0.02799634 0.9693376
0.08684698 0.02906906 0.9702482
0.08726846 0.02850344 0.9714213
0.08833123 0.02729443 0.9698674
0.08817582 0.02585457 0.9710233
0.08853212 0.02527628 0.9691684
0.08790212 0.02286698 0.9701911
0.08806067 0.0226818 0.969285
0.08725379 0.02075807 0.9689506
0.08726034 0.02000518 0.9697462
0.0871231 0.01783072 0.9680622
0.08708201 0.01654522 0.9685647
0.08807266 0.01506638 0.9671195
0.08726893 0.01447904 0.9692155
0.08614814 0.01545034 0.9694019
0.0859783 0.01554174 0.9694131
0.08522771 0.0179038 0.9736072
0.08654086 0.01684898 0.9519853
0.08743181 0.01777801 0.9424479
0.09017478 0.01529839 0.942696
0.0922355 0.01303171 0.9411998
0.09455302 0.01301487 0.9394779
0.09614877 0.01277136 0.9385352
0.0977568 0.01332637 0.9390829
0.09831551 0.01167654 0.9435102
0.09986892 0.01122678 0.9438147
0.1007202 0.0108648 0.9448355
0.1005462 0.01045072 0.9470316
0.1013517 0.009358314 0.9484887
0.100912 0.01046097 0.9491963
0.1001559 0.0099947 0.9491227
0.09910852 0.01066549 0.9502755
0.09877896 0.01056335 0.9501303
0.09921345 0.00935187 0.950312
0.09849048 0.007274682 0.9526739
0.09881137 0.004936129 0.9589938
0.09862605 0.008152625 0.9657433
0.09582352 0.01112996 0.971778
0.09456167 0.01651859 0.9729044
0.09450447 0.01883239 0.9754715
0.09483386 0.02225535 0.975959
0.09688006 0.02373444 0.9727809
0.0969176 0.0254685 0.9720981
0.09829783 0.02521232 0.9700741
0.1000817 0.02718216 0.970127
0.1003484 0.0270215 0.9696063
0.1020719 0.02668326 0.9685491
0.1032683 0.02567364 0.9666589
0.1039825 0.02448676 0.9663159
0.1039176 0.02330904 0.9659956
0.1037067 0.02178429 0.9666376
0.1023184 0.02051391 0.9663855
0.1017184 0.01993125 0.967274
0.1003718 0.01832082 0.9677752
0.09984834 0.01647051 0.9687036
0.09973313 0.01302969 0.9691876
0.09893582 0.01058071 0.972488
0.1019689 0.008881434 0.9684948
0.1043802 0.005832473 0.9639336
0.1042892 0.0006462691 0.9636412
0.104204 -0.001949349 0.9599373
0.1038141 -0.006197477 0.9563447
0.103472 -0.006870915 0.9559029
0.1034685 -0.004940302 0.952998
0.1028444 -0.005194825 0.9528197
0.1036362 -0.003085217 0.9504103
0.1031687 -0.003293426 0.9523174
0.1032991 -0.002919599 0.95169
0.1043524 -0.001931138 0.9527411
0.104793 -0.0008706668 0.9528653
0.1046113 0.0002547209 0.953388
0.1046016 0.001533796 0.9541004
0.1044295 0.002278824 0.9555018
0.1036931 0.002831055 0.9564234
0.103754 0.003869946 0.9558523
0.104117 0.003938586 0.9568304
0.1033285 0.004602574 0.9572242
0.1038492 0.004915864 0.9580365
0.1040334 0.005295496 0.9580038
0.1037575 0.004820616 0.9574122
0.1040137 0.005701461 0.9567878
0.1046732 0.005556792 0.9565432
0.1051335 0.005370645 0.9560884
0.1061772 0.005389159 0.953447
0.1067517 0.005973184 0.9538345
0.1077784 0.005723677 0.9555996
0.1070119 0.008657238 0.9657401
0.1084134 0.01821146 0.9660942
0.1112978 0.02106464 0.9645486
0.1168242 0.02463691 0.9599193
0.1185738 0.02372441 0.957797
0.1167683 0.02025469 0.9600378
0.1142561 0.01936389 0.9635184
0.1096045 0.005656776 0.9717349
0.1092156 0.004639497 0.9624043
0.1064189 0.006228332 0.9577662
0.105563 0.008576323 0.9527676
0.1036498 0.009481854 0.9531963
0.1013948 0.005990135 0.9546556
0.1002123 0.01044815 0.963604
0.1004309 0.01668297 0.9658642
0.102882 0.02361011 0.9657481
0.1060987 0.02677679 0.9649209
0.1069506 0.02726462 0.9636378
0.1057637 0.02560974 0.9656002
0.1021062 0.02511234 0.9700761
0.1035464 0.01577071 0.969324
0.1029298 0.01190639 0.9587258
0.1055587 0.02291419 0.9475361
0.1057356 0.02270091 0.9453275
0.1038183 0.02274794 0.9486048
0.1025162 0.01818812 0.9572737
0.1006811 0.01846671 0.9672041
0.09855072 0.02271407 0.9742091
0.1023679 0.02619711 0.9737276
0.1034783 0.02797128 0.9726707
0.1013478 0.02754703 0.9735491
0.09728555 0.02469739 0.9764636
0.0950305 0.01577437 0.9762405
0.09593824 0.0128576 0.9612399
0.09682933 0.0240088 0.9513382
0.09765521 0.02240314 0.9474688
0.09748732 0.01820108 0.9507152
0.09567144 0.0122673 0.9610365
0.09211791 0.01401101 0.9725077
0.09260309 0.01963784 0.9770564
0.09508428 0.02304535 0.9758465
0.09417321 0.02189577 0.9767725
0.09417321 0.02189577 0.9767725
0.09046858 0.02162613 0.9806228
0.09046858 0.02162613 0.9806228
0.08981469 0.01587574 0.9721763
0.08981469 0.01587574 0.9721763
0.09462769 0.03231331 0.9538257
0.09462769 0.03231331 0.9538257
0.09628695 0.035582 0.9526043
0.09628695 0.035582 0.9526043
0.09751847 0.03197909 0.9497387
0.09751847 0.03197909 0.9497387
0.09879696 0.03193331 0.9487841
0.09879696 0.03193331 0.9487841
0.09933338 0.03114999 0.9481753
0.09933338 0.03114999 0.9481753
0.1003365 0.02839223 0.9527531
0.1003365 0.02839223 0.9527531
0.1000861 0.02930074 0.9632432
0.1000861 0.02930074 0.9632432
0.09362474 0.02481128 0.979319
0.09362474 0.02481128 0.979319
0.09407867 0.02648317 0.9830518
0.09407867 0.02648317 0.9830518
0.09775619 0.02866749 0.984179
0.09775619 0.02866749 0.984179
0.1001077 0.02974562 0.9829826
0.1001077 0.02974562 0.9829826
0.1017432 0.02808757 0.9794007
0.1017432 0.02808757 0.9794007
0.1032633 0.02523204 0.9803021
0.1032633 0.02523204 0.9803021
0.103308 0.0226962 0.9792818
0.103308 0.0226962 0.9792818
0.1034475 0.0215235 0.9799603
0.1034475 0.0215235 0.9799603
0.1012333 0.01971003 0.9824328
0.1012333 0.01971003 0.9824328
0.1008848 0.02116918 0.9835242
0.1008848 0.02116918 0.9835242
0.1029531 0.01462185 0.9710823
0.1029531 0.01462185 0.9710823
0.1034753 0.01490377 0.9654705
0.1034753 0.01490377 0.9654705
0.1045786 0.01155439 0.9626184
0.1045786 0.01155439 0.9626184
0.1046038 0.008178636 0.9636256
0.1046038 0.008178636 0.9636256
0.1033703 0.00723596 0.9673327
0.1033703 0.00723596 0.9673327
0.1020049 0.009282781 0.9739387
0.1020049 0.009282781 0.9739387
0.09859269 0.0099386 0.9802601
0.09859269 0.0099386 0.9802601
0.09970532 0.01511857 0.9826176
0.09970532 0.01511857 0.9826176
0.1015282 0.01843042 0.9840789
0.1015282 0.01843042 0.9840789
0.1022591 0.0205642 0.9833155
0.1022591 0.0205642 0.9833155
0.1016678 0.0191472 0.9815513
0.1016678 0.0191472 0.9815513
0.1001303 0.0162944 0.9808594
0.1001303 0.0162944 0.9808594
0.09552894 0.01389473 0.9822932
0.09552894 0.01389473 0.9822932
0.09653919 0.01268673 0.9775167
0.09653919 0.01268673 0.9775167
0.099228 0.01448037 0.956819
0.099228 0.01448037 0.956819
0.09929373 0.01726668 0.9506702
0.09929373 0.01726668 0.9506702
0.1000447 0.01506161 0.9498914
0.1000447 0.01506161 0.9498914
0.09872704 0.01300454 0.9537714
0.09872704 0.01300454 0.9537714
0.09780519 0.01420884 0.9637035
0.09780519 0.01420884 0.9637035
0.09550032 0.01516491 0.9733583
0.09550032 0.01516491 0.9733583
0.09513931 0.01538206 0.9804547
0.09513931 0.01538206 0.9804547
0.09774232 0.01967869 0.9825302
0.09774232 0.01967869 0.9825302
0.1017606 0.02138557 0.9818268
0.1017606 0.02138557 0.9818268
0.1027725 0.02074627 0.9810742
0.1027725 0.02074627 0.9810742
0.1036554 0.01874971 0.9807354
0.1036554 0.01874971 0.9807354
0.09895287 0.0150446 0.9841145
0.09895287 0.0150446 0.9841145
0.1002331 0.01346035 0.9802246
0.1002331 0.01346035 0.9802246
0.09895019 0.006620051 0.9681296
0.09895019 0.006620051 0.9681296
0.1024308 0.0125011 0.9566134
0.1024308 0.0125011 0.9566134
0.1020433 0.007143066 0.9574208
0.1020433 0.007143066 0.9574208
0.1012928 0.005889857 0.9599794
0.1012928 0.005889857 0.9599794
0.09953662 0.009484187 0.968912
0.09953662 0.009484187 0.968912
0.09566054 0.009675198 0.9780315
0.09566054 0.009675198 0.9780315
0.09609324 0.0146326 0.984251
0.09609324 0.0146326 0.984251
0.09790964 0.01812177 0.9861742
0.09790964 0.01812177 0.9861742
0.1008537 0.02125673 0.985854
0.1008537 0.02125673 0.985854
0.1022829 0.02149756 0.9854065
0.1022829 0.02149756 0.9854065
0.103629 0.01917314 0.9841512
0.103629 0.01917314 0.9841512
0.09962014 0.01488968 0.9868585
0.09962014 0.01488968 0.9868585
0.1000109 0.01300306 0.9858419
0.1000109 0.01300306 0.9858419
0.1037193 0.009160629 0.9745225
0.1037193 0.009160629 0.9745225
0.1044156 0.006691712 0.9688252
0.1044156 0.006691712 0.9688252
0.1053036 0.002888407 0.9706962
0.1053036 0.002888407 0.9706962
0.1043798 0.0060624 0.974131
0.1043798 0.0060624 0.974131
0.09863053 0.007416669 0.9804813
0.09863053 0.007416669 0.9804813
0.09943756 0.01582043 0.9850506
0.09943756 0.01582043 0.9850506
0.09933094 0.02050081 0.9864224
0.09933094 0.02050081 0.9864224
0.0983891 0.0190153 0.9869077
0.0983891 0.0190153 0.9869077
0.09831628 0.01669894 0.985948
0.09831628 0.01669894 0.985948
0.09833156 0.01377492 0.9870081
0.09833156 0.01377492 0.9870081
0.09557091 0.007525413 0.9878166
0.09557091 0.007525413 0.9878166
0.1001781 0.003678164 0.9786454
0.1001781 0.003678164 0.9786454
0.1030175 0.01292431 0.9629509
0.1030175 0.01292431 0.9629509
0.1014016 0.01303699 0.9615861
0.1014016 0.01303699 0.9615861
0.09972762 0.01528147 0.9581573
0.09972762 0.01528147 0.9581573
0.09905563 0.01705446 0.9591594
0.09905563 0.01705446 0.9591594
0.09819493 0.01922195 0.9591754
0.09819493 0.01922195 0.9591754
0.0985302 0.02049779 0.9617713
0.0985302 0.02049779 0.9617713
0.0993176 0.02222465 0.9638504
0.0993176 0.02222465 0.9638504
0.1002265 0.02067879 0.9648166
0.1002265 0.02067879 0.9648166
0.102732 0.01841111 0.9653599
0.102732 0.01841111 0.9653599
0.1043431 0.01536063 0.9695867
0.1043431 0.01536063 0.9695867
0.1056764 0.01396037 0.9726922
0.1056764 0.01396037 0.9726922
0.1061092 0.01300206 0.9754318
0.1061092 0.01300206 0.9754318
0.1080599 0.01601562 0.978604
0.1080599 0.01601562 0.978604
0.1089272 0.01823626 0.9821258
0.1089272 0.01823626 0.9821258
0.109112 0.0194418 0.9857277
0.109112 0.0194418 0.9857277
0.108409 0.01950672 0.9904922
0.108409 0.01950672 0.9904922
0.1052934 0.01792366 0.9920698
0.1052934 0.01792366 0.9920698
0.1035994 0.01779629 0.9947211
0.1035994 0.01779629 0.9947211
0.1048054 0.01765346 0.9952802
0.1048054 0.01765346 0.9952802
0.106796 0.02003292 0.9945315
0.106796 0.02003292 0.9945315
0.1080561 0.01924431 0.9927652
0.1080561 0.01924431 0.9927652
0.1103465 0.01999338 0.9902141
0.1103465 0.01999338 0.9902141
0.1116204 0.0195678 0.9878875
0.1116204 0.0195678 0.9878875
0.1117789 0.01890209 0.9865677
0.1117789 0.01890209 0.9865677
0.1149047 0.01644055 0.9840879
0.1149047 0.01644055 0.9840879
0.1174265 0.01358273 0.9802465
0.1174265 0.01358273 0.9802465
0.1163962 0.007501348 0.9806964
0.1163962 0.007501348 0.9806964
0.1175193 0.001014318 0.9765877
0.1175193 0.001014318 0.9765877
0.1178021 -0.005711864 0.9743832
0.1178021 -0.005711864 0.9743832
0.1144984 -0.01133978 0.9748656
0.1144984 -0.01133978 0.9748656
0.1130413 -0.01535816 0.971821
0.1130413 -0.01535816 0.971821
0.1078109 -0.0188493 0.9751607
0.1078109 -0.0188493 0.9751607
0.10469 -0.02206005 0.9774032
0.10469 -0.02206005 0.9774032
0.1015307 -0.02628948 0.9833779
0.1015307 -0.02628948 0.9833779
0.09845654 -0.02776498 0.9866664
0.09845654 -0.02776498 0.9866664
0.09897353 -0.02783483 0.9880364
0.09897353 -0.02783483 0.9880364
0.09903575 -0.02868436 0.9915016
0.09903575 -0.02868436 0.9915016
0.0998537 -0.02693028 0.9955963
0.0998537 -0.02693028 0.9955963
0.1014406 -0.02805892 0.9990762
0.1014406 -0.02805892 0.9990762
0.1014647 -0.02553291 0.9999481
0.1014647 -0.02553291 0.9999481
0.1030924 -0.02574321 1.006437
0.1030924 -0.02574321 1.006437
0.1031603 -0.02418493 1.010039
0.1031603 -0.02418493 1.010039
0.1036968 -0.02184632 1.009925
0.1036968 -0.02184632 1.009925
0.1042922 -0.01885909 1.008312
0.1042922 -0.01885909 1.008312
0.104455 -0.01687015 1.007534
0.104455 -0.01687015 1.007534
0.1038469 -0.01401422 1.00787
0.1038469 -0.01401422 1.00787
0.1036773 -0.013163 1.00696
0.1036773 -0.013163 1.00696
0.1034165 -0.01100702 1.004751
0.1034165 -0.01100702 1.004751
0.1027443 -0.009564943 1.004536
0.1027443 -0.009564943 1.004536
0.1021568 -0.01011688 1.00851
0.1021568 -0.01011688 1.00851
0.1016381 -0.01038304 1.014808
0.1016381 -0.01038304 1.014808
0.1010331 -0.008978529 1.023373
0.1010331 -0.008978529 1.023373
0.1045958 -0.01177648 1.023221
0.1045958 -0.01177648 1.023221
0.1090968 -0.01353933 1.015988
0.1090968 -0.01353933 1.015988
0.1133225 -0.01903959 1.005334
0.1133225 -0.01903959 1.005334
0.112852 -0.01061363 0.9924638
0.112852 -0.01061363 0.9924638
0.1131686 -0.006986231 0.9870112
0.1131686 -0.006986231 0.9870112
0.1115385 -0.001126528 0.9788458
0.1115385 -0.001126528 0.9788458
0.1125071 0.003247693 0.9753963
0.1125071 0.003247693 0.9753963
0.1127804 0.005765294 0.971638
0.1127804 0.005765294 0.971638
0.1123404 0.007668524 0.9686569
0.1123404 0.007668524 0.9686569
0.1119226 0.008144727 0.9673184
0.1119226 0.008144727 0.9673184
0.1124961 0.009525282 0.9670417
0.1124961 0.009525282 0.9670417
0.1116472 0.01010873 0.9679764
0.1116472 0.01010873 0.9679764
0.1110351 0.01103799 0.9672911
0.1110351 0.01103799 0.9672911
0.1109806 0.01181669 0.9665403
0.1109806 0.01181669 0.9665403
0.1117146 0.01204531 0.9667187
0.1117146 0.01204531 0.9667187
0.1114999 0.01173045 0.9657325
0.1114999 0.01173045 0.9657325
0.1121119 0.0106867 0.9661926
0.1121119 0.0106867 0.9661926
0.112709 0.005537056 0.9699798
0.112709 0.005537056 0.9699798
0.1170621 -0.002469186 0.985667
0.1170621 -0.002469186 0.985667
0.1144119 -0.00772087 1.012046
0.1144119 -0.00772087 1.012046
0.1099972 -0.006960663 1.026215
0.1099972 -0.006960663 1.026215
0.1038011 -0.002473257 1.030968
0.1038011 -0.002473257 1.030968
0.1012058 0.003169899 1.021677
0.1012058 0.003169899 1.021677
0.0966169 0.01616739 1.005512
0.0966169 0.01616739 1.005512
0.09575573 0.01832493 0.99634
0.09575573 0.01832493 0.99634
0.09338979 0.02015748 0.991294
0.09338979 0.02015748 0.991294
0.09211289 0.01975613 0.9887944
0.09211289 0.01975613 0.9887944
0.09086251 0.02019455 0.9886346
0.09086251 0.02019455 0.9886346
0.09061713 0.01977183 0.9904819
0.09061713 0.01977183 0.9904819
0.08962204 0.01947115 0.9936115
0.08962204 0.01947115 0.9936115
0.08811906 0.01916563 0.9990008
0.08811906 0.01916563 0.9990008
0.0875614 0.01742399 1.004852
0.0875614 0.01742399 1.004852
0.09064431 0.01357248 1.009632
0.09064431 0.01357248 1.009632
0.09147214 0.007453061 1.023625
0.09147214 0.007453061 1.023625
0.09476848 0.005156289 1.026165
0.09476848 0.005156289 1.026165
0.09737334 0.002651869 1.02692
0.09737334 0.002651869 1.02692
0.09792925 0.002358231 1.026405
0.09792925 0.002358231 1.026405
0.09982281 0.001768749 1.026748
0.09982281 0.001768749 1.026748
0.09951542 0.001281621 1.02639
0.09951542 0.001281621 1.02639
0.09930176 0.0002959654 1.027939
0.09930176 0.0002959654 1.027939
0.09854173 0.0009192346 1.027326
0.09854173 0.0009192346 1.027326
0.1000592 -0.0003915615 1.026138
0.1000592 -0.0003915615 1.026138
0.1011435 0.0001773869 1.025044
0.1011435 0.0001773869 1.025044
0.1034359 0.0003470501 1.02325
0.1034359 0.0003470501 1.02325
0.1062973 0.003125486 1.02117
0.1062973 0.003125486 1.02117
0.1104849 0.005391668 1.018805
0.1104849 0.005391668 1.018805
0.1132202 0.008578223 1.017965
0.1132202 0.008578223 1.017965
0.1147325 0.01256393 1.015669
0.1147325 0.01256393 1.015669
0.1166213 0.01559447 1.014122
0.1166213 0.01559447 1.014122
0.1173543 0.01781809 1.010667
0.1173543 0.01781809 1.010667
0.1178917 0.0226366 1.006729
0.1178917 0.0226366 1.006729
0.1185931 0.02648449 1.003378
0.1185931 0.02648449 1.003378
0.1197254 0.02915322 1.004696
0.1197254 0.02915322 1.004696
0.1202001 0.02950553 1.004299
0.1202001 0.02950553 1.004299
0.1206753 0.03090148 1.004375
0.1206753 0.03090148 1.004375
0.1206089 0.03584785 1.003025
0.1206089 0.03584785 1.003025
0.1210859 0.03827941 1.002588
0.1210859 0.03827941 1.002588
0.1218688 0.03876872 1.002512
0.1218688 0.03876872 1.002512
0.1217469 0.03951091 1.00374
0.1217469 0.03951091 1.00374
0.1223175 0.04104035 1.001212
0.1223175 0.04104035 1.001212
0.1223138 0.04094804 1.001238
0.1223138 0.04094804 1.001238
0.1225274 0.04176963 1.000606
0.1225274 0.04176963 1.000606
0.1224551 0.04257419 1.001532
0.1224551 0.04257419 1.001532
0.1237643 0.04320814 1.00047
0.1237643 0.04320814 1.00047
0.1246392 0.04260202 1.001217
0.1246392 0.04260202 1.001217
0.1253387 0.04175395 1.002437
0.1253387 0.04175395 1.002437
0.126261 0.03924689 1.001368
0.126261 0.03924689 1.001368
0.1260271 0.03716554 0.9989338
0.1260271 0.03716554 0.9989338
0.1249672 0.03531562 0.999154
0.1249672 0.03531562 0.999154
0.1243513 0.03284255 0.9971552
0.1243513 0.03284255 0.9971552
0.1233514 0.03130741 0.9958232
0.1233514 0.03130741 0.9958232
0.1214118 0.03044567 0.9953467
0.1214118 0.03044567 0.9953467
0.1204652 0.02968685 0.9943699
0.1204652 0.02968685 0.9943699
0.1203535 0.02938001 0.9953939
0.1203535 0.02938001 0.9953939
0.1209451 0.02895327 0.9957897
0.1209451 0.02895327 0.9957897
0.1208622 0.02827027 0.9968415
0.1208622 0.02827027 0.9968415
0.1226027 0.02765467 0.9960974
0.1226027 0.02765467 0.9960974
0.1231273 0.02763064 0.9976988
0.1231273 0.02763064 0.9976988
0.1232867 0.0281562 0.997134
0.1232867 0.0281562 0.997134
0.1245831 0.02774893 0.9978437
0.1245831 0.02774893 0.9978437
0.1247535 0.0284269 0.9991184
0.1247535 0.0284269 0.9991184
0.1259421 0.02784973 0.998145
0.1259421 0.02784973 0.998145
0.1267353 0.02710464 0.9979896
0.1267353 0.02710464 0.9979896
0.1270781 0.02883101 0.9990796
0.1270781 0.02883101 0.9990796
0.1279266 0.02941559 1.000322
0.1279266 0.02941559 1.000322
0.1282565 0.0301781 1.00039
0.1282565 0.0301781 1.00039
0.1291386 0.03020483 1.000529
0.1291386 0.03020483 1.000529
0.1292643 0.03019084 1.000384
0.1292643 0.03019084 1.000384
0.1288782 0.03029497 1.000997
0.1288782 0.03029497 1.000997
0.1282073 0.03079992 1.00061
0.1282073 0.03079992 1.00061
0.1275051 0.03029948 1.001567
0.1275051 0.03029948 1.001567
0.1266706 0.0303378 0.9999577
0.1266706 0.0303378 0.9999577
0.1270181 0.03064662 0.9998211
0.1270181 0.03064662 0.9998211
0.1268651 0.02987919 0.999268
0.1268651 0.02987919 0.999268
0.1275948 0.03041742 1.001011
0.1275948 0.03041742 1.001011
0.1287712 0.029851 1.001165
0.1287712 0.029851 1.001165
0.1299584 0.03059215 1.001502
0.1299584 0.03059215 1.001502
0.1324671 0.0309509 1.001351
0.1324671 0.0309509 1.001351
0.1350424 0.0312449 1.001449
0.1350424 0.0312449 1.001449
0.1376291 0.03147621 1.002027
0.1376291 0.03147621 1.002027
0.1405118 0.03137042 1.002908
0.1405118 0.03137042 1.002908
0.1436798 0.03128685 1.004249
0.1464675 0.03087645 1.004515
0.1494512 0.0318293 1.004905
0.1525315 0.03164238 1.006209
0.1554217 0.03328971 1.006389
0.1582021 0.03447418 1.006553
0.1608775 0.03483699 1.006661
0.1632198 0.03640754 1.006562
0.1653518 0.03753734 1.006749
0.1670145 0.03840789 1.008625
0.1688726 0.039132 1.009114
0.1706006 0.04047059 1.008751
0.1722984 0.04121736 1.009914
0.1745324 0.04306673 1.009291
0.1757612 0.04511331 1.010308
0.1773731 0.04722301 1.011017
0.1784474 0.04983301 1.011246
0.1785235 0.05255219 1.01199
0.1788844 0.0548794 1.01312
0.1794697 0.05934782 1.013179
0.1797586 0.06153481 1.013979
0.1800646 0.06416206 1.014085
0.1803968 0.06739356 1.014766
0.1805682 0.06969084 1.014792
0.1811536 0.0726097 1.016101
0.1813449 0.07378442 1.016355
0.1819577 0.07556783 1.016661
0.1834481 0.07553979 1.017073
0.1848874 0.07770032 1.015894
0.1867415 0.07928403 1.015256
0.1870582 0.0791683 1.015673
0.1875105 0.07918942 1.0164
0.1878177 0.08071866 1.016541
0.1888961 0.08300351 1.01763
0.1900757 0.0844343 1.017514
0.1920633 0.08507328 1.018009
0.1937133 0.08480688 1.019507
0.1956625 0.08393357 1.020194
0.1983426 0.08358249 1.019977
0.2016352 0.08247419 1.020073
0.2042092 0.08103909 1.021254
0.2057713 0.07937011 1.020505
0.2073986 0.07523313 1.022752
0.209845 0.07236759 1.02382
0.211384 0.0690349 1.023953
0.2120781 0.06474359 1.025275
0.2137582 0.06071807 1.025915
0.214755 0.05735161 1.025023
0.2156506 0.0534301 1.025718
0.2159546 0.04980903 1.02506
0.2177624 0.04617488 1.024867
0.2176669 0.03996925 1.024818
0.2190006 0.03633603 1.02361
0.2193964 0.03143851 1.023409
0.2176023 0.02425996 1.023957
0.2168784 0.01931021 1.02344
0.2171246 0.01627019 1.02306
0.2162174 0.01307976 1.023253
0.2152102 0.0118436 1.022684
0.2148705 0.0115773 1.023635
0.2133833 0.01232786 1.02247
0.2129015 0.01323199 1.022446
0.2116143 0.01512307 1.022867
0.2106753 0.01711176 1.022298
0.2105227 0.01695826 1.023183
0.2111353 0.01937442 1.020897
0.2108937 0.01882257 1.020336
0.2106413 0.01760435 1.016464
0.2113501 0.01582524 1.014378
0.2113721 0.01448644 1.011083
0.2117102 0.01232744 1.009996
0.21277 0.01297132 1.007156
0.2130335 0.01290886 1.004589
0.2118673 0.01237148 1.002373
0.2108472 0.01366123 1.000391
0.2101633 0.01425136 1.00064
0.2087406 0.01562634 0.9991866
0.2077892 0.01697813 0.9994335
0.2069011 0.01794335 0.9993547
0.2059297 0.01807042 0.9971897
0.2060485 0.0184839 0.9966584
0.2059224 0.01774875 0.9967725
0.2059485 0.01738977 0.9955101
0.205165 0.01577016 0.996124
0.2048667 0.0159101 0.997525
0.2037963 0.01534197 0.9997848
0.2028328 0.01631865 1.002
0.2009308 0.01714295 1.003898
0.2005566 0.01907335 1.006587
0.1995618 0.02153498 1.009334
0.1978592 0.0230622 1.011627
0.1957613 0.02376583 1.01306
0.1941697 0.02291848 1.014185
0.1943743 0.02360479 1.015252
0.1929852 0.02388939 1.015083
0.1923637 0.0250932 1.015207
0.1913806 0.02539067 1.015868
0.1903808 0.02572816 1.014595
0.1893757 0.02587213 1.015024
0.1896521 0.02596203 1.014538
0.1885674 0.02638781 1.013729
0.1883577 0.02690955 1.01112
0.1890546 0.0268711 1.011506
0.1881965 0.02662985 1.010414
0.187812 0.02640841 1.009591
0.1874013 0.02443698 1.00839
0.1863417 0.02394316 1.009759
0.1856981 0.02239654 1.009549
0.1857059 0.02167499 1.009391
0.1860944 0.02087767 1.010539
0.186598 0.02031414 1.010059
0.1883872 0.01942331 1.00961
0.1889804 0.01885159 1.008448
0.1890704 0.01840181 1.007027
0.1883651 0.01897686 1.008361
0.1871584 0.01858114 1.009528
0.1871625 0.01853592 1.009248
0.1877983 0.01944332 1.009188
0.1877576 0.01879168 1.008445
0.1888373 0.01939654 1.00802
0.1883337 0.01865006 1.008036
0.1887185 0.01798751 1.007171
0.1888571 0.01949303 1.006508
0.1892587 0.01920816 1.005184
0.1892864 0.01713802 1.002224
0.1894466 0.01378614 0.9983195
0.1926542 0.01313758 0.9907477
0.1953592 0.01338292 0.9850204
0.1972498 0.01348471 0.9834027
0.1969232 0.01092833 0.9821776
0.1968281 0.01046042 0.9829527
0.1959462 0.01003827 0.9850171
0.1945974 0.009332608 0.9861861
0.1925683 0.009298607 0.9916931
0.1907225 0.01091926 0.9944466
0.1898379 0.01412781 0.9969701
0.1887667 0.01639538 1.001626
0.1868821 0.01638254 1.005139
0.1847165 0.0184149 1.007482
0.1839889 0.01956652 1.009652
0.182954 0.01956499 1.011556
0.1822362 0.02083523 1.011585
0.1829183 0.02184742 1.010173
0.1828736 0.02195282 1.009647
0.1827177 0.02226449 1.008654
0.1822474 0.02217127 1.008766
0.1815957 0.02154738 1.008306
0.1816547 0.02019667 1.00782
0.1815327 0.01970155 1.008207
0.1822561 0.0192457 1.00682
0.1819227 0.01757984 1.007428
0.1823547 0.01657402 1.006759
0.1806632 0.01477838 1.007186
0.1783059 0.01306344 1.008334
0.1772613 0.01229773 1.007225
0.1772104 0.01294526 1.006022
0.1759648 0.01164523 1.004937
0.1763215 0.01141585 1.004791
0.1763723 0.01017732 1.005299
0.1780183 0.00874018 1.00144
0.1792846 0.004612976 0.9950778
0.1826766 0.003456431 0.987634
0.1862464 0.003017567 0.9795395
0.1900403 0.002786673 0.9756652
0.1923397 0.0008759736 0.9741016
0.1931863 0.0001122014 0.9713809
0.193459 -1.701812E-05 0.9732745
0.191516 -0.0009902881 0.9775885
0.18961 0.0007357928 0.9848337
0.1892409 0.003374507 0.9888299
0.1877738 0.00548761 0.9939882
0.1854139 0.005477541 0.9974757
0.1849436 0.004945592 1.000714
0.1845872 0.007282814 1.00215
0.1835613 0.008358621 1.00274
0.183729 0.009268792 1.001315
0.1830092 0.00948499 0.999631
0.1818173 0.01025748 0.9995289
0.1817158 0.0103524 0.9983748
0.1814411 0.009624088 0.9984781
0.1822687 0.008855786 0.9972236
0.1837611 0.007705381 0.9950423
0.1841438 0.006876221 0.9939703
0.1834489 0.005712269 0.9947979
0.1832744 0.005343744 0.9953749
0.1830114 0.004934052 0.9951607
0.1837565 0.004430016 0.9940836
0.1842633 0.004348726 0.9915927
0.1855005 0.003994251 0.9909174
0.1860479 0.004922467 0.9901029
0.1870232 0.003374039 0.9856481
0.1870232 0.003374039 0.9856481
0.1878415 -0.0005272708 0.9789109
0.1878415 -0.0005272708 0.9789109
0.1906603 -0.002087373 0.9734024
0.1906603 -0.002087373 0.9734024
0.1934629 -0.002015478 0.9675812
0.1934629 -0.002015478 0.9675812
0.1955422 -0.002848907 0.9644224
0.1955422 -0.002848907 0.9644224
0.1960598 -0.003506504 0.9635321
0.1960598 -0.003506504 0.9635321
0.195532 -0.003968278 0.963698
0.195532 -0.003968278 0.963698
0.1945132 -0.003925311 0.96289
0.1945132 -0.003925311 0.96289
0.193563 -0.003207727 0.9648709
0.193563 -0.003207727 0.9648709
0.1915459 -0.002340664 0.970302
0.1915459 -0.002340664 0.970302
0.1893386 0.0003289215 0.9786919
0.1893386 0.0003289215 0.9786919
0.1875639 -6.939191E-05 0.9823231
0.1875639 -6.939191E-05 0.9823231
0.1855496 0.001063335 0.985622
0.1855496 0.001063335 0.985622
0.1837206 0.001589963 0.9873834
0.1837206 0.001589963 0.9873834
0.1818643 0.00268888 0.9879382
0.1818643 0.00268888 0.9879382
0.1808918 0.004269767 0.9867573
0.1808918 0.004269767 0.9867573
0.1789968 0.004678095 0.9844146
0.1789968 0.004678095 0.9844146
0.1769412 0.004578952 0.9844668
0.1769412 0.004578952 0.9844668
0.1757887 0.003595235 0.9831299
0.1757887 0.003595235 0.9831299
0.1739413 0.003101607 0.9825187
0.1739413 0.003101607 0.9825187
0.1738556 0.00207264 0.9812881
0.1738556 0.00207264 0.9812881
0.1739654 0.0003389601 0.981665
0.1739654 0.0003389601 0.981665
0.1731601 -0.0009103543 0.981674
0.1731601 -0.0009103543 0.981674
0.171101 -0.001495557 0.9803266
0.171101 -0.001495557 0.9803266
0.1690493 -0.0002315498 0.9811518
0.1690493 -0.0002315498 0.9811518
0.1679823 0.001199602 0.9802558
0.1679823 0.001199602 0.9802558
0.1670975 0.001226024 0.9775602
0.1670975 0.001226024 0.9775602
0.1674673 0.002487907 0.9771976
0.1674673 0.002487907 0.9771976
0.1677732 0.001946679 0.9753731
0.1677732 0.001946679 0.9753731
0.1673549 -0.0008152555 0.9711809
0.1673549 -0.0008152555 0.9711809
0.1686131 -0.003734119 0.9677225
0.1686131 -0.003734119 0.9677225
0.1711147 -0.003485012 0.960422
0.1711147 -0.003485012 0.960422
0.1721221 -0.004316528 0.9570493
0.1721221 -0.004316528 0.9570493
0.1739703 -0.003244608 0.9501957
0.1739703 -0.003244608 0.9501957
0.1752972 -0.004059542 0.9479218
0.1752972 -0.004059542 0.9479218
0.1751302 -0.004015131 0.9464475
0.1751302 -0.004015131 0.9464475
0.1740671 -0.004149758 0.9469146
0.1740671 -0.004149758 0.9469146
0.1737383 -0.003529911 0.9477944
0.1737383 -0.003529911 0.9477944
0.1713887 -0.003963749 0.954596
0.1713887 -0.003963749 0.954596
0.1681831 -0.002501733 0.9620858
0.1681831 -0.002501733 0.9620858
0.1673123 0.0002404854 0.9681926
0.1673123 0.0002404854 0.9681926
0.1646027 -0.0006729796 0.9744706
0.1646027 -0.0006729796 0.9744706
0.1630355 0.00088153 0.9773495
0.1630355 0.00088153 0.9773495
0.1617145 0.002324733 0.9788293
0.1617145 0.002324733 0.9788293
0.1601412 0.002356453 0.9783401
0.159907 0.003174599 0.9775686
0.1592847 0.004585694 0.9764337
0.157841 0.003883881 0.9749191
0.1573264 0.00356 0.9731449
0.1571568 0.003074767 0.9730573
0.156171 0.002003097 0.9716515
0.1566968 0.0005137143 0.9702921
0.1563815 -0.0008173281 0.9699726
0.1555774 -0.002147598 0.9697888
0.1547648 -0.003211023 0.9686115
0.15385 -0.002979433 0.9666904
0.1519656 -0.002500016 0.965167
0.1512481 -0.001278055 0.9641635
0.1518156 -0.0002915933 0.9637251
0.1535961 -0.001092327 0.962252
0.1540397 0.001002309 0.9635727
0.1553202 -4.680488E-05 0.9598588
0.1558018 -0.002084539 0.9584723
0.156589 -0.002590195 0.957453
0.1571754 -0.003926969 0.9565299
0.1570319 -0.004571637 0.9555712
0.157171 -0.002344983 0.9536653
0.1552134 -0.002509373 0.9548912
0.1539967 -0.001588581 0.9543393
0.153113 -0.001147901 0.9559341
0.1524202 -0.0007651115 0.9557275
0.1523985 0.0001299721 0.9547307
0.1521612 -0.0003068118 0.9559777
0.1525675 -5.187923E-05 0.9556208
0.1529995 -0.0002265718 0.954856
0.1523456 -0.0003257566 0.9548233
0.152234 -0.0003681856 0.9547352
0.1516533 -0.001467767 0.9537641
0.1515602 -0.001521321 0.9529855
0.1513869 -0.003094914 0.9521291
0.1507912 -0.003327391 0.9510988
0.1503265 -0.002819126 0.9517045
0.1496575 -0.005159896 0.9508887
0.1492448 -0.004401713 0.9508458
0.1491563 -0.004263015 0.9499952
0.1487449 -0.003796228 0.9494704
0.1480566 -0.004077345 0.9489211
0.1471767 -0.005656667 0.9478348
0.1460058 -0.00605446 0.9454029
0.1445761 -0.006711171 0.9455749
0.1432323 -0.007490771 0.9439701
0.1425195 -0.008012588 0.9429096
0.1406412 -0.00897428 0.9430306
0.1375967 -0.009263633 0.9444936
0.1346294 -0.009238605 0.9452172
0.1301455 -0.009402423 0.9486166
0.1270506 -0.01069032 0.9465686
0.1230022 -0.01339165 0.9440807
0.1182874 -0.01712536 0.9444974
0.1134746 -0.02254291 0.9432827
0.1097689 -0.02899319 0.9397748
0.1037946 -0.03646018 0.9387757
0.09823265 -0.04236492 0.9350213
0.09209155 -0.04936591 0.9322959
0.08581457 -0.05269103 0.9281182
0.08102649 -0.05885989 0.9263884
0.07805692 -0.06603313 0.9278709
0.07322215 -0.06668537 0.9221839
0.06962156 -0.06882756 0.9208367
0.06794599 -0.07328193 0.9196752
0.06524689 -0.07261758 0.9149604
0.06418859 -0.07211337 0.9117467
0.06498452 -0.07176723 0.9118849
0.06730811 -0.07039528 0.9160426
0.07061148 -0.06899696 0.9192269
0.07294285 -0.06363171 0.9234761
0.07545213 -0.05865079 0.9257974
0.07740027 -0.05308273 0.9304267
0.07838131 -0.04539922 0.9331251
0.07849865 -0.03834669 0.9370693
0.07840638 -0.03122864 0.9392417
0.07792048 -0.02427546 0.9418946
0.08068658 0.02143578 0.8972173
0.07922039 0.0282482 0.9031168
0.07922039 0.0282482 0.9031168
0.07707052 0.03443751 0.9099942
0.07581799 0.03942661 0.9176739
0.07442782 0.04610646 0.923796
0.07386556 0.05208781 0.9273582
0.07344733 0.05612339 0.9349355
0.0710903 0.02071353 0.9686883
0.07165032 0.02188176 0.9704291
0.07165032 0.02188176 0.9704291
0.07272135 0.02185273 0.9709795
0.07475148 0.02145568 0.9687693
0.07750189 0.01666307 0.9653511
0.08044418 0.01208987 0.9618422
0.08470853 0.008313378 0.9567738
0.08847766 0.003640188 0.9548557
0.09192526 -0.001321385 0.9534355
0.09475023 -0.004439197 0.9500765
0.09566478 -0.008220477 0.9513912
0.096854 -0.01173953 0.9495257
0.09774121 -0.0154139 0.9499396
0.09861562 -0.01825627 0.9489774
0.09960731 -0.02150348 0.9483623
0.1006905 -0.02241581 0.948491
0.1021721 -0.02428024 0.9474154
0.1041502 -0.02617132 0.9481619
0.1062257 -0.02510417 0.9450974
0.1078072 -0.02492435 0.9472479
0.1097605 -0.02512736 0.9478075
0.1107734 -0.02248164 0.9500992
0.1122276 -0.02074467 0.9523047
0.1142069 -0.0185483 0.9527971
0.116066 -0.0159273 0.9540464
0.1186465 -0.01511327 0.9558067
0.1223142 -0.01437783 0.9554337
0.1283658 -0.01403288 0.9568581
0.1347198 -0.01009337 0.9559566
0.1414813 -0.00854439 0.9574272
0.1488022 -0.005494488 0.9562041
0.1553887 -0.0009922389 0.952064
0.1620812 0.002597056 0.9494664
0.167443 0.007067204 0.9464045
0.1724681 0.009250604 0.9414942
0.1759571 0.01015928 0.9389637
0.1782455 0.01047659 0.9375761
0.1785791 0.01032963 0.9345518
0.1783567 0.01021983 0.9311141
0.1780737 0.009858509 0.9284658
0.176811 0.008213812 0.9252439
0.1757859 0.008226086 0.9216644
0.1743458 0.007526711 0.9182727
0.1742259 0.007279079 0.9171635
0.1746158 0.007612923 0.9135505
0.1747225 0.00797329 0.9108069
0.1748138 0.008966188 0.9088765
0.1751323 0.01109829 0.9065063
0.1752082 0.01179651 0.9050121
0.1756471 0.01360636 0.9036343
0.1757189 0.01584611 0.9018261
0.1747968 0.01878543 0.9018951
0.1732032 0.02167375 0.9023544
0.1709267 0.02456683 0.9018893
0.1681958 0.02760479 0.9029909
0.1647922 0.02969399 0.9040489
0.1589763 0.03224611 0.9059709
0.1512401 0.03445168 0.9096614
0.1420294 0.03584503 0.9138625
0.1330164 0.03634632 0.9183366
0.1216456 0.03763087 0.9223719
0.1102479 0.03782909 0.9286326
0.09763289 0.03885769 0.9347531
0.08675251 0.03944442 0.9396057
0.07676722 0.04077927 0.9410049
0.06541706 0.04092297 0.9450691
0.05430057 0.03986837 0.9528368
0.04560573 0.03919374 0.9559926
0.03662962 0.0373728 0.9600562
0.02964297 0.03592469 0.9618925
0.02306581 0.03432387 0.9659168
0.01807849 0.03424697 0.9674601
0.01255903 0.03368471 0.9734824
0.00922162 0.03431721 0.9768701
0.007356346 0.03494484 0.9796991
0.006020834 0.03597757 0.982478
0.00650458 0.03724278 0.9849516
0.008707996 0.03831005 0.9857742
0.01186868 0.0390689 0.987982
0.01544181 0.04005181 0.9904295
0.0196289 0.04127383 0.9916136
0.02416406 0.04204673 0.993016
0.02927287 0.04284283 0.9943283
0.03395561 0.04320943 0.9950219
0.03920957 0.04441842 0.9957794
0.0443253 0.04527333 0.9974332
0.04856587 0.0451271 0.9985071
0.05231285 0.04527519 1.000593
0.05701331 0.04580642 1.001771
0.06191512 0.04668198 1.001227
0.06622882 0.04764449 1.003026
0.06939266 0.04779756 1.003225
0.07416133 0.04938952 1.003597
0.07636963 0.05090388 1.004209
0.07867783 0.05254401 1.002984
0.08062436 0.05620394 1.003603
0.08285744 0.05813735 1.00505
0.08672335 0.05971484 1.004867
0.09072732 0.05497947 1.002074
0.09299798 0.0508943 1.002895
0.09503587 0.04770604 1.003869
0.09813648 0.04740823 1.007594
0.1020212 0.04940626 1.007394
0.1031765 0.04976332 1.008959
0.1069063 0.0529895 1.006857
0.1112492 0.05346417 0.9990471
0.1144826 0.0515208 0.9935471
0.1175098 0.05228095 0.991904
0.1220109 0.05406222 0.9892367
0.1250038 0.05558923 0.9860967
0.1257054 0.05788394 0.9849711
0.12786 0.06118545 0.982118
0.1286289 0.06323893 0.980137
0.129745 0.06552541 0.9795243
0.1306498 0.06670535 0.9792663
0.131744 0.06760003 0.9779295
0.1310732 0.0652487 0.9782545
0.1302584 0.06482623 0.9778217
0.1276906 0.06412661 0.9778647
0.1246846 0.06466164 0.9811153
0.1215505 0.06494505 0.9857029
0.1169893 0.06559406 0.9923246
0.1142747 0.06513177 1.003251
0.1108974 0.05903379 1.007951
0.1069515 0.0528105 1.008027
0.1029451 0.04910818 1.011496
0.1028259 0.04905594 1.012365
0.104365 0.05175463 1.012
0.1056928 0.05705207 1.006567
0.1075028 0.0634462 0.996049
0.1086631 0.06897958 0.9894361
0.1058492 0.07330778 0.9825158
0.1048995 0.07619523 0.9784081
0.1016581 0.07640415 0.9731751
0.100613 0.07823748 0.9698735
0.09877072 0.07958688 0.9676447
0.09683177 0.08048019 0.9665083
0.09456546 0.08080419 0.965248
0.09369907 0.08190616 0.9639473
0.09318106 0.08099061 0.9644341
0.09339125 0.0790334 0.9652662
0.09479012 0.07835691 0.9640268
0.09594959 0.07440314 0.9653467
0.09728275 0.07155097 0.9651122
0.09871376 0.0695404 0.9661193
0.09910313 0.06771286 0.9663187
0.09904077 0.06533767 0.9678144
0.09933271 0.06248409 0.9709695
0.09702913 0.05968283 0.9728025
0.09480779 0.05686437 0.9777755
0.0913459 0.05543751 0.9831954
0.08818189 0.05579657 0.9903338
0.08944434 0.05462331 0.9926708
0.09043597 0.04498059 0.9855555
0.09444184 0.04331407 0.9787326
0.09628642 0.0412962 0.9747916
0.0969962 0.04021451 0.9738216
0.09440857 0.03765758 0.9737957
0.09513814 0.04133538 0.9767111
0.09202476 0.04647769 0.9821503
0.08522736 0.04786173 0.9898978
0.08113554 0.04605281 0.9914414
0.08113106 0.04926577 0.988074
0.08271528 0.05079849 0.9841251
0.08380219 0.05516107 0.9789751
0.08281376 0.05885675 0.9747769
0.08078231 0.06075127 0.9735405
0.07801009 0.06136341 0.9720783
0.07597513 0.06233572 0.9704872
0.07499378 0.06152676 0.9681972
0.07435372 0.05962874 0.9672879
0.07493731 0.05924189 0.965811
0.07581975 0.05807427 0.9669697
0.0779591 0.05735591 0.9670799
0.07945494 0.05625196 0.9683201
0.08118 0.05436786 0.9695958
0.08208035 0.05311557 0.9716065
0.08328984 0.05116447 0.9729271
0.08255149 0.05063392 0.9758191
0.0828684 0.05211253 0.9781496
0.08220974 0.05149985 0.9815775
0.08500515 0.05034444 0.9828166
0.08698978 0.04455837 0.9784402
0.08830128 0.04015633 0.9730384
0.08784262 0.03682909 0.9694282
0.08852064 0.03714834 0.9678179
0.08777069 0.03779491 0.9696172
0.08788069 0.03938609 0.97037
0.08567207 0.04429713 0.9735374
0.08086614 0.04592143 0.9748709
0.07701238 0.04528431 0.9768615
0.07982073 0.04529286 0.9716602
0.08112776 0.04771766 0.9678047
0.07726181 0.04921545 0.96545
0.07258626 0.04817037 0.9649171
0.07014982 0.04733993 0.9639058
0.06888038 0.04728334 0.9638188
0.06795458 0.04626952 0.964641
0.06783557 0.04535628 0.9645512
0.07126565 0.04497123 0.9651269
0.07246852 0.04388561 0.9655089
0.07487616 0.04277243 0.9659917
0.07676081 0.04150185 0.9654357
0.07917848 0.04180292 0.9658845
0.08148758 0.04207723 0.9671748
0.08367044 0.04256831 0.9677419
0.0855317 0.04422939 0.9713539
0.08663274 0.04671531 0.9744956
0.08734807 0.04972481 0.9771478
0.08765303 0.05179722 0.9800588
0.08884056 0.05277198 0.98265
0.08962957 0.04902584 0.983255
0.09145177 0.04242224 0.9771055
0.09183478 0.03993087 0.9737951
0.09287799 0.04034857 0.9744262
0.09219546 0.04118151 0.9741967
0.09086952 0.04402407 0.9770175
0.09098362 0.04929508 0.9793163
0.08872709 0.05175976 0.9822622
0.08744603 0.05434229 0.9807233
0.0850359 0.05544749 0.9815292
0.08459265 0.05647748 0.9804998
0.0853691 0.0557385 0.9776483
0.08634086 0.05758138 0.9765627
0.08789822 0.05966671 0.9719338
0.08608443 0.05992145 0.9684538
0.08374391 0.05756538 0.963874
0.0794723 0.05321286 0.9627582
0.07809579 0.05074615 0.9608853
0.07765046 0.0476919 0.9603721
0.07707375 0.0444059 0.9600145
0.07806158 0.04228367 0.9603028
0.07672109 0.03913201 0.9611658
0.07570346 0.03684068 0.9618858
0.0732465 0.03602478 0.9612768
0.0711122 0.03476022 0.9608403
0.06824276 0.034288 0.9636651
0.06637102 0.03249355 0.9641525
0.06366345 0.03103591 0.9690506
0.06191987 0.02727057 0.9721968
0.06162259 0.02449912 0.9735133
0.06088682 0.02305716 0.9756626
0.059942 0.0203957 0.9765321
0.05908904 0.01780078 0.9783149
0.05744838 0.01650893 0.9787883
0.05722298 0.01457077 0.9790922
0.05667065 0.01318155 0.9801885
0.05587451 0.01195062 0.9808481
0.05545069 0.01052355 0.981993
0.05593822 0.009049643 0.9824126
0.05618609 0.009525719 0.9834123
0.05664325 0.008905174 0.984033
0.05758569 0.008957683 0.9838086
0.05779143 0.008723635 0.9840933
0.05939789 0.00844138 0.9843503
0.06018696 0.008510724 0.9829393
0.06128805 0.008504312 0.9829977
0.06177989 0.008785894 0.9827754
0.06228328 0.009125995 0.9840795
0.06411224 0.009281148 0.9821123
0.06430237 0.009116898 0.9828597
0.06508505 0.00886059 0.983324
0.06608986 0.009279514 0.9833497
0.06739458 0.009190164 0.9833211
0.06867681 0.009069411 0.9834654
0.06984487 0.009478834 0.9838763
0.07104941 0.008640535 0.9837181
0.07276215 0.008199424 0.984517
0.07377306 0.00819084 0.9850614
0.07556582 0.007820426 0.9859331
0.07698071 0.008368112 0.9855208
0.07815314 0.00785297 0.9857721
0.08016666 0.006072698 0.9862291
0.08257447 0.005991671 0.9858868
0.08440695 0.004196501 0.9868481
0.08541936 0.003267003 0.9876417
0.08677423 0.001928829 0.9879301
0.08840363 0.00144704 0.9891309
0.08916409 -0.0006130185 0.9899231
0.09057221 -0.001334254 0.9914123
0.09187551 -0.002310934 0.9911684
0.09243342 -0.003134116 0.9919314
0.09350065 -0.004240819 0.9926161
0.09487299 -0.004567688 0.9915918
0.09548599 -0.005153396 0.9910731
0.09492105 -0.006800367 0.9910874
0.09575318 -0.007558531 0.9900601
0.09593161 -0.008454722 0.989183
0.09563956 -0.009431687 0.988588
0.09627121 -0.01061272 0.9866946
0.09769624 -0.01194065 0.985464
0.09829852 -0.01393269 0.9848962
0.09883765 -0.01729916 0.9825094
0.0997005 -0.0215919 0.9816285
0.1001327 -0.02544429 0.9808344
0.1006344 -0.0304134 0.9799205
0.1002992 -0.03363944 0.9786656
0.1005441 -0.03589418 0.9781474
0.1003996 -0.0380845 0.9779271
0.0988432 -0.04050553 0.9784806
0.098901 -0.04166216 0.9780131
0.09848917 -0.04312158 0.9780146
0.09943515 -0.04371818 0.9769794
0.09788328 -0.04420903 0.9777378
0.09689129 -0.04399265 0.9779716
0.09493408 -0.0433355 0.9791403
0.09435824 -0.04162452 0.9795612
0.09207353 -0.04144092 0.9821296
0.09064988 -0.04113953 0.9833692
0.08903887 -0.04078842 0.9844677
0.08849118 -0.04159307 0.9837406
0.08883009 -0.04343048 0.9831262
0.08996975 -0.04603367 0.9818206
0.09005962 -0.04792122 0.9801568
0.09025108 -0.05034192 0.9802296
0.08960006 -0.05215131 0.9779385
0.08957186 -0.053266 0.9775919
0.09013916 -0.05298955 0.9762989
0.08938409 -0.05409367 0.9769242
0.08939457 -0.05389111 0.9768195
0.08851758 -0.05412089 0.9755641
0.08893251 -0.05324795 0.974596
0.08777572 -0.05455844 0.9748861
0.08690768 -0.05397038 0.9745241
0.08595514 -0.05270683 0.9738313
0.08512817 -0.05083716 0.9735413
0.08506584 -0.04712465 0.973446
0.08442529 -0.0424827 0.9730472
0.08535631 -0.03615244 0.9736348
0.08707654 -0.0288795 0.9719377
0.08841231 -0.02048716 0.9732752
0.09040352 -0.01049281 0.9717996
0.09565834 0.002468933 0.9682159
0.09939091 0.01271514 0.9679689
0.1003856 0.02327093 0.9699793
0.1029397 0.03398947 0.9723494
0.1053392 0.04422662 0.9770011
0.1066379 0.05115129 0.9813574
0.110472 0.06047953 0.9823411
0.1111833 0.06733785 0.9898981
0.1111833 0.06733785 0.9898981
0.1111833 0.06733785 0.9898981
0.1139504 0.07600526 0.9934024
0.1175034 0.08499787 0.9966583
0.1175034 0.08499787 0.9966583
0.1199534 0.09170651 1.001728
0.1228642 0.09938879 1.005968
0.1259593 0.1057648 1.010208
0.1308348 0.1098447 1.015755
0.1357823 0.1122525 1.018227
0.1420744 0.1141496 1.02065
0.1495041 0.113998 1.021758
0.1570546 0.1106713 1.024512
0.1641405 0.1072461 1.025014
0.1702705 0.1027961 1.023001
0.1736966 0.09875143 1.023247
0.1757795 0.09243176 1.021463
0.1759962 0.08589337 1.018789
0.1745928 0.07842938 1.01547
0.1717237 0.06887798 1.011851
0.1665812 0.06014624 1.00438
0.1625635 0.05463768 0.9989008
0.155809 0.04972402 0.9912533
0.1469969 0.04362511 0.9843671
0.1386431 0.03952318 0.9802513
0.1282943 0.0340452 0.9767202
0.1198842 0.03052763 0.9733405
0.1122295 0.02738632 0.9689812
0.1040335 0.02398624 0.9671723
0.097694 0.02114608 0.9639108
0.09060393 0.01763751 0.9623466
0.08522396 0.01358817 0.9594235
0.07930841 0.00974802 0.9579703
0.07515038 0.006574117 0.9572007
0.07083053 0.003376948 0.9576342
0.06959002 0.001064673 0.9570755
0.06816079 0.0004042244 0.9576463
0.06785876 0.0001630982 0.9585416
0.06830723 0.001534704 0.9600832
0.06822587 0.003641338 0.9634245
0.06999915 0.006287978 0.9635683
0.07187095 0.009904246 0.9656232
0.07383764 0.01422284 0.9680117
0.07748699 0.01723437 0.9701979
0.08062691 0.02193226 0.9723182
0.08458906 0.02729012 0.9742885
0.08816935 0.03011696 0.9762317
0.09147108 0.03388603 0.9774778
0.09633937 0.03827777 0.9788116
0.1009206 0.04223975 0.981011
0.1073456 0.04468602 0.9834264
0.1129457 0.04846472 0.9870963
0.1203699 0.05283102 0.9879877
0.1278362 0.05524931 0.9903919
0.1341287 0.05783712 0.9932531
0.1414403 0.05991649 0.9955826
0.1472933 0.06019919 0.9966275
0.1529499 0.05866025 0.9998792
0.1585637 0.05752086 1.001068
0.161844 0.05484745 1.001787
0.1647747 0.05240304 1.001661
0.1674021 0.05094574 1.001609
0.1694113 0.04839554 1.001443
0.1706096 0.0465252 1.000369
0.1725469 0.04568456 1.000192
0.1717158 0.04502081 1.000677
0.171445 0.04563503 1.001255
0.1708626 0.04717501 1.000785
0.1693909 0.04781954 1.001057
0.1684972 0.05042508 1.000535
0.166979 0.05284841 1.001704
0.1646841 0.05534909 1.002041
0.1616006 0.05811466 1.001195
0.1635208 0.06082764 0.9968833
0.1648387 0.061319 0.9899257
0.1646432 0.06176209 0.9840941
0.1649212 0.06057141 0.9786466
0.1641651 0.05913368 0.9775727
0.165054 0.05804684 0.977278
0.1652191 0.05716327 0.9795034
0.1643144 0.05560678 0.9828383
0.1623142 0.05503779 0.9877864
0.1604147 0.05388359 0.9919735
0.1581328 0.04869455 0.9958043
0.1538195 0.04042156 1.004065
0.1543328 0.02912872 0.9787755
0.1542699 0.02383577 0.9741033
0.1539257 0.01940689 0.9707426
0.1515501 0.01761814 0.9695197
0.1499056 0.01935377 0.9676058
0.1465149 0.01978908 0.9711748
0.1436492 0.02288574 0.9756056
0.1415522 0.02929047 0.9812449
0.1362716 0.03043123 0.9872698
0.1348401 0.03551847 0.9881301
0.1314188 0.03532229 0.9851797
0.1331953 0.03231495 0.9737633
0.1287786 0.02374247 0.9659782
0.124461 0.01294002 0.9630403
0.1237778 0.003409869 0.9620047
0.1270833 -0.007090417 0.9628399
0.1303558 -0.02040244 0.9681231
0.1342113 -0.03676118 0.9684825
0.1378028 -0.0591116 0.9682777
0.1364736 -0.09288538 0.9735446
0.1263089 -0.1342855 0.9832578
0.1048791 -0.178631 0.9925539
0.08035594 -0.2230865 0.995555
0.0450948 -0.2679738 1.004103
0.0104532 -0.3128982 1.00584
-0.02961355 -0.3620324 1.008868
-0.07818565 -0.4063346 1.021367
-0.1344094 -0.4429276 1.039945
-0.1734692 -0.465722 1.053567
-0.1765278 -0.4853305 1.055879
-0.1684708 -0.4915124 1.063916
-0.1597914 -0.4908751 1.071331
-0.1499323 -0.4855866 1.0751
-0.1342784 -0.4762963 1.078891
-0.1228743 -0.472697 1.073033
-0.1146384 -0.4635741 1.070034
-0.1092944 -0.4583528 1.063925
-0.1043362 -0.4525972 1.057551
-0.1033134 -0.4467719 1.051811
-0.1055336 -0.4404776 1.044745
-0.1075278 -0.4318153 1.039524
-0.1089219 -0.417964 1.038797
-0.1048893 -0.3914921 1.050063
-0.1165651 -0.3776105 1.060664
-0.1165651 -0.3776105 1.060664
-0.1165651 -0.3776105 1.060664
-0.1186359 -0.3671345 1.067939
-0.1197541 -0.3541458 1.079828
-0.1206238 -0.3389324 1.091005
-0.1205939 -0.322807 1.101932
-0.126558 -0.3073133 1.107443
-0.1092822 -0.2686802 1.116
-0.1146924 -0.255396 1.112336
-0.11678 -0.2449885 1.110066
-0.120443 -0.2373946 1.10709
-0.1244483 -0.2364701 1.101585
-0.1538622 -0.2674724 1.076751
-0.1711455 -0.2786549 1.049882
-0.1711455 -0.2786549 1.049882
-0.1784769 -0.2697611 1.037847
-0.1820462 -0.2668341 1.030142
-0.1814815 -0.2719872 1.027255
-0.1820983 -0.2754137 1.027312
-0.1840984 -0.2758662 1.02578
-0.1877794 -0.2812607 1.02375
-0.1883899 -0.3185559 1.020534
-0.186312 -0.3197116 1.020637
-0.187762 -0.3208578 1.015301
-0.1867459 -0.3177498 1.016788
-0.1775861 -0.2891584 1.028682
-0.1776016 -0.2902063 1.031115
-0.1795062 -0.2987556 1.029996
-0.1799306 -0.3001431 1.02912
-0.1823508 -0.2971275 1.02691
-0.1810532 -0.3001323 1.028401
-0.1811815 -0.3006672 1.027478
-0.1791995 -0.3018403 1.030296
-0.1787664 -0.3042879 1.032103
-0.1788867 -0.3076922 1.035209
-0.1795105 -0.3087447 1.036549
-0.1798296 -0.307859 1.036664
-0.1802447 -0.3097815 1.037195
-0.1819017 -0.3092111 1.036497
-0.1817433 -0.3080908 1.036149
-0.1827517 -0.3084273 1.034191
-0.2145893 -0.29029 0.996681
-0.1716211 -0.3056081 1.039019
-0.1702447 -0.3043099 1.034215
-0.1630294 -0.2982685 1.037602
-0.1764452 -0.2950724 1.008799
-0.1731585 -0.2960238 0.9993067
-0.1693896 -0.2937686 0.9868876
-0.1622401 -0.2928126 0.9773012
-0.1566201 -0.2861081 0.9646634
-0.1565946 -0.2827787 0.9456688
-0.1557126 -0.275309 0.9338723
-0.1522037 -0.2670904 0.9282587
-0.1515778 -0.2673892 0.9147426
-0.1515778 -0.2673892 0.9147426
-0.1515778 -0.2673892 0.9147426
-0.1515953 -0.2647026 0.9033071
-0.1509476 -0.2629227 0.891465
-0.1509476 -0.2629227 0.891465
-0.1488605 -0.2643641 0.8827072
-0.1479323 -0.2644887 0.8747731
-0.1483756 -0.2670234 0.8654475
-0.1483756 -0.2670234 0.8654475
-0.1483756 -0.2670234 0.8654475
-0.1466671 -0.2684842 0.8628938
-0.1497813 -0.2608927 0.8485248
-0.1497813 -0.2608927 0.8485248
-0.1492293 -0.2560211 0.837657
-0.1633124 -0.2296079 0.8003327
-0.1369891 -0.2578853 0.8353119
-0.1303268 -0.2695255 0.8319714
-0.124735 -0.2747448 0.8264247
-0.1170464 -0.28887 0.8165829
-0.1082064 -0.2911556 0.8092867
-0.0901307 -0.3235081 0.7685421
0.01621123 -0.2538239 0.7792531
0.035841 -0.2461287 0.7766138
0.06937676 -0.2486491 0.8048221
-0.0910717 -0.3557405 0.6647387
-0.08667108 -0.3473034 0.6579426
-0.07914523 -0.3459451 0.650762
-0.06866784 -0.3268257 0.6536862
-0.06199655 -0.3271229 0.6457108
-0.05474081 -0.3255851 0.6374087
-0.04802759 -0.3231279 0.6305993
-0.04393909 -0.3123592 0.6315215
-0.04824509 -0.2998636 0.6331278
-0.04142485 -0.2922848 0.6311259
-0.06070146 -0.1307299 0.7084499
-0.06841444 -0.1245828 0.697255
-0.05969638 -0.1228632 0.6901965
0.03641574 -0.07464034 0.7471132
-0.001229514 -0.1324293 0.6852317
0.07982922 -0.06117229 0.7317606
0.1236192 -0.0297606 0.7453486
0.1446583 -0.03299392 0.727981
0.1654022 -0.04558456 0.711153
0.2038662 -0.04836705 0.6874641
0.2334662 -0.05739639 0.6684967
0.262634 -0.06920931 0.6512046
0.2906215 -0.08139122 0.6349663
0.3201911 -0.09854601 0.6130184
0.3497445 -0.130135 0.568628
0.3681176 -0.1268371 0.5596653
0.3816032 -0.1210984 0.5675952
0.398656 -0.1343987 0.5767918
0.4609381 -0.1665408 0.5090733
0.5891458 -0.2261866 0.7653015
0.5849535 -0.2476924 0.7467601
0.5891739 -0.2654005 0.7374679
0.3851657 -0.2672686 0.5375398
0.4898974 -0.3357343 0.5554884
0.5515338 -0.3436868 0.6357915
0.3395666 -0.3151978 0.578144
0.3165146 -0.3216585 0.5467221
0.4027848 -0.3983201 0.4624047
0.346816 -0.404154 0.4544963
0.3350627 -0.4094806 0.4449331
0.313349 -0.4128534 0.4334728
0.2663947 -0.4131722 0.4498779
0.2076444 -0.3881319 0.4677157
0.2332859 -0.4108699 0.4579351
0.223881 -0.4110637 0.4641477
0.2390102 -0.4250277 0.4679012
0.2424943 -0.4282916 0.4703873
0.2780772 -0.4545272 0.4707068
0.2850799 -0.4620516 0.4727137
0.2894281 -0.4634231 0.4758559
0.243128 -0.4256264 0.5214885
0.2493178 -0.4280463 0.5202281
0.2518804 -0.4286995 0.520048
0.2528389 -0.4289438 0.5201284
0.2543865 -0.4293737 0.5199896
0.2546439 -0.4297914 0.519772
0.2543723 -0.4280798 0.5211239
0.2542915 -0.4282095 0.5209058
0.2506436 -0.4208595 0.5262635
0.2479832 -0.4162311 0.5290109
0.2460041 -0.4094438 0.5342122
0.2728995 -0.3818083 0.6654368
0.2672972 -0.3775124 0.6614599
0.2712613 -0.3841218 0.659025
0.2884235 -0.4752328 0.4768665
0.3902163 -0.5591833 0.4647459
0.3890841 -0.5550317 0.4639213
0.3879336 -0.5510164 0.4626201
0.3871413 -0.5495602 0.4621343
0.3863911 -0.5484487 0.4616949
0.3863627 -0.5504417 0.4617147
0.386059 -0.5521762 0.4618219
0.3858647 -0.5532523 0.4618911
0.3854139 -0.5543813 0.4621093
0.3850957 -0.5550202 0.4621917
0.3845997 -0.5558044 0.4624113
0.2583438 -0.4693951 0.4672994
0.2581919 -0.4715456 0.4687446
0.2582552 -0.4730222 0.4696426
0.3812333 -0.5595467 0.4623218
0.3812675 -0.5596278 0.4623914
0.2556966 -0.4796382 0.4674473
0.2558336 -0.4801379 0.4677754
0.2560056 -0.4804103 0.4680181
0.3834678 -0.5607602 0.4627881
0.2602702 -0.4803835 0.4688222
0.3832289 -0.5600239 0.4623002
0.3832289 -0.5600239 0.4623002
0.3833925 -0.5597654 0.4621822
0.3835331 -0.5596619 0.46213
0.3837074 -0.5595304 0.4620024
0.3838618 -0.5593804 0.461923
0.3839345 -0.5593567 0.4619182
0.3841192 -0.5592361 0.4619106
0.3842814 -0.5591297 0.4619347
0.3844329 -0.559108 0.4619823
0.384771 -0.5591642 0.4622964
0.385059 -0.5591468 0.4625027
0.3852788 -0.5592265 0.4626732
0.3856501 -0.5591798 0.4628135
0.2715691 -0.4763095 0.4763891
0.2715941 -0.4766062 0.4763029
0.3887188 -0.5589495 0.4647607
0.3887161 -0.5589496 0.4647553
0.2714823 -0.4788405 0.4755527
0.3892044 -0.5604339 0.4647395
0.2722051 -0.4789532 0.4753768
0.388722 -0.5594574 0.4637579
0.3887701 -0.5596409 0.4638909
0.3887751 -0.5596691 0.4639139
0.3887663 -0.5596765 0.4639505
0.3887542 -0.5596876 0.4639677
0.3887439 -0.5596831 0.4639829
0.2696194 -0.476726 0.4764761
0.2696827 -0.4767505 0.4764682
0.3884625 -0.5591943 0.4652584
0.3884576 -0.5591895 0.4652378
0.3884502 -0.5591658 0.4651898
0.3884359 -0.5591748 0.465147
0.2677411 -0.4758936 0.476912
0.3874769 -0.558973 0.4637736
0.3874641 -0.5589538 0.4637477
0.3874975 -0.5589542 0.463735
0.2686698 -0.4765398 0.4759601
0.3879929 -0.5577329 0.4632855
0.3879784 -0.5577677 0.4632992
0.2692855 -0.4777392 0.4754307
0.2692817 -0.4777172 0.4754484
0.3879993 -0.5574905 0.4627898
0.3880233 -0.5576159 0.4628134
0.3879918 -0.5576345 0.4628427
0.3881345 -0.5576595 0.4629239
0.2726646 -0.4814146 0.4731929
0.3879865 -0.5579754 0.4637811
0.3880223 -0.5580292 0.4637985
0.3880297 -0.5580406 0.4637981
0.3880326 -0.5580466 0.4637909
0.3880314 -0.5580552 0.4638115
0.3880307 -0.558064 0.4638111
0.2708728 -0.4804052 0.4741524
0.3887005 -0.5604329 0.465242
0.3887011 -0.5603944 0.4652113
0.3887013 -0.5603906 0.4651927
0.388659 -0.5602623 0.4650791
0.3886751 -0.5602245 0.4650699
0.3886753 -0.560222 0.4650671
0.3886771 -0.5601705 0.4650398
0.3886166 -0.5601541 0.4650477
0.3886149 -0.560149 0.4650443
0.3885714 -0.5599613 0.4648852
0.3885734 -0.5599577 0.4648765
0.2690622 -0.4765494 0.4766129
0.3872277 -0.5584733 0.4642799
0.3872384 -0.5584948 0.4642796
0.3872465 -0.5585028 0.4642713
0.3872538 -0.5584949 0.4642267
0.2699451 -0.4750127 0.4776586
0.3872445 -0.5579941 0.46279
0.2662248 -0.4762267 0.4766046
0.3879881 -0.5582293 0.4632797
0.3879635 -0.5582477 0.4632797
0.2713661 -0.4803997 0.4736188
0.3870033 -0.5575059 0.4622992
0.2666329 -0.4759936 0.476458
0.2667469 -0.476002 0.4764745
0.2669289 -0.4760312 0.4764539
0.2669187 -0.4760302 0.4764573
0.2669898 -0.4760386 0.4764622
0.2670225 -0.4760377 0.4764719
0.2670975 -0.4761876 0.4763542
0.2671558 -0.4761819 0.4763632
0.3862445 -0.5580038 0.462798
0.3862772 -0.5580032 0.4628108
0.3863191 -0.5579606 0.4628106
0.2686572 -0.4771975 0.4754264
0.3865185 -0.5567777 0.4613147
0.2700731 -0.4774836 0.4758325
0.270064 -0.4774798 0.4758413
0.3872405 -0.5579884 0.4632886
0.2692522 -0.4791513 0.4752122
0.3867189 -0.5589687 0.4647767
0.3867216 -0.5589688 0.4647712
0.3867682 -0.558976 0.4647866
0.3869269 -0.5590867 0.4648813
0.3871563 -0.5591623 0.4649409
0.3873269 -0.5591778 0.4650201
0.3876972 -0.5592645 0.4651731
0.3880981 -0.5593463 0.465366
0.3884872 -0.5593501 0.4654871
0.3893295 -0.5597025 0.4659397
0.3903049 -0.5601192 0.4666979
0.3911156 -0.5610422 0.4680076
0.3917928 -0.5619898 0.4692129
0.3908033 -0.5567238 0.4704184
0.3910228 -0.5524425 0.4720563
0.3904153 -0.5493275 0.4740452
0.390225 -0.5477278 0.4755718
0.390159 -0.5452085 0.4785562
0.3754079 -0.5109957 0.4792854
0.3851143 -0.5333882 0.486891
0.3856138 -0.5352534 0.4880589
0.3798386 -0.5169984 0.4875469
0.3097992 -0.4721887 0.5060527
0.3091944 -0.4706624 0.5074918
0.3091944 -0.4706624 0.5074918
0.3091944 -0.4706624 0.5074918
0.3057711 -0.472514 0.5123585
0.3060092 -0.4716406 0.514062
0.3060092 -0.4716406 0.514062
0.3060092 -0.4716406 0.514062
0.3003346 -0.4668873 0.5199341
0.3003346 -0.4668873 0.5199341
0.3003346 -0.4668873 0.5199341
0.3003346 -0.4668873 0.5199341
0.3003346 -0.4668873 0.5199341
0.3003346 -0.4668873 0.5199341
0.2945974 -0.4714868 0.5291095
0.2945974 -0.4714868 0.5291095
0.2945974 -0.4714868 0.5291095
0.2945974 -0.4714868 0.5291095
0.2945974 -0.4714868 0.5291095
0.2945974 -0.4714868 0.5291095
0.2955726 -0.4757853 0.5317779
0.2955726 -0.4757853 0.5317779
0.2955726 -0.4757853 0.5317779
0.2955726 -0.4757853 0.5317779
0.2955726 -0.4757853 0.5317779
0.2955726 -0.4757853 0.5317779
0.2982424 -0.4807549 0.533939