0.05181115 0.2203193 0.06096928 0.2912019 1.467752 0.1098726 0.21511 1.546 0.05228656 0.1411183
0.05217602 0.2173693 0.0592633 0.2892407 1.470058 0.1140586 0.2163299 1.565 0.05235443 0.1412769
0.05108273 0.2192288 0.05947622 0.2898529 1.472363 0.1104494 0.194412 1.565143 0.0510395 0.1460121
0.05141187 0.2194218 0.0593352 0.2895776 1.471758 0.1113265 0.2063579 1.562601 0.05068273 0.1465111
0.05094027 0.2205654 0.06010744 0.2903343 1.474177 0.10839 0.2034913 1.557373 0.05060447 0.1469536
0.0508506 0.2212172 0.05985243 0.2909843 1.476872 0.1097766 0.2063169 1.55855 0.05044711 0.1476301
0.05055809 0.2211577 0.05952437 0.2901252 1.473749 0.1098508 0.2248784 1.542 0.05033998 0.1479237
0.05178384 0.2217939 0.05939775 0.2921574 1.47631 0.1099101 0.2048394 1.566545 0.0513559 0.1528925
0.05194763 0.2225379 0.05907824 0.292119 1.47553 0.1092627 0.2040377 1.555381 0.05132088 0.1531
0.05155321 0.2243246 0.05850181 0.2929514 1.477909 0.108872 0.2177259 1.555256 0.05114114 0.1538827
0.05102193 0.224295 0.05921372 0.2924235 1.478184 0.106666 0.2142149 1.54275 0.05105391 0.1544121
0.0510849 0.2245091 0.05807561 0.2931367 1.477417 0.1090903 0.2096606 1.558627 0.05090407 0.1548909
0.05049871 0.2247054 0.05794939 0.2934014 1.48036 0.09022544 0.2153227 1.463333 0.05083477 0.1552673
0.04989732 0.2246069 0.05869219 0.2928436 1.478585 0.08993323 0.2142844 1.465758 0.05072953 0.1557636
0.05133905 0.223629 0.05705491 0.2924596 1.476554 0.1069975 0.2116928 1.551889 0.05060679 0.1560894
0.0497373 0.2246294 0.05782957 0.2912657 1.477264 0.0890878 0.2152214 1.465061 0.05055729 0.1563147
0.05049701 0.226704 0.05891652 0.2915808 1.47938 0.107982 0.2174619 1.546625 0.05056369 0.156572
0.05053723 0.2259492 0.05823782 0.2917292 1.476726 0.1007039 0.2192075 1.493421 0.05061027 0.1568295
0.05162159 0.2254968 0.05902229 0.2914334 1.477428 0.08565973 0.1972902 1.4655 0.05058776 0.1570624
0.05113523 0.2251651 0.05787637 0.2913449 1.477393 0.1082888 0.2047964 1.554364 0.050663 0.1573893
0.05122467 0.2241102 0.05894835 0.2911928 1.478365 0.1101276 0.2134861 1.549841 0.05109239 0.1576456
0.05123037 0.2235919 0.05842466 0.2914807 1.477831 0.1084767 0.206865 1.557434 0.05138785 0.1578523
0.05138394 0.223355 0.0596474 0.2909836 1.478776 0.1073586 0.2150006 1.53825 0.0513495 0.1580066
0.0520121 0.2236567 0.05752211 0.2915885 1.47854 0.1087422 0.2131235 1.547959 0.05140182 0.158203
0.05194186 0.2235631 0.05924524 0.2910591 1.477102 0.1092205 0.2079358 1.553057 0.05138449 0.1583254
0.0505792 0.2233932 0.05874236 0.2916725 1.476395 0.0893715 0.2142242 1.463685 0.05131794 0.1583572
0.05040831 0.223666 0.05834847 0.2903593 1.47852 0.00784403 0.2554006 1.54025 0.05113027 0.1584875
0.05044637 0.2230352 0.05787396 0.2897479 1.477368 0.001828474 0.2079229 1.469917 0.05097295 0.1586956
0.05061675 0.2227963 0.05760086 0.289207 1.478197 0.0009874785 0.2545323 1.542667 0.05086208 0.1589056
0.04982126 0.2230062 0.0551355 0.2895509 1.478582 0.0005006678 0.2137198 1.467696 0.05104119 0.1591789
0.04935003 0.2231743 0.0564177 0.2910012 1.481168 0.1089271 0.2251945 1.552833 0.0506661 0.1595572
0.04891574 0.2227817 0.05608761 0.289936 1.479669 0.0878431 0.2122868 1.468621 0.05041068 0.1598501
0.04891439 0.2223296 0.05335251 0.2892097 1.481078 0.1084167 0.2087272 1.562571 0.05010564 0.1600024
0.04828299 0.2218797 0.05346524 0.2897401 1.482283 0.09374007 0.241534 1.469182 0.04965127 0.1603369
0.04672084 0.2220213 0.05187686 0.2878774 1.483662 0.1034223 0.2103546 1.5525 0.04900647 0.1602707
0.0441536 0.2225254 0.05152459 0.2863864 1.486546 0.08404057 0.2094752 1.470839 0.04839744 0.1600617
0.04333253 0.2219759 0.04842505 0.2844768 1.488351 0.105231 0.2157256 1.5605 0.04753591 0.159447
0.04313084 0.2185508 0.04934189 0.2822864 1.486116 0.1036557 0.2185033 1.559396 0.04655243 0.1585094
0.04098106 0.2184104 0.04859679 0.282495 1.490878 0.09294597 0.2133407 1.518143 0.04552447 0.1576728
0.04083468 0.2176969 0.04880184 0.2797749 1.494259 0.09833528 0.2370027 1.52025 0.04448954 0.1567116
0.04015784 0.2116888 0.04671073 0.276615 1.497247 0.09432744 0.2002429 1.5555 0.04330897 0.149268
0.04033944 0.2086411 0.04736019 0.2766418 1.497348 0.09877299 0.229024 1.536 0.04272988 0.145922
0.03895627 0.2076023 0.04713952 0.2740118 1.501132 0.07771604 0.1941787 1.489345 0.0419898 0.143715
0.03803879 0.2048285 0.046163 0.2708448 1.500104 0.06013566 0.2106819 1.5445 0.04128846 0.1419049
0.03750175 0.2040483 0.0478458 0.2698319 1.500842 0.07376774 0.1779513 1.491935 0.04073526 0.1399077
0.03712927 0.2005376 0.04543037 0.2655421 1.500862 0.07381421 0.1789989 1.492075 0.0401185 0.1381596
0.03655423 0.1978034 0.04790932 0.262954 1.5025 0.07566985 0.1885781 1.493087 0.03938211 0.1360045
0.03619004 0.1961641 0.04653608 0.2622848 1.503136 0.07042654 0.160589 1.495421 0.03873376 0.1339286
0.03543625 0.1927102 0.04368268 0.2579572 1.505209 -0.005396149 0.2205751 1.56675 0.03809287 0.131837
0.03528492 0.1904701 0.04466718 0.2545642 1.506466 0.0008838988 0.2216663 1.561185 0.03748914 0.1295049
0.03456281 0.1883191 0.04647869 0.254664 1.508483 -0.004516101 0.2182505 1.571202 0.03702493 0.127283
0.03324233 0.1874579 0.04518507 0.2526846 1.509383 -0.00194289 0.2217925 1.56838 0.03662275 0.126067
0.03310557 0.1858875 0.04324698 0.2516271 1.511269 -0.003802564 0.2205815 1.566251 0.03627732 0.1254927
0.03234388 0.1862661 0.04442282 0.2524278 1.515225 -0.004381087 0.2208903 1.572685 0.03586383 0.1250547
0.03177117 0.1882501 0.04235722 0.2524939 1.51311 -0.002946548 0.228326 1.564664 0.03543391 0.1246909
0.03169304 0.1883187 0.04257574 0.2534407 1.516747 -0.0042254 0.2213879 1.567361 0.0349269 0.12443
0.03078687 0.1879426 0.04368157 0.2525151 1.512979 -0.004214061 0.2127471 1.560636 0.03441108 0.1241075
0.02940483 0.1884383 0.04034432 0.2527078 1.51161 -0.00560714 0.2190706 1.565761 0.03374534 0.1239075
0.02517328 0.187666 0.03470332 0.2524514 1.512224 -0.01285003 0.2112332 1.557706 0.03219114 0.1237258
0.01881044 0.1870819 0.02788203 0.2514662 1.505106 -0.01969472 0.21087 1.571167 0.02697713 0.1235192
0.006301422 0.1846659 0.01715972 0.2483383 1.501522 -0.02895694 0.2176018 1.569625 0.01309041 0.1345905
-0.007762488 0.1866962 0.003456794 0.251008 1.49696 -0.04683423 0.2118048 1.555444 0.002182843 0.1292269
-0.02374487 0.1835057 -0.01016844 0.2470924 1.482297 -0.06210237 0.208652 1.56 -0.01583115 0.1361987
-0.03980549 0.1809947 -0.03277921 0.2472397 1.482165 -0.08258826 0.207375 1.5455 -0.02862403 0.1243072
-0.06205805 0.1845295 -0.05436634 0.2453016 1.490139 -0.1049552 0.2149377 1.565 -0.06328087 0.1540839
-0.08149129 0.1869853 -0.07866891 0.2497248 1.476966 -0.1212093 0.1923117 1.554333 -0.07402537 0.1733835
-0.1025344 0.1894389 -0.1071462 0.2544495 1.487239 -0.1539703 0.1786433 1.5165 -0.08887018 0.1614785
-0.1237469 0.1915345 -0.119919 0.2578956 1.478589 -0.1726507 0.1822171 1.507692 -0.1224418 0.1386488
-0.1417705 0.1940526 -0.1432208 0.2614443 1.487822 -0.1895134 0.176025 1.498576 -0.1273645 0.1381804
-0.1580407 0.21206 -0.161846 0.2729784 1.488785 -0.2106518 0.1927423 1.483375 -0.1640129 0.1907878
-0.1762911 0.216126 -0.1865464 0.2752975 1.490902 -0.2233001 0.1829691 1.491457 -0.1595508 0.201993
-0.1964589 0.2184546 -0.2050193 0.2768118 1.491208 -0.2436292 0.1868256 1.4948 -0.1933869 0.1964808
-0.2148586 0.2256162 -0.2298757 0.2795078 1.494979 -0.2611662 0.1899245 1.498261 -0.2033695 0.2097155
-0.2321871 0.2292897 -0.2435161 0.2823451 1.491651 -0.2764961 0.1977774 1.498292 -0.2063974 0.2143072
-0.2482588 0.2314998 -0.2548658 0.288526 1.493917 -0.2922005 0.202439 1.50247 -0.2298893 0.1858907
-0.2641726 0.2344238 -0.267381 0.291039 1.494001 -0.3059443 0.2057784 1.508229 -0.2297242 0.1954427
-0.2787794 0.2295664 -0.2793918 0.2925233 1.493502 -0.3249139 0.2056013 1.507406 -0.2680158 0.1589772
-0.292805 0.2282415 -0.2956184 0.2913332 1.493921 -0.332933 0.203985 1.5164 -0.2752137 0.1626402
-0.3034871 0.2269561 -0.3130073 0.2910536 1.4951 -0.3432598 0.1971294 1.51215 -0.2811179 0.1622313
-0.3132386 0.2246504 -0.3314039 0.2904508 1.502453 -0.3557899 0.1917334 1.51336 -0.2875894 0.1666316
-0.3218581 0.2304194 -0.3270392 0.2945354 1.495747 -0.3646021 0.2033369 1.511825 -0.2954878 0.1770671
-0.3285164 0.2316944 -0.3312608 0.2946375 1.494094 -0.3762623 0.211769 1.524529 -0.310963 0.1857063
-0.3338247 0.2317075 -0.3374372 0.29571 1.494124 -0.3385751 0.2389936 1.545818 -0.3243517 0.2020986
-0.3371263 0.2256624 -0.3495192 0.2902475 1.499237 -0.3957851 0.1961855 1.539818 -0.324674 0.1608061
-0.3370731 0.2262017 -0.3537299 0.2900306 1.498019 -0.3722202 0.2289594 1.482 -0.3253289 0.1614196
-0.3377041 0.2329823 -0.3437595 0.2953238 1.48618 -0.3822469 0.1999085 1.517722 -0.3282178 0.2067265
-0.3342997 0.2233958 -0.3468704 0.2867253 1.493372 -0.3863621 0.1922971 1.5225 -0.322165 0.1611733
-0.3273281 0.2302957 -0.3357995 0.2911754 1.489112 -0.3734412 0.1939386 1.508833 -0.289329 0.1809568
-0.3223253 0.2259615 -0.329743 0.2886269 1.485154 -0.3755492 0.1953272 1.526875 -0.3231087 0.1672794
-0.3078606 0.2106807 -0.3236592 0.2744013 1.490563 -0.3481542 0.2037541 1.517632 -0.3211721 0.1662625
-0.2907813 0.2092731 -0.3111975 0.2716668 1.484003 -0.3280759 0.2117235 1.533 -0.2903875 0.1526146
-0.2720906 0.2257123 -0.2837199 0.2828522 1.482086 -0.3133988 0.2086583 1.507857 -0.2409244 0.1833757
-0.2489226 0.2257093 -0.2619779 0.2802071 1.475352 -0.2867978 0.1965966 1.489429 -0.2227709 0.1603496
-0.2217562 0.2248419 -0.2338065 0.2820925 1.471437 -0.2621693 0.1937841 1.494 -0.2118947 0.1536392
-0.1927485 0.21854 -0.2046881 0.2761737 1.474187 -0.2334005 0.1850889 1.482585 -0.1644973 0.1410017
-0.1633528 0.2137168 -0.1747796 0.273513 1.47148 -0.205827 0.178922 1.473118 -0.1518514 0.1354704
-0.1344458 0.2028879 -0.1459987 0.2679992 1.46845 -0.1849381 0.1875039 1.4672 -0.1230513 0.1843286
-0.1059588 0.19603 -0.1201241 0.2613783 1.468179 -0.05671115 0.2174388 1.538625 -0.1011252 0.1752813
-0.07663523 0.1913951 -0.08905298 0.2576157 1.463101 -0.04131443 0.221876 1.451682 -0.07852525 0.1815331
-0.0454054 0.1884068 -0.05627601 0.2550474 1.463641 0.009810395 0.2115678 1.5432 -0.03640077 0.1582893
-0.01448027 0.1891968 -0.04194458 0.2498945 1.447982 0.01731139 0.2321831 1.442778 -0.0009154093 0.1399978
0.01671066 0.1879116 0.0122765 0.2550355 1.459304 0.05069153 0.2023815 1.459714 0.02208264 0.1361718
0.04552604 0.1855112 0.03436839 0.2498534 1.461988 0.09361204 0.2194647 1.5105 0.04653485 0.1338069
0.07050918 0.1805859 0.0739721 0.2499039 1.471013 0.1183524 0.189233 1.512955 0.06665116 0.1327854
0.09596329 0.176684 0.1013967 0.2449403 1.479457 0.1445029 0.1635058 1.52925 0.08744793 0.127123
0.1197925 0.1721972 0.1216536 0.2400835 1.489101 0.1746065 0.1464556 1.5566 0.1111454 0.1187881
0.1421729 0.167675 0.1476169 0.2344462 1.498208 0.1845579 0.1556345 1.527909 0.1264629 0.1154654
0.163396 0.1642402 0.1707582 0.2331951 1.501888 0.219704 0.1722201 1.580429 0.1460447 0.1119134
0.182974 0.1616364 0.1960691 0.2279111 1.523175 0.2276836 0.1463609 1.55775 0.1628444 0.108609
0.2004488 0.1573951 0.2182167 0.2222371 1.535122 0.2440539 0.142106 1.565 0.176733 0.1058269
0.214746 0.1534423 0.2315961 0.2200294 1.542748 0.2497101 0.124619 1.562574 0.1899139 0.103544
0.2272703 0.1508112 0.2413559 0.217786 1.554678 0.2636783 0.1233387 1.5746 0.2040967 0.09326604
0.2361985 0.1448717 0.2576574 0.2104302 1.563358 0.2651355 0.1073782 1.574614 0.2106525 0.08987093
0.2437873 0.1438887 0.2650114 0.2079601 1.571828 0.2723163 0.1050425 1.582971 0.2174938 0.08837621
0.2493647 0.1486611 0.2754101 0.2118414 1.574869 0.2765291 0.108357 1.585325 0.2234287 0.09151452
0.2523782 0.1487253 0.2786442 0.2126367 1.579585 0.2795389 0.107001 1.59212 0.2277046 0.09372947
0.2512378 0.152463 0.2812599 0.215758 1.5826 0.2194655 0.1063066 1.551714 0.2293288 0.09543199
0.2445408 0.1532506 0.2745107 0.2172412 1.585643 0.2747402 0.1232345 1.596809 0.228877 0.09658204
0.2318546 0.1587869 0.2653706 0.222838 1.581964 0.2744501 0.2171011 1.558 0.2235784 0.1009574
0.2139844 0.1670207 0.2442865 0.2304976 1.576677 0.1800025 0.1832611 1.601273 0.2038622 0.1103226
0.1952665 0.1777954 0.2286436 0.2417345 1.556907 0.1690108 0.2076666 1.601 0.1860627 0.12032
0.1696025 0.1814086 0.2012609 0.2435788 1.555937 0.1530985 0.2333886 1.606 0.1630661 0.1246844
0.1446065 0.1856497 0.1705898 0.2529564 1.553553 0.1098202 0.2086364 1.57125 0.1392612 0.1294766
0.117915 0.1902955 0.160124 0.243986 1.49218 0.09024587 0.2331856 1.579667 0.1125661 0.1321112
0.08413924 0.1921304 0.1027796 0.2562585 1.536689 0.04456293 0.1861957 1.500885 0.08024076 0.1366705
0.05165287 0.2034951 0.07067465 0.267 1.526646 0.00880031 0.2138213 1.528684 0.05924849 0.1456153
0.01629424 0.2170969 0.02984684 0.2844349 1.518851 -0.04323398 0.2494143 1.5455 0.01476467 0.1624135
-0.01841453 0.2153382 -0.0001244145 0.2835318 1.502948 -0.04897945 0.2449572 1.519572 -0.003309994 0.157798
-0.0523737 0.2456393 -0.03873503 0.3125589 1.500927 -0.09847302 0.2504742 1.515864 -0.05133953 0.2105651
-0.09165505 0.2457533 -0.08083285 0.3118208 1.4876 -0.1414268 0.2358161 1.50715 -0.09627265 0.2429472
-0.1234502 0.2624685 -0.1149511 0.3207374 1.496346 -0.1636536 0.2514826 1.514 -0.1227036 0.2472131
-0.1599832 0.271945 -0.1547352 0.3244009 1.492001 -0.2110207 0.2382412 1.476455 -0.1687225 0.2556439
-0.1927771 0.2757138 -0.189781 0.3266162 1.489881 -0.2371567 0.2435152 1.467875 -0.190734 0.2571733
-0.2200491 0.294223 -0.2143711 0.3364662 1.498116 -0.2563584 0.2634251 1.446286 -0.2157788 0.2822956
-0.2411603 0.3010237 -0.2384434 0.3442206 1.497581 -0.2747075 0.278102 1.495462 -0.2251544 0.2872927
-0.2684327 0.2559689 -0.280046 0.3152697 1.491288 -0.3198565 0.2246678 1.513 -0.2177767 0.2068268
-0.2790336 0.2749094 -0.2885927 0.3396025 1.490147 -0.3279128 0.232498 1.501937 -0.2276951 0.2243211
-0.2874154 0.2756662 -0.298759 0.3398547 1.487562 -0.3389953 0.2336104 1.509067 -0.2962888 0.3041791
-0.2944541 0.272626 -0.3488033 0.2676609 1.494528 -0.2938193 0.2089966 1.488 -0.2929349 0.316604
-0.2937323 0.2515385 -0.3444256 0.2697347 1.500063 -0.3033562 0.1978612 1.517412 -0.3145474 0.2891174
-0.2938823 0.2352148 -0.3461604 0.2745561 1.4955 -0.2542977 0.2843648 1.485 -0.2316322 0.1899545
-0.2891881 0.235562 -0.3399149 0.2776841 1.498905 -0.2529401 0.2844974 1.484771 -0.2308086 0.1899979
-0.280471 0.2355354 -0.3324466 0.2743929 1.498171 -0.2433173 0.2866484 1.485071 -0.2275419 0.1893982
-0.272909 0.2558521 -0.2911268 0.3192939 1.497824 -0.2337416 0.2908345 1.4738 -0.2235026 0.2057005
-0.2555079 0.2687955 -0.2761209 0.3327549 1.495213 -0.2182977 0.3128375 1.479773 -0.251382 0.2997223
-0.235483 0.2649283 -0.2558929 0.3302198 1.494715 -0.1973142 0.3031993 1.476864 -0.2406543 0.2799645
-0.2106701 0.2599764 -0.2293026 0.3262399 1.491605 -0.1726092 0.2991041 1.471571 -0.2167023 0.2548177
-0.1749712 0.2509804 -0.1998505 0.318936 1.490295 -0.1314739 0.2728389 1.5248 -0.1862669 0.2538015
-0.1444961 0.2544285 -0.171079 0.3218837 1.49009 -0.1130907 0.294658 1.47048 -0.1659622 0.2706476
-0.1156605 0.2567993 -0.1345639 0.3194391 1.479452 -0.08365119 0.3010111 1.470842 -0.1060129 0.2703702
-0.08453693 0.2455351 -0.1030855 0.310788 1.47626 -0.04457458 0.2938117 1.497833 -0.06128448 0.2022193
-0.05156823 0.248613 -0.06737146 0.3116187 1.470884 -0.02853689 0.2875526 1.4425 -0.05144812 0.2041785
-0.02047757 0.2438321 -0.03271777 0.3080914 1.466248 0.002863118 0.2832613 1.430667 -7.005916E-05 0.186517
0.01463869 0.2338209 -0.01572403 0.2913675 1.446663 0.054398 0.2642806 1.493 0.01911274 0.1807719
0.05273985 0.2301714 0.03759456 0.2917857 1.453786 0.1011369 0.2462901 1.519188 0.05688389 0.1764258
0.08931306 0.2194337 0.07586432 0.284848 1.456286 0.1274608 0.236622 1.5025 0.08647981 0.1702852
0.1298992 0.2020402 0.1327173 0.2674763 1.479643 0.1756269 0.2085054 1.528786 0.1275438 0.1484326
0.1618977 0.1970009 0.1546838 0.2604605 1.481878 0.20725 0.2154899 1.530133 0.1490985 0.1453611
0.1935592 0.1933871 0.205878 0.2564606 1.512091 0.2453882 0.1937718 1.5635 0.178951 0.1403134
0.217815 0.189922 0.2265218 0.2552291 1.516016 0.2573389 0.1664158 1.543581 0.196501 0.1383589
0.2371999 0.1886868 0.2564932 0.2537898 1.533207 0.2768996 0.1646161 1.558485 0.2141267 0.1334234
0.2496512 0.1887144 0.2691413 0.2543769 1.541462 0.2960889 0.1729533 1.578455 0.2229033 0.1297115
0.256957 0.1873938 0.2817057 0.2515275 1.551962 0.2864562 0.1487859 1.560449 0.2283721 0.1283896
0.2593142 0.1879997 0.2873009 0.2534001 1.561883 0.2873576 0.146687 1.566103 0.2317704 0.1277205
0.2595948 0.1901724 0.2862248 0.253666 1.563525 0.2881242 0.15145 1.569485 0.2344026 0.1307366
0.2560175 0.1914077 0.2856522 0.2543994 1.566635 0.287238 0.1564286 1.571571 0.2343629 0.1314383
0.2499306 0.1967741 0.2830676 0.2577348 1.567976 0.293306 0.1855129 1.588727 0.2321992 0.1334905
0.2380226 0.2058403 0.2774373 0.2648331 1.561198 0.2607908 0.1688153 1.554834 0.2231331 0.1404681
0.2192599 0.211878 0.2539257 0.2745063 1.555891 0.2501576 0.1870842 1.548077 0.2076038 0.1528659
0.20045 0.2222437 0.2303639 0.2863182 1.55116 0.2347388 0.1919532 1.559471 0.1888087 0.1681769
0.1723625 0.2295242 0.2015809 0.2932745 1.545542 0.209631 0.2086719 1.5143 0.1666076 0.1768562
0.1442584 0.2301483 0.170351 0.2960412 1.538499 0.1755664 0.1913453 1.52737 0.1427998 0.1810264
0.1153741 0.233254 0.1393886 0.2979844 1.530993 0.1561653 0.2241618 1.4705 0.1131379 0.1800797
0.08536774 0.2453459 0.1027144 0.3124189 1.517034 0.1201082 0.203096 1.476778 0.08652446 0.1872778
0.05613949 0.2503069 0.07639269 0.3146902 1.508921 0.0997991 0.2646503 1.524929 0.06067147 0.1942682
0.02353354 0.2652919 0.03821551 0.3338881 1.488224 0.06533118 0.2380631 1.447 0.0290434 0.209262
-0.009117268 0.2636827 0.006326891 0.3305325 1.483364 0.03166128 0.2369394 1.445667 0.003401484 0.2052567
-0.009117268 0.2636827 0.006326891 0.3305325 1.483364 0.03166128 0.2369394 1.445667 0.003401484 0.2052567
-0.03544515 0.284325 -0.02173529 0.3492378 1.480026 0.01009848 0.3013399 1.485533 -0.02625257 0.2296445
-0.07059421 0.2768666 -0.05730537 0.3427054 1.471738 -0.03304014 0.2665038 1.451773 -0.05597512 0.2424866
-0.1016013 0.2591952 -0.1107383 0.3176227 1.465112 -0.05150838 0.2507474 1.41 -0.119603 0.3015696
-0.1298879 0.2554536 -0.1505895 0.3089879 1.460519 -0.0840528 0.2703354 1.435379 -0.09455492 0.2041832
-0.1579392 0.2565464 -0.181229 0.3073962 1.459684 -0.1073877 0.2712645 1.45596 -0.1246819 0.2015738
-0.1742062 0.2557806 -0.1909063 0.3140225 1.456238 -0.138102 0.2790221 1.437816 -0.1647802 0.2396731
-0.2017517 0.2614631 -0.2223746 0.3127128 1.454771 -0.1708619 0.2943175 1.43919 -0.1799886 0.2413842
-0.2306886 0.2664424 -0.2541079 0.3114659 1.456614 -0.1863135 0.2799059 1.440436 -0.2306143 0.2146512
-0.2424246 0.2732579 -0.2686432 0.3178239 1.459139 -0.2066587 0.3041769 1.442041 -0.1991258 0.2228777
-0.2546695 0.2745417 -0.2829489 0.3184912 1.462849 -0.2147617 0.30134 1.444343 -0.2061446 0.218378
-0.261302 0.2772296 -0.2841109 0.3319887 1.467155 -0.2273586 0.3112945 1.447828 -0.2061296 0.2235093
-0.266759 0.2778718 -0.2915685 0.3341555 1.471617 -0.2355894 0.3111494 1.450744 -0.207089 0.2251404
-0.2707772 0.2752801 -0.2953777 0.3306494 1.472168 -0.2396924 0.3065226 1.452913 -0.2132441 0.2200706
-0.2733387 0.2746513 -0.2964726 0.3337352 1.475511 -0.240774 0.3039769 1.453941 -0.2390139 0.2413087
-0.269972 0.2770629 -0.2956175 0.3355003 1.474566 -0.2422518 0.3177529 1.454514 -0.208594 0.2348609
-0.2688925 0.2728464 -0.293219 0.3325974 1.470676 -0.2367928 0.3076385 1.451591 -0.2128621 0.2231016
-0.2657557 0.2693298 -0.2898044 0.3285405 1.471598 -0.2317904 0.3019238 1.450753 -0.2138165 0.2203418
-0.2600513 0.2672 -0.2810161 0.3283071 1.468124 -0.2246783 0.2959366 1.445842 -0.2141232 0.218997
-0.2518246 0.2661384 -0.2720401 0.3274132 1.462373 -0.2167461 0.2916381 1.443591 -0.2070967 0.2197811
-0.2424821 0.2640926 -0.2625798 0.3240827 1.454973 -0.2081767 0.2869256 1.439107 -0.2000934 0.2238864
-0.2283036 0.2585398 -0.2453433 0.3162052 1.452809 -0.1934112 0.280971 1.436538 -0.1909171 0.2132774
-0.211998 0.2554312 -0.2315373 0.3101552 1.454296 -0.1797487 0.2794445 1.433529 -0.2076261 0.2491671
-0.1910928 0.2450056 -0.2100889 0.3036573 1.445555 -0.1579737 0.2511568 1.427875 -0.2025677 0.2486956
-0.1681374 0.2367583 -0.1894576 0.2956668 1.443122 -0.1295257 0.2632955 1.500715 -0.1813773 0.2448706
-0.1448213 0.2290178 -0.1685036 0.2876069 1.443378 -0.1043051 0.2471339 1.5192 -0.1566978 0.2399989
-0.1231215 0.2156523 -0.1463411 0.2753543 1.44231 -0.1618885 0.191135 1.4895 -0.09612212 0.1722499
-0.1027112 0.2051883 -0.1237648 0.2671113 1.43842 -0.1455653 0.1909252 1.484125 -0.08270529 0.1652342
-0.07982753 0.2030172 -0.101717 0.2630062 1.432874 -0.112366 0.1843012 1.490875 -0.06868506 0.1678137
-0.06146827 0.1994907 -0.07955813 0.2628237 1.425295 -0.09562586 0.1913383 1.497385 -0.04443831 0.1616902
-0.03901858 0.2005087 -0.05437773 0.2613406 1.418149 -0.08101802 0.2062082 1.500462 -0.02447672 0.1559708
-0.02022437 0.1966065 -0.03443738 0.2590395 1.423175 -0.06213974 0.2096393 1.504875 -0.01285212 0.156577
-0.00141536 0.2000796 -0.007190154 0.2625505 1.421031 -0.04263678 0.2069209 1.509727 0.006414519 0.1543685
0.01714114 0.1981516 0.009494959 0.2602271 1.423657 -0.02282593 0.2141209 1.5042 0.02233237 0.1499756
0.03299511 0.1979761 0.02746299 0.2598335 1.427129 -0.004926485 0.2097494 1.5088 0.03550563 0.1474487
0.04798166 0.1980469 0.0494452 0.2601414 1.430642 -0.002304581 0.183715 1.444105 0.04746935 0.1472545
0.06067629 0.1990631 0.06835126 0.260721 1.43485 0.01344075 0.2070138 1.499454 0.056058 0.1490804
0.07234718 0.1989371 0.07645202 0.2606322 1.440766 0.02763185 0.2083085 1.5035 0.06459147 0.1483168
0.08214962 0.1987644 0.0928428 0.2604351 1.441447 0.02899328 0.1920989 1.46685 0.07139686 0.1490997
0.093514 0.198889 0.1026487 0.2619593 1.442991 0.0550359 0.2049835 1.498455 0.08041576 0.1499056
0.1046738 0.1985524 0.111859 0.2610224 1.442643 0.06668688 0.2194802 1.543556 0.08938212 0.1504643
0.1173755 0.1970268 0.1213453 0.2597879 1.443672 0.06325557 0.1877886 1.462438 0.1027802 0.1501337
0.1300697 0.1934627 0.1432086 0.2545773 1.449789 0.07714184 0.1928864 1.462687 0.1127492 0.1499435
0.1410404 0.1932182 0.1619811 0.2536393 1.45665 0.1045605 0.2137123 1.5218 0.1231776 0.145961
0.153912 0.1930344 0.1662807 0.252952 1.458495 0.1221634 0.2328877 1.5205 0.1327357 0.1431696
0.1647877 0.1914139 0.1911698 0.2498505 1.474242 0.1203888 0.2006346 1.470333 0.1420359 0.1413151
0.1736935 0.191532 0.1998236 0.2512355 1.477392 0.1163193 0.1826762 1.484833 0.1486776 0.1408716
0.1831186 0.1915777 0.2139083 0.2511427 1.48306 0.1342895 0.1970879 1.48279 0.154713 0.1403838
0.1896897 0.1925111 0.2211194 0.2502415 1.487559 0.1660606 0.240401 1.547333 0.1601494 0.1405142
0.19416 0.1908468 0.2230462 0.2492965 1.498101 0.1428934 0.1886681 1.4972 0.1649109 0.1407007
0.1969139 0.1920843 0.2298249 0.2498104 1.498801 0.1719523 0.2323113 1.5421 0.1677087 0.1409483
0.198063 0.1920619 0.2283657 0.2511259 1.5027 0.172837 0.2180128 1.537 0.1695503 0.1409492
0.1954687 0.1926931 0.2261067 0.2496511 1.499269 0.1548535 0.2119133 1.559545 0.1702046 0.1411346
0.190763 0.1955165 0.2226917 0.2536454 1.495094 0.1414652 0.1957444 1.494235 0.1697467 0.1417766
0.1814317 0.1961245 0.2141221 0.250282 1.48806 0.1298262 0.1860541 1.491714 0.1664305 0.1422888
0.1662496 0.1960753 0.1979802 0.2508381 1.485363 0.2081613 0.233938 1.464 0.1534941 0.1413647
0.1511341 0.1970859 0.1770449 0.2545869 1.480808 0.1943266 0.2141256 1.467667 0.140622 0.1438846
0.1322892 0.1966641 0.1672578 0.2540451 1.464718 0.1093779 0.2381265 1.536846 0.1240378 0.1489666
0.1127319 0.1981633 0.1459013 0.2520848 1.458794 0.0897997 0.2431457 1.535778 0.1054208 0.1478106
0.0883195 0.1960516 0.1248149 0.2509132 1.450249 0.06487865 0.2428088 1.536059 0.0809425 0.1444898
0.07051086 0.1989767 0.1107783 0.2514758 1.426855 0.04025172 0.2366379 1.526118 0.06786219 0.1449458
0.04980724 0.1992084 0.08416679 0.2549804 1.440386 0.01913201 0.2391826 1.522187 0.05113727 0.1437462
0.0304506 0.2061747 0.05713852 0.2656893 1.445164 0.0008182994 0.2446039 1.520267 0.03430161 0.1502866
0.01457112 0.209226 0.04669936 0.2672272 1.432947 -0.01620999 0.2433849 1.512333 0.01968903 0.1536699
-0.004868602 0.2064659 0.01717211 0.2651132 1.440814 -0.04725229 0.2401978 1.503364 0.005047526 0.1514091
-0.02221792 0.2123014 0.001906364 0.2723178 1.436406 -0.05656125 0.243237 1.5075 -0.01046706 0.1561599
-0.03625285 0.2073339 -0.01413815 0.2666231 1.43349 -0.07212158 0.2446173 1.499538 -0.02805905 0.1683871
-0.05374807 0.2132205 -0.03200518 0.2717627 1.433637 -0.103822 0.2083177 1.434571 -0.04364752 0.1625597
-0.07182685 0.2162243 -0.05252237 0.275559 1.435635 -0.1072368 0.246119 1.498572 -0.05953491 0.1587707
-0.08946982 0.2081601 -0.07371288 0.2649299 1.438894 -0.1247927 0.242607 1.502556 -0.07843763 0.1732735
-0.1030766 0.2140716 -0.08939752 0.271988 1.435925 -0.07607467 0.2227076 1.50775 -0.07655347 0.1628402
-0.123869 0.2084646 -0.1089189 0.2674609 1.440058 -0.08127443 0.2025046 1.432946 -0.1482825 0.1699952
-0.1387773 0.2087487 -0.1277613 0.2679963 1.440859 -0.09509668 0.2053986 1.4279 -0.1576484 0.1691737
-0.1496178 0.2127742 -0.1396743 0.2722278 1.43916 -0.1029486 0.2198182 1.4335 -0.1609102 0.1765415
-0.1620618 0.2220236 -0.1509544 0.2835296 1.4353 -0.1201297 0.2218028 1.426667 -0.1609185 0.1910798
-0.173557 0.2256971 -0.1656655 0.2875541 1.437402 -0.1274018 0.2310575 1.41925 -0.1659284 0.1947781
-0.1842052 0.2267305 -0.1792366 0.2881048 1.439344 -0.1378042 0.2431934 1.520667 -0.1740087 0.1862178
-0.1959568 0.2296369 -0.188597 0.2913902 1.438989 -0.1560767 0.2382962 1.428297 -0.1790191 0.1777866
-0.2055798 0.2318216 -0.2008647 0.294646 1.439813 -0.1650594 0.2477876 1.4278 -0.187219 0.1712474
-0.2144462 0.2354983 -0.2133286 0.2974705 1.443943 -0.1759819 0.254053 1.428528 -0.2000762 0.1709189
-0.2202601 0.2377931 -0.2226738 0.2985638 1.446315 -0.1836545 0.2583537 1.42672 -0.2021562 0.1693619
-0.2213375 0.2389197 -0.2261805 0.2980987 1.446345 -0.1812702 0.255734 1.432224 -0.2142807 0.2048156
-0.2181419 0.2398246 -0.2282384 0.2976347 1.450092 -0.1832749 0.2602776 1.429286 -0.2140367 0.2056343
-0.2121504 0.2385346 -0.2219017 0.294903 1.446 -0.1765456 0.25378 1.429731 -0.2119767 0.2074747
-0.2018951 0.2394812 -0.2187064 0.291748 1.450973 -0.1700832 0.258299 1.430033 -0.1992931 0.2380905
-0.1896817 0.2347618 -0.2062068 0.2870005 1.450516 -0.1586937 0.255561 1.428692 -0.1956742 0.2478917
-0.1896817 0.2347618 -0.2062068 0.2870005 1.450516 -0.1586937 0.255561 1.428692 -0.1956742 0.2478917
-0.1896817 0.2347618 -0.2062068 0.2870005 1.450516 -0.1586937 0.255561 1.428692 -0.1956742 0.2478917
-0.1749012 0.2286851 -0.1932813 0.2819436 1.450656 -0.135754 0.2569549 1.511429 -0.1758489 0.2419164
-0.1577474 0.2248291 -0.1754185 0.2790867 1.450631 -0.1292265 0.2514 1.42665 -0.1723037 0.241655
-0.1577474 0.2248291 -0.1754185 0.2790867 1.450631 -0.1292265 0.2514 1.42665 -0.1723037 0.241655
-0.1577474 0.2248291 -0.1754185 0.2790867 1.450631 -0.1292265 0.2514 1.42665 -0.1723037 0.241655
-0.1347182 0.2244334 -0.1551702 0.2756241 1.448116 -0.1082843 0.2491814 1.433556 -0.1496498 0.2405459
-0.1140842 0.2058174 -0.1325905 0.2686357 1.446439 -0.08907575 0.243685 1.420893 -0.1164466 0.2292328
-0.08878569 0.1998477 -0.106507 0.2618682 1.444898 -0.04764295 0.233494 1.504941 -0.08091975 0.165294
-0.06643149 0.2019528 -0.08220026 0.2660225 1.44196 -0.03883959 0.2359482 1.422412 -0.0595896 0.1677229
-0.03794777 0.1980024 -0.0548567 0.2593783 1.448359 0.009937434 0.2211653 1.516667 -0.02522025 0.1551802
-0.01500258 0.2001843 -0.02929045 0.2626886 1.446153 0.01102149 0.244111 1.421 -0.00965248 0.1526468
0.01063674 0.2054531 0.006361336 0.2706637 1.434642 -0.03156739 0.2061498 1.52325 0.01386788 0.1528052
0.0359348 0.2062305 0.03499912 0.2712674 1.446483 -0.007361778 0.1968028 1.512118 0.03929331 0.1517515
0.06532296 0.2025151 0.0618392 0.2686655 1.458573 0.01567858 0.2143226 1.539667 0.06458385 0.1518558
0.09413467 0.2028295 0.09260035 0.2678656 1.468854 0.05385605 0.1992586 1.518667 0.09007862 0.1537207
0.1225909 0.2009453 0.1278988 0.2652776 1.483403 0.06976739 0.2045672 1.4609 0.1151706 0.1494153
0.1486295 0.2024846 0.1506476 0.2664348 1.490807 0.098077 0.2123958 1.456667 0.1357827 0.149221
0.175942 0.2067413 0.1842164 0.2700467 1.50699 0.1151674 0.1799545 1.486833 0.1599951 0.1507994
0.2006284 0.2056825 0.2136681 0.2682779 1.52191 0.1457822 0.1916951 1.5086 0.1845131 0.152085
0.221677 0.2064581 0.2418672 0.2698247 1.529977 0.1732522 0.2076083 1.514625 0.2008085 0.1515732
0.2454492 0.2090999 0.2724164 0.2701128 1.537018 0.1841586 0.1935166 1.520571 0.2217539 0.1534199
0.2587807 0.2079156 0.2872223 0.2661207 1.542617 0.2186337 0.2262557 1.525333 0.2303678 0.15191
0.2687026 0.2050072 0.2948149 0.2645135 1.548456 0.2207756 0.2079238 1.528235 0.2396247 0.1509892
0.2730748 0.2031489 0.295398 0.262354 1.550033 0.2268437 0.2054584 1.531185 0.2436757 0.1493561
0.2734365 0.2012017 0.299287 0.2604167 1.553133 0.2201378 0.1912477 1.533724 0.2461616 0.1484107
0.2671197 0.2021034 0.2948025 0.2614681 1.552874 0.2386954 0.2277636 1.58725 0.2461428 0.1483553
0.2597634 0.2033327 0.2868483 0.2614067 1.549936 0.234898 0.2355534 1.58725 0.2420357 0.1452767
0.2501123 0.206976 0.282073 0.2635559 1.539319 0.2224582 0.2366537 1.5794 0.2366171 0.1482518
0.2371496 0.2130557 0.2704922 0.266514 1.537375 0.2084659 0.2452832 1.5955 0.2228957 0.1534946
0.2201465 0.2158944 0.2470291 0.2727098 1.533088 0.1899676 0.2401993 1.581 0.2055496 0.1553128
0.2047412 0.21705 0.2329985 0.2756402 1.522893 0.1739017 0.2469593 1.580417 0.1906401 0.1580429
0.1867322 0.2175796 0.2173037 0.2741519 1.519471 0.1570295 0.2476031 1.569286 0.17503 0.167815
0.1663996 0.221057 0.198998 0.2762123 1.513245 0.1296532 0.2433094 1.563294 0.1520769 0.165809
0.1459631 0.2223123 0.1749258 0.2808603 1.508153 0.1180723 0.25609 1.572083 0.1353962 0.1662757
0.125784 0.2229464 0.1599294 0.2804749 1.501647 0.07384315 0.2187246 1.482934 0.1136457 0.1648898
0.1004665 0.2225054 0.1332707 0.2802956 1.498481 0.122917 0.1667961 1.46675 0.08824451 0.1643629
0.07476879 0.2218347 0.1046287 0.2797586 1.494568 0.1094655 0.1931242 1.489636 0.06962366 0.1659654
0.04728027 0.2277502 0.07567504 0.2859865 1.487657 0.08537253 0.1994001 1.468917 0.04659292 0.1714368
0.01921175 0.2335815 0.04593144 0.2926998 1.481682 0.05344152 0.1924835 1.4625 0.02197078 0.174701
-0.009105852 0.2374353 0.01686556 0.2956929 1.476294 0.03297517 0.210347 1.449231 -0.000788959 0.1810541
-0.03343015 0.2379291 -0.01468905 0.2961266 1.474304 0.0102788 0.2234574 1.445625 -0.02345832 0.179075
-0.06430582 0.2488754 -0.05587578 0.3096106 1.474524 -0.0132912 0.2549174 1.459846 -0.04655879 0.1831482
-0.0886231 0.2537682 -0.07996372 0.3124024 1.476563 -0.04168449 0.2379635 1.420875 -0.08316725 0.2508603
-0.1173381 0.2526963 -0.1122658 0.3133394 1.483144 -0.07833336 0.271939 1.45931 -0.08917315 0.2021264
-0.1449687 0.2356313 -0.1550169 0.2977219 1.486927 -0.0903496 0.2447153 1.432444 -0.1309541 0.2087635
-0.1642474 0.2905552 -0.1719368 0.3230501 1.490317 -0.1328883 0.286927 1.463132 -0.150887 0.2390483
-0.1854883 0.2997885 -0.1943196 0.3241863 1.487559 -0.1555498 0.2974227 1.461381 -0.1675237 0.2572533
-0.205027 0.2683919 -0.21285 0.3204457 1.486394 -0.1737957 0.2914721 1.461945 -0.1792278 0.2675202
-0.2256486 0.2644707 -0.2292994 0.3229514 1.486657 -0.2647484 0.2483411 1.5364 -0.2453997 0.2282525
-0.2333739 0.2668718 -0.2360651 0.3250346 1.484464 -0.2828427 0.2345745 1.498111 -0.2367892 0.2285544
-0.2400884 0.2660833 -0.2442565 0.3249519 1.483625 -0.2836834 0.2348319 1.494219 -0.2203843 0.1747191
-0.2400884 0.2660833 -0.2442565 0.3249519 1.483625 -0.2836834 0.2348319 1.494219 -0.2203843 0.1747191
-0.2435356 0.268753 -0.2506865 0.3270503 1.484851 -0.2874183 0.2361864 1.492433 -0.2200814 0.1754133
-0.2425373 0.2697788 -0.2504068 0.3263197 1.483123 -0.2847582 0.2333581 1.49439 -0.2333459 0.2246575
-0.2391835 0.269968 -0.2470015 0.3273853 1.484631 -0.2802425 0.2362173 1.490981 -0.2325533 0.2257556
-0.2311409 0.2704283 -0.2401343 0.3249419 1.485096 -0.2692766 0.2435991 1.511375 -0.2222871 0.2247054
-0.2193334 0.2724187 -0.2321444 0.3256876 1.491303 -0.2584566 0.2374445 1.495643 -0.2125835 0.253199
-0.2027658 0.2719629 -0.2185673 0.3237582 1.491064 -0.2434835 0.2322433 1.496436 -0.1694417 0.193027
-0.2027658 0.2719629 -0.2185673 0.3237582 1.491064 -0.2434835 0.2322433 1.496436 -0.1694417 0.193027
-0.1801464 0.2631774 -0.1998586 0.3241084 1.493174 -0.2248077 0.2266175 1.499083 -0.1679058 0.2175693
-0.1629362 0.2596452 -0.181404 0.3216111 1.491939 -0.2047774 0.2216305 1.496333 -0.1494401 0.2108009
-0.1388899 0.2568457 -0.1622783 0.3152925 1.489555 -0.1806944 0.2158359 1.495185 -0.1261803 0.2223878
-0.1152545 0.2379414 -0.1404235 0.3022802 1.488484 -0.1563602 0.2075457 1.492563 -0.1030344 0.2125152
-0.09024387 0.2336051 -0.1159687 0.2938751 1.483292 -0.129712 0.2014615 1.477048 -0.07746671 0.2021039
-0.07531044 0.2408099 -0.08918261 0.3027593 1.476919 -0.1139343 0.231419 1.533333 -0.06992159 0.2025394
-0.04940943 0.2351014 -0.06457357 0.2941431 1.470829 -0.09475614 0.2398827 1.531111 -0.03979759 0.1925858
-0.0327999 0.2326549 -0.04331599 0.2941518 1.470095 -0.07822653 0.2427347 1.54 -0.02620493 0.1865663
-0.01414431 0.2329874 -0.0223324 0.2933396 1.465166 -0.05444827 0.2217907 1.51175 -0.009925253 0.1831493
0.003874353 0.2317599 0.002350929 0.2932802 1.460041 -0.03980217 0.2229805 1.514476 0.005698701 0.1816513
0.01840109 0.2311459 0.01510542 0.2928078 1.462961 -0.03141616 0.2217355 1.51175 0.01584402 0.1796942
0.0319059 0.2287765 0.03543554 0.2902584 1.465015 -0.0131928 0.2332561 1.525818 0.02613902 0.1780138
0.04750122 0.2307914 0.05312476 0.2927248 1.468514 0.004435373 0.235945 1.517417 0.04185105 0.1784989
0.05895815 0.2308699 0.06490012 0.2913693 1.468195 0.004436624 0.2099622 1.467833 0.05135281 0.1778127
0.06733035 0.2279285 0.07758649 0.2894641 1.471325 0.0274653 0.24663 1.5412 0.05767644 0.1758773
0.07642478 0.2239646 0.08842076 0.2862711 1.472383 0.02123326 0.2071089 1.5155 0.06413431 0.1733116
0.08224041 0.2236912 0.1005847 0.2856013 1.469255 0.0247249 0.2056452 1.486963 0.06895161 0.1709563
0.08636095 0.2208592 0.0979964 0.2830397 1.473903 0.05366155 0.2331018 1.52575 0.07307414 0.1691246
0.08895604 0.2207954 0.1061393 0.2820885 1.469603 0.05666197 0.237112 1.520431 0.07530566 0.1682367
0.08993783 0.2203148 0.1064412 0.2813763 1.469374 0.07422559 0.2646894 1.461727 0.07722084 0.1670787
0.08988228 0.2202936 0.1103136 0.2808695 1.466402 0.05777654 0.241916 1.520211 0.07816702 0.1665485
0.0897369 0.2174107 0.1077143 0.2781174 1.467941 0.05440251 0.2215129 1.526833 0.07900082 0.1661259
0.08899614 0.2179876 0.1054914 0.2785907 1.468389 0.05546086 0.2398143 1.534 0.07949411 0.1660019
0.0879145 0.2174323 0.1026277 0.2778644 1.465081 0.05583829 0.2555043 1.5195 0.07973621 0.1658438
0.08689754 0.2176588 0.1017352 0.2781483 1.467084 0.05399605 0.2446669 1.534 0.07984059 0.1655855
0.08564209 0.2175884 0.1002536 0.2775432 1.464427 0.04902922 0.2271596 1.532333 0.07979114 0.1654512
0.08516897 0.2171912 0.100383 0.2778479 1.466383 0.05264816 0.2286155 1.5167 0.07968085 0.1652329
0.08477522 0.2172545 0.1012514 0.277398 1.463277 0.05188584 0.2361486 1.528219 0.07944799 0.1652566
0.08429634 0.2172603 0.09930766 0.2773624 1.463364 0.04949166 0.2343115 1.532062 0.07947341 0.1653572
0.08453456 0.2172247 0.1000574 0.2769715 1.461427 0.04926496 0.2303963 1.506263 0.07917449 0.1651479
0.08355168 0.216658 0.1005071 0.2766458 1.460269 0.04895369 0.2334064 1.53 0.07887451 0.164804
0.08304469 0.2164835 0.1016629 0.2762481 1.45782 0.03880433 0.2305288 1.520818 0.07877011 0.1647898
0.08260413 0.2168882 0.1006147 0.2761509 1.458743 0.04966566 0.2368112 1.52768 0.07853292 0.1643866
0.08311438 0.2160141 0.0988213 0.2765837 1.458299 0.0300237 0.207479 1.510909 0.07839798 0.1642298
0.08290801 0.2157062 0.102451 0.2756215 1.45581 0.04487569 0.2230269 1.501 0.07802484 0.1635713
0.08316574 0.2153702 0.1015387 0.2755066 1.458085 0.03926826 0.2110835 1.512342 0.07783493 0.1633792
0.08309265 0.2153292 0.1015241 0.2758331 1.45562 0.04845167 0.2200229 1.514286 0.07763684 0.1631025
0.08280709 0.2157597 0.1008205 0.2758216 1.455974 0.04796742 0.2273022 1.542667 0.07738727 0.1630993
0.08193327 0.215794 0.1014258 0.2760176 1.456045 0.0464621 0.2251851 1.505417 0.07719978 0.1629858
0.08045126 0.2154609 0.09760681 0.2760239 1.454793 0.04619209 0.2245882 1.517367 0.07693587 0.1629387
0.07954427 0.2152284 0.09689169 0.2746263 1.452851 0.02766357 0.2133779 1.480909 0.07619358 0.1625687
0.07900814 0.215116 0.09658352 0.2750623 1.452583 0.04373268 0.2172872 1.511875 0.07591558 0.162489
0.0782148 0.2153625 0.09556653 0.2743766 1.452261 0.03602041 0.2291304 1.512571 0.07510021 0.1622284
0.07627876 0.2148089 0.09361541 0.2753957 1.452653 0.04291904 0.226385 1.5232 0.0743699 0.1621096
0.07582412 0.2151137 0.09339394 0.2746955 1.450739 0.0192495 0.2047738 1.456769 0.0737265 0.1620219
0.07397494 0.2151416 0.09657478 0.2739762 1.447424 0.03062985 0.2363257 1.525375 0.07299203 0.1618077
0.0731094 0.2155847 0.09102993 0.2740565 1.447394 0.03425791 0.2337951 1.518565 0.07199816 0.1614398
0.07244805 0.2148655 0.08843494 0.2742462 1.448117 0.03674158 0.2267566 1.523333 0.0712356 0.1615088
0.07227825 0.2142762 0.08836265 0.2740105 1.446874 0.03296069 0.2297095 1.525359 0.07020979 0.1613366
0.07168177 0.2148555 0.08826266 0.2738968 1.447046 0.03203207 0.2322238 1.52569 0.06980849 0.1614923
0.06989895 0.2147658 0.09413329 0.2739862 1.439546 0.03399619 0.2268465 1.518538 0.06934003 0.1614713
0.06885225 0.21537 0.08559714 0.2730089 1.445279 0.02864138 0.2320934 1.513733 0.06828429 0.1613956
0.06735066 0.214724 0.08408501 0.2724918 1.445086 0.02779664 0.2326011 1.518595 0.06759132 0.1609425
0.0658833 0.2144184 0.08282444 0.2716442 1.442772 0.02071913 0.2294081 1.495778 0.06631675 0.1606969
0.06544593 0.2146467 0.08015136 0.2735718 1.443425 0.02553951 0.2324077 1.509266 0.06535339 0.1604819
0.06521043 0.2142831 0.07966616 0.2723336 1.4442 0.02566288 0.2339083 1.511043 0.06415498 0.1596751
0.06116951 0.2113951 0.08582556 0.2692698 1.436351 0.01995209 0.2317005 1.498714 0.06302439 0.1592377
0.06156553 0.2142019 0.07441081 0.2714885 1.441576 0.007083583 0.1914643 1.443387 0.06190743 0.1594273
0.05975867 0.2151543 0.07631962 0.2717286 1.441656 0.0189337 0.2353074 1.503471 0.06112411 0.1597597
0.05778788 0.2146171 0.07991657 0.2721577 1.437775 0.003912467 0.1940567 1.44237 0.06004821 0.1595964
0.05652804 0.215625 0.07273221 0.2738223 1.440229 0.111763 0.2064977 1.514917 0.0588595 0.1597183
0.05382146 0.2158027 0.0711813 0.2751033 1.442843 0.09140442 0.1906923 1.444666 0.05771118 0.1599219
0.05390329 0.2155971 0.07412165 0.2741984 1.439238 0.08928413 0.1870242 1.443967 0.05698323 0.16
0.054061 0.2158365 0.07082471 0.2753997 1.441861 0.1113194 0.2095289 1.5218 0.0563954 0.1600698
0.0541125 0.215455 0.0700777 0.2752086 1.441926 0.1120241 0.2119442 1.515916 0.05571992 0.1601865
0.05334227 0.2156689 0.07168772 0.2751926 1.441257 0.1116497 0.210696 1.517546 0.05540442 0.1601152
0.05297836 0.2160464 0.07127347 0.2748951 1.440593 0.1140735 0.2229504 1.5093 0.0550526 0.1601655
0.05204552 0.2157256 0.07005716 0.2751884 1.441326 0.1075107 0.2028592 1.522333 0.05447599 0.1602989
0.05161893 0.2154886 0.06819437 0.2755252 1.440747 0.08929735 0.1968101 1.439143 0.05404618 0.1602633
0.05104353 0.2154616 0.06741654 0.2762485 1.441207 0.1083459 0.2052389 1.5206 0.0536248 0.1601397
0.0507658 0.2155531 0.06667145 0.2754856 1.438441 0.09238854 0.2106051 1.429445 0.05329465 0.1601154
0.05068648 0.2151926 0.06756465 0.2753992 1.438843 0.1075064 0.2064968 1.524 0.05289553 0.1599185
0.04947401 0.2154118 0.06900001 0.2754086 1.438902 0.08516464 0.1884824 1.440143 0.05233878 0.1598344
0.05052528 0.2148922 0.06960572 0.2742463 1.437519 0.1054389 0.2082109 1.510375 0.05197018 0.1597012
0.04955668 0.213839 0.06881622 0.2741426 1.434256 0.09818134 0.2063083 1.4701 0.05158317 0.1592799
0.05059065 0.2130761 0.06752878 0.2724628 1.43521 0.1087682 0.2093846 1.5094 0.05134179 0.1589614
0.04996464 0.2126144 0.0689673 0.2718443 1.431137 0.1090893 0.2157319 1.506333 0.05112587 0.1587398
0.05023057 0.2121757 0.06655844 0.2709841 1.43389 0.08040947 0.1677844 1.439717 0.05098238 0.1585378
0.05112215 0.2107973 0.06834427 0.2706926 1.433614 0.1072421 0.2036753 1.511786 0.05088162 0.1582507
0.04909788 0.211053 0.06706276 0.2714075 1.437069 0.08271165 0.1795738 1.436176 0.05081962 0.1582551
0.04875977 0.2152128 0.06629865 0.2758602 1.436986 0.1071704 0.2197978 1.5046 0.05073433 0.1584911
0.04939576 0.216886 0.06662621 0.2765611 1.438698 0.08211698 0.18426 1.437204 0.05065185 0.1606315
0.04720151 0.2245653 0.06243557 0.284729 1.442162 0.0107229 0.2582492 1.499389 0.05012921 0.1652732
0.04794702 0.2357624 0.06069738 0.2980028 1.445939 -0.004973202 0.221771 1.44 0.05056857 0.1764812
0.04743154 0.2470685 0.05783601 0.3096865 1.450142 0.009160151 0.2649556 1.486524 0.0505241 0.1878316
0.04704017 0.2591692 0.05532521 0.3234798 1.45537 0.003414955 0.2875447 1.4952 0.05130062 0.2012155
0.04747064 0.2748102 0.05431293 0.3388989 1.457405 0.009848183 0.3050889 1.506667 0.05146535 0.2159791
0.04748629 0.2901012 0.05163063 0.3532926 1.470079 -0.01051507 0.2778111 1.515429 0.05216505 0.2335229
0.04710418 0.3069185 0.05245535 0.3710247 1.477554 -0.001883711 0.2876113 1.512741 0.05399745 0.2505407
0.04798337 0.3312904 0.05067327 0.3968998 1.48355 -0.008709013 0.3083402 1.4935 0.05516665 0.27464
0.04773016 0.348746 0.04913463 0.4144363 1.488379 -0.001244569 0.3198425 1.493429 0.0571542 0.292138
0.04886712 0.3736713 0.04760342 0.4404585 1.494603 0.0004476351 0.3475894 1.483592 0.05712363 0.315741
0.04928967 0.3990046 0.04891779 0.466153 1.498736 0.0002845248 0.3780829 1.479633 0.05759189 0.3422107
0.04903329 0.4190104 0.04690837 0.4871148 1.501362 0.002302333 0.3935976 1.48603 0.05882601 0.3617363
0.04904282 0.4412974 0.04432229 0.510022 1.507819 0.004970464 0.4226714 1.4695 0.060227 0.3832759
0.04941098 0.4621439 0.04043592 0.5305609 1.510041 0.003556003 0.4408723 1.480303 0.06091636 0.4029965
0.04927645 0.4839241 0.03675907 0.5525009 1.513273 0.005650144 0.4560716 1.489514 0.06205076 0.4230447
0.04751702 0.5015972 0.03517859 0.5700874 1.518331 0.002999554 0.4728079 1.5091 0.06275739 0.4404339
0.04723032 0.5161692 0.03609509 0.5839176 1.523789 0.004063578 0.495988 1.49339 0.06190351 0.4559285
0.04483154 0.5264413 0.03683651 0.5940766 1.527525 0.003263003 0.500114 1.519857 0.06183187 0.4568498
0.04405402 0.5332084 0.03147385 0.5980566 1.52916 0.004453371 0.5078497 1.5078 0.061716 0.4589995
0.04387187 0.5413668 0.03296019 0.6082968 1.532911 0.01053097 0.5010439 1.519562 0.06157923 0.4676872
0.04381509 0.5424414 0.03163826 0.6098927 1.534257 0.006789623 0.5083936 1.542111 0.06122822 0.471321
0.04403116 0.5451489 0.03168598 0.6126038 1.534689 0.004893508 0.5170744 1.503854 0.06127094 0.4719467
0.04452613 0.5406694 0.03157291 0.6093029 1.533568 0.006477192 0.4981147 1.531091 0.06137209 0.4708863
0.04564833 0.5297693 0.03746857 0.5968912 1.527254 0.004142853 0.4905854 1.518667 0.06263879 0.4601038
0.0466338 0.5157762 0.03950917 0.5847473 1.521213 0.003003505 0.4807122 1.503867 0.06367648 0.4481082
0.04747867 0.4905093 0.0404132 0.5573905 1.510577 0.005108838 0.4471061 1.523125 0.06270058 0.4356461
0.04938056 0.4678288 0.04156989 0.5330925 1.501161 0.007490464 0.4246977 1.494056 0.0614484 0.4107404
0.05108462 0.4396782 0.04385934 0.504053 1.491061 0.007414719 0.3983551 1.493363 0.06127579 0.3838111
0.05309119 0.4092312 0.04612328 0.472243 1.478545 0.008920011 0.3741693 1.47 0.06178719 0.3568516
0.05646308 0.3674422 0.04708038 0.4339273 1.469439 0.01427628 0.3286426 1.4685 0.0652627 0.3093457
0.06052531 0.3422731 0.05264845 0.4046831 1.446965 0.01608135 0.2998976 1.454533 0.06669534 0.2890528
0.06339446 0.308726 0.06214035 0.3713511 1.432418 0.009051334 0.2854299 1.485667 0.06881441 0.254702
0.06843104 0.2802785 0.07225925 0.3437664 1.426807 0.02213966 0.2545274 1.434085 0.06962412 0.2286639
0.06943724 0.2504991 0.07753681 0.3123376 1.439454 0.02458607 0.2320336 1.432614 0.06926154 0.198196
0.07236545 0.2263326 0.08838944 0.2855835 1.417262 0.02864785 0.1994445 1.426421 0.06884035 0.1765095
0.07152757 0.1974138 0.08348104 0.2589866 1.416606 0.02702876 0.1895514 1.432657 0.06742341 0.146326
0.06958406 0.181014 0.09131702 0.2364685 1.387356 0.02896023 0.147407 1.434037 0.06530659 0.1325874
0.06788789 0.1627729 0.08860945 0.2214283 1.418686 0.03401896 0.1951177 1.491625 0.06241303 0.1154236
0.06420784 0.1404174 0.0783874 0.2017939 1.431436 0.02898024 0.1741215 1.521 0.05990003 0.09946778
0.06103175 0.1276216 0.08091431 0.1870353 1.434515 0.0189888 0.1561206 1.523833 0.05597195 0.08639316
0.06000892 0.1126055 0.08117644 0.1707978 1.438369 0.02936339 0.1425393 1.477818 0.05162996 0.06388406
0.05880868 0.1039246 0.07654241 0.1633456 1.44511 0.02909105 0.1367826 1.4905 0.05119767 0.0558301
0.05885224 0.09618255 0.08214043 0.1549684 1.452159 0.02941064 0.1300245 1.5124 0.05134329 0.05154084
0.05830849 0.09672906 0.0832686 0.1539981 1.455712 0.02629516 0.1323168 1.524833 0.0511295 0.05109617
0.05724921 0.09851587 0.08242628 0.1595667 1.462538 0.02455173 0.1305319 1.523834 0.050692 0.05145657
0.05540214 0.1048783 0.08303319 0.1631741 1.467253 0.02501332 0.1489212 1.5199 0.04970035 0.05753688
0.05524989 0.1192577 0.0850409 0.1715773 1.471705 0.01802965 0.1614519 1.5246 0.04952275 0.06677598
0.05808973 0.1450692 0.07921752 0.2049993 1.472591 0.0149893 0.1735314 1.529857 0.05082684 0.08776265
0.05792755 0.1676221 0.0808273 0.2260455 1.479035 0.01190558 0.1976068 1.54325 0.05353594 0.1107731
0.0609866 0.1917914 0.08280986 0.250564 1.480724 0.01200748 0.2139856 1.542959 0.06049193 0.1515874
0.06464165 0.2265416 0.08095071 0.2853988 1.486275 0.01774918 0.2403473 1.54045 0.06265543 0.1619391
0.06789507 0.2509804 0.07717479 0.3108233 1.490272 0.0133232 0.251607 1.546786 0.06810459 0.1957735
0.06976983 0.2749856 0.07797993 0.3357418 1.49583 0.01624821 0.2807756 1.545 0.07059427 0.2155572
0.07184362 0.2950951 0.0777632 0.3539468 1.503816 0.01681516 0.299143 1.551125 0.07236791 0.235035
0.07370938 0.3162858 0.07474398 0.3756762 1.510068 0.01973849 0.3118936 1.531273 0.07602758 0.2567978
0.07498715 0.3370214 0.07547902 0.3965142 1.512215 0.02452941 0.3169749 1.510118 0.07878082 0.2764672
0.07686164 0.3618348 0.07454531 0.4219127 1.514744 0.02511822 0.3584261 1.534571 0.08253336 0.2980495
0.07737859 0.3758512 0.07628045 0.4346353 1.517588 0.03071986 0.3451004 1.526474 0.0840397 0.3116866
0.07851005 0.3952563 0.07691592 0.4548664 1.515872 0.0327719 0.3655404 1.531516 0.08519301 0.3334139
0.07967763 0.4153548 0.07744409 0.4765944 1.518849 0.03215803 0.3874246 1.528762 0.08562955 0.3529426
0.08033828 0.4249403 0.07796843 0.4850298 1.519211 0.0332319 0.3991391 1.522742 0.08614039 0.3619817
0.08080396 0.4372782 0.07757943 0.4977374 1.51992 0.03244213 0.4102225 1.530312 0.08701261 0.3721095
0.08126687 0.4428604 0.07890251 0.5019038 1.520118 0.03443019 0.4185028 1.525739 0.08741157 0.3795088
0.08117018 0.4505509 0.07809884 0.5098573 1.519733 0.0404682 0.4263413 1.50121 0.08781459 0.386606
0.08128715 0.454584 0.07758604 0.5131388 1.518184 0.04008657 0.4320742 1.500356 0.08794526 0.3909691
0.0817895 0.4585426 0.07844579 0.5175723 1.518846 0.04030244 0.4363128 1.498853 0.08839867 0.3952358
0.08226337 0.4615632 0.07943746 0.5219623 1.518297 0.03815066 0.4308615 1.507115 0.08896982 0.3980176
0.0817821 0.460481 0.07820552 0.5223562 1.521186 0.03558717 0.4216444 1.530235 0.08898399 0.398306
0.08282153 0.4587018 0.08104539 0.5225672 1.520706 0.04145868 0.4365784 1.49526 0.08900625 0.3979631
0.08367572 0.4522697 0.08225389 0.5143335 1.518491 0.04284753 0.416592 1.493887 0.0891085 0.3944455
0.08387917 0.4371232 0.08002257 0.4990868 1.512784 0.0361046 0.4013646 1.509 0.08902124 0.3801142
0.08538177 0.4166143 0.07973541 0.479284 1.503248 0.04391702 0.3884859 1.484 0.08928097 0.3628474
0.08457488 0.3899873 0.07786859 0.4537757 1.501326 0.03524361 0.3590556 1.5546 0.09056818 0.332613
0.08617935 0.3720069 0.07917397 0.434656 1.496884 0.04746439 0.346562 1.473482 0.09123895 0.3157373
0.08841713 0.3474984 0.07655352 0.4116051 1.49068 0.05005042 0.3166323 1.470381 0.09232709 0.2912199
0.09000555 0.3290372 0.08182885 0.3922386 1.490953 0.04910003 0.3034507 1.47182 0.09198277 0.2746448
0.09070469 0.3086346 0.08385472 0.3709967 1.482933 0.04960037 0.2854469 1.471729 0.09135187 0.2542741
0.08963217 0.2883128 0.08961848 0.3519478 1.483446 0.04914813 0.2685801 1.474093 0.09044397 0.2344865
0.08904639 0.2615139 0.08824372 0.3253019 1.491727 0.03825864 0.2639443 1.5205 0.08785147 0.2062812
0.08721276 0.2398413 0.09125717 0.3015573 1.487296 0.036722 0.2221153 1.512647 0.08566609 0.1847797
0.08563838 0.2100044 0.09287002 0.2722588 1.487129 0.04443556 0.2203192 1.492025 0.08027072 0.1553244
0.0847948 0.1886125 0.09984604 0.2506771 1.458207 0.04591694 0.1567859 1.476917 0.07729039 0.1377958
0.0818894 0.1649232 0.09711695 0.2279577 1.464746 0.04177201 0.1860825 1.544636 0.07285592 0.1117258
0.08074185 0.1390822 0.09887008 0.2019825 1.483333 0.04951481 0.1758461 1.509348 0.06890926 0.09103962
0.07886955 0.1212776 0.09761196 0.1843067 1.486116 0.05201242 0.157305 1.4748 0.06659961 0.07418824
0.07544022 0.1090133 0.0986459 0.1695718 1.486621 0.03332876 0.1300471 1.560818 0.06246831 0.05761698
0.07233823 0.09450606 0.1010436 0.1562115 1.490137 0.03723133 0.1232168 1.549357 0.06130785 0.050731
0.06981404 0.0901152 0.0999377 0.1503299 1.492984 0.03836533 0.1287788 1.562428 0.0613502 0.04775575
0.06807926 0.08760928 0.097465 0.1493834 1.496912 0.03533331 0.12763 1.558273 0.06076827 0.04700543
0.06721862 0.08983988 0.09478599 0.1495898 1.500728 0.0295276 0.1212424 1.561853 0.06050222 0.04706067
0.06824651 0.09151959 0.1004843 0.1527106 1.503872 0.03355455 0.1266568 1.558039 0.06039171 0.0474768
0.06985307 0.09706163 0.1003116 0.1553533 1.510077 0.03547064 0.1377659 1.555125 0.06043236 0.05108104
0.06987493 0.1073663 0.1036504 0.1599926 1.513115 0.02587831 0.1357257 1.566067 0.06036764 0.05790827
0.07241493 0.1197845 0.1028265 0.1733199 1.51406 0.03576097 0.1552648 1.5543 0.06033898 0.06722247
0.0752287 0.1458645 0.1024576 0.2058955 1.512916 0.03151781 0.1665778 1.565304 0.06265119 0.0864381
0.07621408 0.158981 0.1008932 0.2179069 1.516678 0.03346839 0.1845072 1.545393 0.06475167 0.1001798
0.07908936 0.1785289 0.09836079 0.2402626 1.518362 0.04116485 0.2140977 1.567 0.06907243 0.122721
0.08255009 0.1945828 0.09904518 0.2560373 1.522976 0.03707148 0.2039857 1.536195 0.07140475 0.1370702
0.0840075 0.2153034 0.09715867 0.2767884 1.52348 0.0448785 0.2497369 1.573334 0.07679626 0.157318
0.08745535 0.2355964 0.09561082 0.2978638 1.524177 0.04268687 0.2340448 1.527849 0.0822119 0.1752936
0.09113778 0.2527239 0.09991984 0.3136915 1.525819 0.04099382 0.2625746 1.568286 0.08701671 0.193503
0.09443318 0.2766106 0.1004046 0.3381396 1.52361 0.04724049 0.2662075 1.548616 0.09216391 0.2173825
0.09816044 0.2940379 0.1043566 0.3544007 1.524695 0.05920634 0.2793334 1.503845 0.09624702 0.2324992
0.1018179 0.3141897 0.1049747 0.3745827 1.522919 0.06101465 0.296046 1.507927 0.1010326 0.2515626
0.1035816 0.3349652 0.1034541 0.3950557 1.523341 0.05395376 0.3161678 1.537368 0.1059004 0.2746798
0.104111 0.3590575 0.1013789 0.4193379 1.521857 0.0520144 0.3483058 1.541445 0.1089953 0.2980419
0.1038437 0.3769896 0.100226 0.4370362 1.525384 0.05305086 0.3584745 1.5558 0.1092144 0.3168353
0.1032804 0.3947209 0.1005536 0.454865 1.530627 0.05537904 0.4026568 1.53975 0.1088646 0.3327044
0.1023368 0.412536 0.09941735 0.4725804 1.534761 0.05547626 0.3850619 1.551589 0.108788 0.3482939
0.1007672 0.4224695 0.1005669 0.4817016 1.537046 0.05325693 0.4085066 1.548077 0.1076817 0.360157
0.1000478 0.4350006 0.09802795 0.495283 1.540619 0.05317677 0.4077397 1.556667 0.1070231 0.3707783
0.09986693 0.4403583 0.09915088 0.5003935 1.543296 0.05388219 0.4155668 1.551048 0.1068688 0.3764842
0.1002368 0.4442208 0.09871743 0.5050974 1.544196 0.0560736 0.4105509 1.552327 0.106836 0.3802421
0.1011821 0.4432358 0.1004173 0.5037915 1.540926 0.05694121 0.4155366 1.539375 0.107046 0.3811477
0.104636 0.4413867 0.1039126 0.5016766 1.53518 0.06078154 0.409251 1.53836 0.1076611 0.3811451
0.1071316 0.4369941 0.1060876 0.4990583 1.529106 0.05978056 0.4071387 1.544454 0.1096161 0.3784614
0.1111037 0.4214759 0.1065427 0.4827281 1.520812 0.07340662 0.3926212 1.504654 0.1139855 0.3662574
0.1144738 0.3991393 0.1095856 0.4609308 1.516291 0.07106154 0.3686685 1.51808 0.1183812 0.3407682
0.1153349 0.3727953 0.1079309 0.4344614 1.511093 0.07089934 0.3483564 1.524714 0.1191247 0.3158472
0.114469 0.3459273 0.1081319 0.4092051 1.503575 0.06778836 0.3129632 1.529636 0.1191145 0.2918378
0.1143649 0.3155216 0.1076234 0.3796657 1.508038 0.07255229 0.3085054 1.495719 0.1194499 0.2565655
0.1140233 0.2957406 0.110654 0.3607402 1.496224 0.06970248 0.3024943 1.5296 0.1173113 0.241712
0.112707 0.2675974 0.1089643 0.3320997 1.499202 0.06395534 0.2713596 1.541125 0.1139612 0.2104626
0.1089764 0.2543584 0.1134599 0.3184141 1.49194 0.06439932 0.2760721 1.538888 0.111035 0.2010993
0.1077702 0.2383347 0.1127252 0.3019371 1.493438 0.06382507 0.2582388 1.534067 0.1072659 0.1881943
0.1059969 0.2282776 0.1141073 0.2919462 1.48361 0.06605799 0.195556 1.476076 0.1040142 0.1787867
0.1046365 0.2137899 0.1121539 0.2792653 1.484845 0.160775 0.2146162 1.55325 0.09961762 0.1622679
0.1043014 0.2044124 0.1151777 0.267988 1.479913 0.1582422 0.1968096 1.556286 0.09786496 0.1550955
0.100996 0.1933458 0.1100393 0.2587314 1.483279 0.1367203 0.2069313 1.484235 0.09364971 0.1440418
0.09799843 0.1851249 0.1112813 0.2492607 1.482835 0.1168005 0.1304153 1.485 0.09094347 0.1356624
0.09510239 0.1770227 0.1089987 0.2421746 1.477776 0.1210764 0.1254579 1.487512 0.08691295 0.1274327
0.0919083 0.1707914 0.1101703 0.2325434 1.484379 0.1271744 0.1302775 1.495758 0.08358733 0.119335
0.08979976 0.1623156 0.1048295 0.2255363 1.485558 0.1209732 0.1195288 1.494892 0.08055758 0.1125427
0.08955634 0.1543841 0.1076813 0.2142575 1.490083 0.1236424 0.1202552 1.49929 0.07853564 0.1060945
0.08834524 0.1463177 0.1086446 0.2049262 1.494554 0.1156013 0.1018967 1.497784 0.07630193 0.09839268
0.08646512 0.1266569 0.1133618 0.1865114 1.496525 0.1085694 0.07573174 1.498163 0.07302194 0.08201559
0.08709212 0.1215553 0.1124681 0.1819517 1.494969 0.1091129 0.07166555 1.497872 0.07286651 0.07558928
0.08806223 0.1201313 0.1136015 0.1788288 1.494234 0.1113712 0.07029049 1.500364 0.072454 0.07087907
0.08996951 0.1155844 0.1171846 0.1752025 1.49522 0.1141733 0.068291 1.499971 0.07283807 0.0658322
0.09032454 0.1099054 0.1201852 0.1680378 1.498184 0.108505 0.05698698 1.499895 0.0727175 0.06100159
0.09036381 0.1106621 0.1203632 0.1683079 1.500571 0.1109397 0.0625489 1.501329 0.07283194 0.06088091
0.08950495 0.1132568 0.1228542 0.1711194 1.504467 0.1088102 0.06251496 1.505282 0.07309124 0.06173413
0.09041456 0.1205653 0.1280673 0.1722693 1.511626 0.106937 0.0731964 1.508955 0.07328159 0.0655487
0.09292195 0.1569958 0.1188978 0.2146601 1.511181 0.1227644 0.1252737 1.50928 0.07673898 0.1052444
0.09196205 0.1757421 0.1231498 0.2340478 1.516509 0.05226542 0.2053205 1.5732 0.07674893 0.1195421
0.09372807 0.2040772 0.1210464 0.2622545 1.523537 0.05030274 0.223027 1.565333 0.07912885 0.1494545
0.09305786 0.2300767 0.11632 0.2897247 1.532508 0.06065913 0.269191 1.571857 0.08102463 0.1683503
0.09164798 0.2516999 0.1108398 0.3133921 1.541174 0.03683662 0.2438865 1.580091 0.08373199 0.1915324
0.09110621 0.2714553 0.1059935 0.3326616 1.5465 0.04539717 0.2584085 1.537537 0.08563815 0.2137478
0.09022449 0.2886893 0.1022813 0.3494671 1.551792 0.05034065 0.2937694 1.5342 0.08663158 0.2273886
0.09123532 0.3067242 0.09772818 0.3669623 1.554947 0.04964469 0.2899836 1.534807 0.08936527 0.2466056
0.09147027 0.3201528 0.1001664 0.3784808 1.555889 0.03898221 0.3026475 1.56425 0.09126316 0.2596999
0.09155418 0.340998 0.09701201 0.4004419 1.559573 0.03914249 0.3210925 1.585667 0.0933182 0.2808108
0.09176561 0.357994 0.09235753 0.41728 1.559628 0.04064303 0.3337421 1.604286 0.09583489 0.296979
0.0913889 0.3747402 0.08887572 0.4343079 1.560095 0.04677757 0.3413666 1.571533 0.09593348 0.314235
0.09095315 0.3877974 0.08907436 0.4475003 1.56168 0.05162044 0.3687369 1.534958 0.09601042 0.3268043
0.088553 0.399548 0.08366387 0.4602343 1.56104 0.04544854 0.3603787 1.568174 0.09548703 0.3389444
0.08843079 0.4121123 0.08229625 0.4724537 1.560181 0.04536683 0.3776945 1.561263 0.0951689 0.3520798
0.08797565 0.4208409 0.08075082 0.4808278 1.558572 0.04520066 0.3905878 1.555895 0.09474195 0.3602102
0.08541331 0.4272826 0.07765062 0.4879258 1.55422 0.0425809 0.3907902 1.560647 0.09399921 0.3653559
0.08404183 0.4304117 0.07474991 0.4922065 1.555404 0.04197571 0.3895538 1.5692 0.09322658 0.3685763
0.08273894 0.4293887 0.07296704 0.4916485 1.553103 0.04112266 0.3917766 1.553357 0.09257946 0.3692516
0.0823338 0.426768 0.07434817 0.4892353 1.549659 0.04176391 0.3914742 1.527929 0.09226238 0.3682216
0.08335705 0.4157316 0.0782667 0.4771899 1.542012 0.04114456 0.3872281 1.532796 0.09167077 0.3590204
0.08545409 0.3978912 0.08139674 0.4608509 1.528431 0.04296267 0.3713326 1.536273 0.09148857 0.3410724
0.08634082 0.3799015 0.08219504 0.4434166 1.524146 0.05036424 0.352275 1.502213 0.09272345 0.3223734
0.08946782 0.3590618 0.08644632 0.4231275 1.523159 0.0453447 0.3256478 1.5378 0.09407764 0.3031227
0.09166352 0.3381818 0.08769245 0.4022809 1.519751 0.05336251 0.316706 1.491254 0.09583472 0.2806646
0.09192714 0.3243085 0.09186123 0.3891462 1.514044 0.0531529 0.3056554 1.489928 0.09553501 0.2669879
0.09188302 0.3082863 0.09257814 0.37215 1.510585 0.05003434 0.3243696 1.537667 0.09401255 0.2527215
0.09214413 0.2970204 0.09932779 0.3599877 1.505023 0.05038683 0.3054202 1.529 0.09252673 0.2408174
0.09209087 0.2747155 0.09745562 0.3380764 1.503694 0.05139542 0.2839638 1.5313 0.08983658 0.2184514
0.09107953 0.2605796 0.09960053 0.3226003 1.500878 0.05791466 0.2867826 1.499677 0.08803289 0.2025946
0.08855189 0.2438347 0.09937689 0.3056861 1.496571 0.04632173 0.2510104 1.5295 0.08527137 0.1892064
0.08632781 0.2265453 0.09960853 0.288559 1.493256 0.04885397 0.2530001 1.543889 0.08113219 0.1740528
0.08567865 0.2134717 0.1001932 0.2756404 1.483987 0.04614309 0.2231899 1.483438 0.07884513 0.1601758
0.08351742 0.1974025 0.1029855 0.260759 1.474194 0.05099372 0.2281614 1.530125 0.07553594 0.1443063
0.0835086 0.1850139 0.1028115 0.2468797 1.458497 0.05296848 0.219337 1.546167 0.07290502 0.1348556
0.0811669 0.1739459 0.1017351 0.2370666 1.481927 0.04444512 0.1956375 1.514682 0.07043238 0.1240882
0.07813727 0.1620369 0.09850328 0.2257713 1.485254 0.03792277 0.168426 1.507173 0.06743442 0.1128788
0.07774024 0.1522906 0.09957928 0.2131995 1.492446 0.04772571 0.1806039 1.492667 0.06596584 0.1050563
0.07261478 0.12712 0.09201004 0.1880858 1.49975 0.03495109 0.1539906 1.560125 0.06052025 0.07804452
0.07200508 0.1217721 0.09477787 0.1846756 1.503456 0.03775483 0.1530456 1.5497 0.05859708 0.07107614
0.06930302 0.1181538 0.09404267 0.1791168 1.503897 0.03326266 0.1466073 1.551502 0.05662724 0.06531498
0.06775899 0.1134831 0.09218024 0.1752247 1.506941 0.02096898 0.1341212 1.5601 0.05507066 0.06163108
0.06388434 0.1118935 0.09051442 0.1729986 1.510784 0.02777323 0.1440314 1.560307 0.05498101 0.06107281
0.06375851 0.1131303 0.09174855 0.1691308 1.515619 0.02407837 0.1421725 1.567727 0.05465091 0.06270019
0.06117192 0.1200284 0.09198313 0.1771115 1.520999 0.01254729 0.1394096 1.5721 0.05388179 0.06713005
0.06253573 0.1493794 0.08256225 0.2108549 1.516972 0.02031332 0.1771375 1.574733 0.05222187 0.09051811
0.06247528 0.1675833 0.08328167 0.225593 1.518132 0.01932207 0.1957579 1.570643 0.05367029 0.1091724
0.06596096 0.1982836 0.0830547 0.2589621 1.515082 0.02832556 0.1817742 1.516523 0.05844533 0.1397651
0.06816825 0.223717 0.08411497 0.2836255 1.516918 0.02691642 0.2555333 1.572546 0.06240321 0.164105
0.06957155 0.2482435 0.0817504 0.3079405 1.516628 0.0292766 0.2765155 1.56525 0.06723856 0.1920585
0.07109522 0.2715109 0.0782557 0.3303656 1.522576 0.02727921 0.3037354 1.574375 0.07105488 0.215671
0.07325077 0.2886163 0.07683911 0.3461995 1.528982 0.02283425 0.284134 1.558059 0.07336912 0.2307165
0.07315462 0.3074095 0.07577389 0.3644891 1.531674 0.02259572 0.2943681 1.557455 0.07527538 0.2516503
0.07416549 0.3315322 0.07598751 0.3891556 1.53005 0.02279523 0.3321632 1.578857 0.07730015 0.2723411
0.07621667 0.3519034 0.07551825 0.4085449 1.525941 0.02848675 0.3397532 1.5546 0.08029667 0.2955615
0.07887693 0.3701211 0.07680235 0.4274353 1.521234 0.03374251 0.3491391 1.553333 0.08309658 0.3098553
0.08037613 0.3895932 0.07833979 0.4475172 1.519752 0.03179367 0.3778444 1.56175 0.08642822 0.3296335
0.08094269 0.402675 0.07864717 0.4595611 1.518281 0.03782401 0.3801116 1.544 0.08719774 0.3434803
0.08032619 0.4182407 0.07665738 0.4759139 1.519376 0.03467135 0.4049456 1.536 0.08720068 0.3565477
0.0784843 0.4273583 0.07459769 0.4848068 1.520445 0.03285266 0.4140929 1.534714 0.08665398 0.3670371
0.07641643 0.4399669 0.06984625 0.4978549 1.522655 0.03430694 0.4112963 1.543785 0.08519615 0.3800956
0.0741261 0.4485142 0.06837496 0.5069447 1.524584 0.03310105 0.412827 1.542512 0.08421378 0.3877298
0.07237309 0.45683 0.06305557 0.5164877 1.528297 0.02902881 0.4180448 1.560222 0.0833733 0.3936597
0.07099208 0.460597 0.06250304 0.5205337 1.527566 0.0300625 0.4247986 1.53895 0.08225494 0.3989613
0.06953166 0.4645713 0.05937876 0.5256684 1.531477 0.02726482 0.4325699 1.543353 0.08109754 0.4024194
0.0674309 0.4645135 0.05805851 0.5264573 1.532528 0.02558735 0.4284104 1.5515 0.08041546 0.4039482
0.06592931 0.4639644 0.05627763 0.5272541 1.535224 0.0271688 0.4213834 1.546406 0.07998839 0.4042846
0.06485394 0.4634013 0.05866558 0.526204 1.54071 0.02257286 0.4327424 1.534546 0.07934388 0.4039498
0.06395166 0.4599501 0.05892904 0.525218 1.537796 0.02108749 0.4218957 1.531611 0.07793874 0.4013211
0.06381369 0.4508659 0.05897516 0.5160086 1.535957 0.02160533 0.4164513 1.525652 0.0760712 0.3946812
0.06382653 0.438099 0.05834768 0.5011767 1.531792 0.0228027 0.4013646 1.513313 0.07403678 0.381736
0.06311852 0.4237738 0.05856527 0.4874237 1.527005 0.02032085 0.3873911 1.518286 0.07313032 0.3687353
0.06358556 0.4027427 0.06022933 0.4664396 1.523222 0.02033147 0.3666216 1.512368 0.07140871 0.3458428
0.06310523 0.3791706 0.05857409 0.443733 1.523777 0.02367926 0.3539554 1.498449 0.06966031 0.3231843
0.06114636 0.3600954 0.05829091 0.4244602 1.517349 0.01199848 0.3222866 1.549889 0.06832122 0.3039475
0.06071675 0.3380738 0.06001244 0.4028004 1.509569 0.009403574 0.3003609 1.5455 0.06683142 0.2819833
0.0607416 0.3167844 0.06118145 0.382203 1.507494 0.00829645 0.2941169 1.53825 0.06678945 0.2637458
0.06128425 0.2988194 0.06013406 0.362035 1.509116 0.01121517 0.2653188 1.50635 0.06551098 0.2454823
0.05998373 0.2773391 0.06068872 0.3434293 1.501324 0.007236589 0.2741183 1.531286 0.06443904 0.223239
0.0593986 0.2582002 0.06312069 0.3217827 1.502943 0.01297794 0.2670463 1.544143 0.06292161 0.2030381
0.06034094 0.2377378 0.06191913 0.3000121 1.496655 0.01708418 0.238157 1.497334 0.06154267 0.1840852
0.05897196 0.2209758 0.06130605 0.2825232 1.47768 0.007887776 0.2230067 1.53985 0.05827186 0.167764
0.05775948 0.1990364 0.06259707 0.2629206 1.481325 0.01734903 0.1751395 1.487709 0.05596955 0.1437912
0.05922197 0.1810379 0.06117744 0.2458029 1.47374 0.01848058 0.195731 1.522143 0.05535379 0.1288029
0.0594318 0.1657444 0.06447671 0.2295996 1.485391 0.02196141 0.1834418 1.503667 0.05323888 0.1128926
0.05976217 0.1536537 0.06970641 0.2152272 1.49066 0.02408426 0.1605152 1.486464 0.0524542 0.1029625
0.05983234 0.1366351 0.07358932 0.1983449 1.494377 0.02873314 0.1742122 1.507937 0.05171734 0.08479565
0.05948654 0.1273917 0.07792518 0.1868059 1.492466 0.02405046 0.1611752 1.53975 0.05129849 0.07865933
0.0603833 0.1149633 0.0794827 0.1753092 1.488382 0.03574662 0.1599199 1.50645 0.04944679 0.06509053
0.05826414 0.1036885 0.07789806 0.163399 1.487843 0.02656328 0.1389418 1.525174 0.04927717 0.05784123
0.0551644 0.09259693 0.08315764 0.1512982 1.486823 0.02337222 0.1331322 1.548562 0.04827167 0.05190652
0.05243377 0.08342415 0.07864136 0.1426907 1.489841 0.02000625 0.1179024 1.552733 0.04723055 0.04688552
0.04760913 0.07748146 0.07840141 0.135189 1.493447 0.01508394 0.114944 1.549895 0.04606086 0.04423242
0.04402793 0.07554103 0.07195768 0.135551 1.493831 0.01197946 0.1150519 1.558833 0.0445698 0.04292228
0.0402432 0.07631799 0.07233742 0.1383699 1.494727 0.008129964 0.1200573 1.551348 0.04327838 0.0426913
0.03907978 0.08623186 0.06835224 0.1456624 1.501524 0.004207951 0.1250269 1.545467 0.0400936 0.0481515
0.03904956 0.1061858 0.06967382 0.1617579 1.506307 0.002820375 0.1405768 1.546134 0.0371175 0.06059272
0.04182914 0.1440844 0.06501459 0.2023873 1.506244 -0.002791248 0.1630262 1.5745 0.03466799 0.08322255
0.04175339 0.161015 0.06672702 0.2182835 1.507897 -6.525721E-05 0.189859 1.569565 0.03618216 0.1045447
0.04203739 0.1860889 0.06205894 0.2426765 1.518885 -0.001581821 0.2151203 1.562158 0.0382528 0.1276942
0.04572304 0.2268842 0.05569193 0.2848032 1.525938 0.00967863 0.1984783 1.523857 0.04254344 0.1627821
0.04655221 0.241888 0.05066969 0.3003284 1.535929 0.004277219 0.2207838 1.532482 0.04680065 0.1859624
0.04920585 0.2741005 0.05027756 0.3337708 1.541829 -0.006830606 0.2670275 1.5984 0.05033103 0.2163754
0.05215056 0.2915809 0.04934653 0.3522964 1.550315 0.002259919 0.2722823 1.575834 0.05444076 0.2330577
0.05427007 0.3102233 0.05287727 0.3697475 1.552089 0.001965701 0.3001025 1.585444 0.05790846 0.2520499
0.05634178 0.3321846 0.05167342 0.3921283 1.558175 0.005318072 0.3246761 1.583 0.06206629 0.2721854
0.05727972 0.3496561 0.0525265 0.4085762 1.555661 0.00712403 0.3249006 1.58675 0.064004 0.2893044
0.05834433 0.370383 0.05171263 0.4290332 1.553154 0.01179038 0.3328419 1.583 0.06568486 0.3095185
0.05959811 0.3906101 0.0551863 0.4484951 1.547447 0.0137405 0.3682256 1.561846 0.06717435 0.3306583
0.06059013 0.4140834 0.05454456 0.4719567 1.543263 0.0158364 0.3798426 1.559218 0.06831883 0.3531357
0.06179792 0.4300068 0.05863601 0.486871 1.537834 0.01804434 0.3964787 1.552154 0.06839691 0.3688185
0.06165505 0.4425098 0.06038765 0.4983328 1.53371 0.01738607 0.4151495 1.553048 0.06877815 0.3829125
0.06094525 0.4586429 0.05963865 0.5141373 1.532071 0.01385265 0.461736 1.543857 0.06924752 0.3989933
0.05926572 0.474167 0.05604762 0.5311412 1.534254 0.01474231 0.4391027 1.540786 0.06847449 0.4113345
0.05778427 0.4827517 0.0556752 0.5397913 1.533481 0.0118602 0.4572089 1.542967 0.06662015 0.4211201
0.05583866 0.4881978 0.0561135 0.5445086 1.535697 0.005258529 0.495093 1.5695 0.06477894 0.427376
0.05437727 0.4966847 0.0511853 0.553422 1.538723 0.01054705 0.4670581 1.540928 0.06353969 0.4331168
0.05213052 0.4969748 0.04917318 0.5555746 1.54142 0.007350811 0.4649057 1.551988 0.06229653 0.4358603
0.0498748 0.499244 0.04626319 0.5593236 1.540013 0.003578602 0.4627424 1.558 0.06117354 0.4367545
0.0474521 0.4942681 0.04218338 0.555 1.541014 0.001513871 0.4577813 1.555875 0.05998618 0.4360325
0.04417599 0.4882106 0.04277996 0.5487607 1.541695 -0.0001902087 0.4507053 1.541333 0.05771606 0.4289775
0.04300532 0.4758857 0.03916773 0.5359839 1.541704 -0.0003522357 0.442351 1.537228 0.05474545 0.4171583
0.04127293 0.4582238 0.03630313 0.5191956 1.539124 -0.003072126 0.4204663 1.548231 0.05138477 0.4001871
0.03927201 0.4413094 0.03561909 0.501547 1.538734 -0.00531704 0.40854 1.545313 0.04940224 0.3848159
0.0369975 0.4171081 0.03018185 0.4772728 1.536996 -0.004344825 0.3694141 1.57075 0.04691186 0.360086
0.03406153 0.3984595 0.02914898 0.4586806 1.533219 -0.008810057 0.3668792 1.536 0.04399132 0.3415855
0.0302477 0.3742556 0.02572384 0.4369273 1.528998 -0.0157561 0.3382765 1.556091 0.04019219 0.3166169
0.02747221 0.3554972 0.02552119 0.4183436 1.52386 -0.02264461 0.3197207 1.577857 0.03574141 0.3015412
0.02344174 0.3312139 0.02153572 0.3946787 1.525122 -0.02994833 0.2997274 1.564294 0.0314621 0.276431
0.02461633 0.3196132 0.02152832 0.379751 1.518571 -0.02109485 0.2838114 1.52475 0.02957519 0.2648575
0.02281916 0.3063932 0.02181136 0.367193 1.518973 -0.02843448 0.2745807 1.555222 0.02848186 0.2520483
0.02472217 0.2974604 0.02764994 0.3574514 1.516595 -0.02731843 0.2874741 1.558667 0.02849404 0.2441761
0.02435538 0.2891221 0.02953216 0.3496136 1.51387 -0.02124194 0.2848023 1.548243 0.02825258 0.2364426
0.0275022 0.2852729 0.03231914 0.3456019 1.513022 -0.02580345 0.2756253 1.554519 0.0290374 0.2322084
0.02945357 0.2850526 0.03625104 0.3452848 1.514277 -0.01773374 0.2919235 1.557667 0.02934508 0.2304831
0.03046404 0.2834101 0.03694809 0.3458914 1.517552 -0.004318285 0.313336 1.56125 0.03004133 0.2279567
0.03285511 0.2832918 0.04045517 0.345978 1.51734 -0.01266072 0.2766023 1.558857 0.03075923 0.22722
0.0352675 0.2833349 0.04117671 0.3467776 1.521426 -0.009317162 0.2774867 1.542632 0.03148276 0.226343
0.0356965 0.2804725 0.04285279 0.342472 1.516009 -0.009190833 0.2838143 1.555388 0.03194966 0.2257853
0.03598557 0.28044 0.04345088 0.3428051 1.517165 -0.00999504 0.2707061 1.543389 0.03261418 0.2252228
0.0359817 0.2805832 0.04437067 0.3426778 1.516453 0.001914036 0.3138965 1.567 0.03345563 0.2248949
0.03592215 0.2807954 0.04298672 0.3430324 1.516444 -0.002785493 0.2926817 1.5436 0.03395189 0.2245454
0.03621353 0.281661 0.04265056 0.3436693 1.517319 -0.01330359 0.2758801 1.5898 0.03434403 0.2243347
0.03553564 0.2818936 0.04165563 0.3435903 1.51781 -0.006766148 0.2872124 1.552278 0.0346929 0.2244484
0.03715402 0.2816802 0.04171239 0.3436943 1.517086 -0.007362514 0.2725204 1.530727 0.03511911 0.2246806
0.03641549 0.2818071 0.04151431 0.3440621 1.51813 -0.008060743 0.2869288 1.548941 0.03556072 0.2248744
0.03720045 0.2827285 0.04178724 0.3442824 1.517527 -0.009013302 0.2744193 1.546695 0.03630098 0.2253709
0.03884155 0.2852061 0.042738 0.3479462 1.518123 -0.002084228 0.2952055 1.542945 0.03711919 0.2262014
0.03908866 0.2855827 0.04230457 0.3477019 1.515798 -0.01331827 0.2700312 1.576 0.0377603 0.2266739
0.03981033 0.2854123 0.04380677 0.3473733 1.515674 -0.01434526 0.259427 1.552 0.03850442 0.2272318
0.0409949 0.2852161 0.04475111 0.3473714 1.51569 -0.004895439 0.2832415 1.5491 0.03918791 0.2274591
0.04150076 0.2846674 0.04439343 0.3467908 1.512599 -0.007293843 0.2944748 1.55995 0.04035993 0.2277872
0.04389247 0.2849231 0.04491554 0.3466835 1.51229 -0.009117938 0.2730066 1.573 0.04142295 0.2281423
0.04437246 0.2843879 0.04538562 0.3471599 1.510758 -0.003750112 0.2980082 1.550125 0.04236598 0.2284701
0.04449769 0.2849906 0.04576894 0.3469042 1.510991 -0.01188065 0.2500271 1.575833 0.04354119 0.2290954
0.04593503 0.284301 0.04825149 0.3461283 1.509722 -0.001120375 0.2952267 1.5481 0.04395201 0.2293197
0.04696342 0.2835406 0.04862266 0.3456926 1.508382 -0.01247744 0.2706333 1.564222 0.04444948 0.2293619
0.04717205 0.2869311 0.04915496 0.3495879 1.507742 0.01158157 0.3229893 1.55675 0.04516162 0.229397
0.04819009 0.2857411 0.04965076 0.3490557 1.505246 -0.004808287 0.2793297 1.551375 0.04661934 0.2297575
0.04788835 0.2869181 0.05048569 0.3491999 1.504453 -5.164836E-05 0.3034956 1.5575 0.04747956 0.2296844
0.04974242 0.286111 0.05166578 0.3488213 1.505004 0.0006324828 0.2759552 1.536737 0.0482582 0.2295957
0.04954939 0.2861669 0.05158063 0.3487382 1.505025 0.00452774 0.2940087 1.561 0.04865578 0.2296191
0.04955093 0.2867135 0.05114133 0.3487598 1.504547 -0.0001795278 0.2857136 1.547373 0.04902805 0.2297256
0.04923743 0.2864324 0.0526085 0.3484901 1.503601 0.0003754318 0.2799949 1.53575 0.04937677 0.2297983
0.05011626 0.2858908 0.05312526 0.3486362 1.503654 -0.002938284 0.2766581 1.552143 0.04987342 0.2297309
0.05011475 0.2864688 0.05349452 0.3482862 1.502706 -0.001601556 0.2744912 1.554333 0.05020386 0.2298635
0.05055298 0.2864137 0.05266524 0.3487068 1.502748 -0.002788157 0.275187 1.544462 0.05068256 0.229975
0.04954549 0.2861117 0.05352377 0.3483798 1.50311 -0.007286073 0.2612028 1.553546 0.05091147 0.2299736
0.04964323 0.2866387 0.05302316 0.3482312 1.503046 -0.0030218 0.2775407 1.544251 0.05113849 0.229997
0.05042652 0.2865673 0.05227056 0.3489457 1.504378 -0.001112146 0.2784422 1.538545 0.05125242 0.2301437
0.04888174 0.2866443 0.05163606 0.3487765 1.504067 -0.001607 0.2741082 1.5294 0.05127303 0.2301387
0.04942434 0.2868125 0.05050815 0.3487845 1.504068 -7.119906E-05 0.303239 1.55275 0.05127966 0.2301438
0.04825445 0.28656 0.0504927 0.3486241 1.503379 0.001821209 0.2920499 1.53891 0.05130507 0.2301407
0.04829756 0.2862493 0.04957911 0.3484343 1.501954 -0.006766034 0.2682347 1.550778 0.05136751 0.2301368
0.04871003 0.2860974 0.05040597 0.3480188 1.500757 0.0009065682 0.2827464 1.52724 0.05134225 0.2301085
0.04813138 0.2860734 0.04995583 0.3481991 1.502133 -0.003030428 0.2775864 1.462 0.05130857 0.2300513
0.04685319 0.2861556 0.04996929 0.3482892 1.502503 -0.004870827 0.2840592 1.553765 0.05125344 0.2299784
0.04696016 0.2862259 0.04998537 0.3484689 1.503286 -0.0003990472 0.2816938 1.531 0.0511812 0.229948
0.04693778 0.2854767 0.04989213 0.3477495 1.500176 -0.005052962 0.2801467 1.550096 0.0511302 0.2298553
0.04831548 0.285754 0.05000148 0.3478714 1.498799 -0.002897185 0.2815458 1.542231 0.05111612 0.2298042
0.04772357 0.2850106 0.04972684 0.3471085 1.498614 -0.00261946 0.2851274 1.549112 0.05110874 0.2296929
0.04694401 0.2850783 0.05004143 0.3474799 1.49902 -0.004174218 0.2830362 1.5405 0.05109606 0.2295816
0.04618679 0.2854976 0.04956451 0.3465251 1.496164 0.006251539 0.318224 1.549 0.05091976 0.2294174
0.04664892 0.28543 0.04962955 0.3470094 1.498259 -0.003831262 0.2758358 1.540588 0.05082068 0.2292643
0.04728769 0.2850143 0.05006262 0.3469353 1.498511 -0.003803108 0.2792769 1.533786 0.05075178 0.2292023
0.04651075 0.2849589 0.0500501 0.346793 1.497883 -0.003330374 0.2805763 1.5302 0.05072827 0.2290951
0.04688618 0.2851113 0.05005664 0.3468432 1.498115 -0.003976458 0.2852499 1.541895 0.05066089 0.2290537
0.04755624 0.2854525 0.05001144 0.3465161 1.496697 0.001129444 0.2975089 1.545 0.05069501 0.2289616
0.04695043 0.2845859 0.0490217 0.3470281 1.498511 -0.004770643 0.2710875 1.538937 0.05064643 0.2289471
0.04614706 0.2847808 0.04930717 0.3470166 1.497602 -0.007450034 0.2681254 1.5485 0.05055844 0.2289205
0.04650402 0.2850257 0.04916738 0.3472624 1.499447 -0.005924564 0.2626783 1.5382 0.05053185 0.2289417
0.04653294 0.2856317 0.04842799 0.3473459 1.497187 5.078578E-05 0.2984313 1.543455 0.05053066 0.2289421
0.04596082 0.2854438 0.04834545 0.3473842 1.498802 0.006473023 0.3171788 1.551 0.05035986 0.2289267
0.04627886 0.2856157 0.04840413 0.3477302 1.500291 -0.006068196 0.2697639 1.542529 0.05027918 0.2289176
0.04513893 0.2858111 0.04837218 0.3477696 1.500451 -0.008614443 0.2844366 1.552846 0.04998978 0.2289635
0.04603028 0.2850208 0.04731549 0.3479187 1.500713 -0.006481504 0.2789574 1.539567 0.04998566 0.2289735
0.04615249 0.2860582 0.0472923 0.3478419 1.50079 0.0004526399 0.310203 1.541546 0.0499209 0.2290601
0.04529027 0.2859191 0.04687583 0.3479564 1.500308 -0.006419117 0.2707025 1.543739 0.04991162 0.2291074
0.04527493 0.2852384 0.0453062 0.347639 1.497882 0.002394564 0.3135794 1.545 0.0498965 0.2292143
0.04606899 0.286873 0.04545945 0.3483105 1.502025 -0.001094263 0.2827739 1.539769 0.0499339 0.229497
0.04392869 0.2863196 0.04485992 0.3484342 1.502778 -0.001856115 0.2981263 1.555667 0.04984433 0.229836
0.04385755 0.2866657 0.04485148 0.3483243 1.502298 -0.003725336 0.3023773 1.544129 0.04976745 0.2301047
0.04362846 0.2866418 0.04420436 0.348676 1.50309 -0.00680804 0.2781528 1.541786 0.04958981 0.2306036
0.0428244 0.2868683 0.04202828 0.3490986 1.502691 -0.01132542 0.279581 1.5595 0.04937245 0.231001
0.04131732 0.2869544 0.0402286 0.3490559 1.503291 -0.0101851 0.2695953 1.543895 0.04909411 0.2314653
0.03986357 0.290661 0.03953191 0.3527414 1.501425 -0.01201463 0.2949644 1.547 0.04880531 0.2319154
0.04109457 0.2906567 0.03961124 0.3521911 1.500913 -0.01075144 0.2825377 1.54546 0.04837084 0.2323434
0.03931332 0.2918781 0.03900434 0.3527082 1.501928 -0.009580876 0.2979564 1.553 0.04788392 0.2327836
0.03869076 0.2909039 0.03829546 0.3522534 1.499217 -0.01098781 0.2928354 1.534182 0.04739118 0.2330933
0.03858568 0.29166 0.03880108 0.3520802 1.4997 -0.01275312 0.2713796 1.554125 0.04695576 0.2333908
0.03834464 0.2905756 0.03828859 0.3521194 1.498639 -0.0116712 0.2758394 1.533842 0.04655341 0.2335518
0.03784502 0.2906789 0.03809191 0.3516595 1.497395 -0.01059326 0.264958 1.544812 0.04611124 0.2338673
0.03678569 0.2903294 0.0369237 0.3513912 1.496518 -0.01380246 0.2853121 1.552 0.04564071 0.2340069
0.0369098 0.2899679 0.03707336 0.3504604 1.493862 -0.01338158 0.2762853 1.544824 0.04522051 0.2341358
0.03537532 0.2900028 0.03577248 0.3505676 1.493389 -0.01327834 0.2773902 1.538481 0.04464392 0.2343208
0.03554713 0.2897923 0.03594272 0.3501554 1.493318 -0.01529053 0.2742283 1.548766 0.04425507 0.2344113
0.03505456 0.2898849 0.03547607 0.350031 1.491663 -0.01464045 0.2746253 1.543132 0.0438899 0.2346635
0.03519906 0.2895633 0.03467975 0.3506204 1.49224 -0.0156022 0.265366 1.533667 0.0434135 0.2344516
0.03320406 0.2901589 0.03488821 0.3503183 1.492323 -0.01317348 0.2931441 1.549238 0.04301218 0.2345859
0.03509452 0.2898061 0.03472723 0.350082 1.491729 -0.0156201 0.2591453 1.537308 0.04270095 0.2345661
0.03461244 0.2897018 0.03403331 0.3504158 1.491373 -0.01193427 0.2894179 1.537083 0.0421303 0.2344594
0.03508145 0.2901315 0.0341462 0.3501569 1.490888 -0.01072811 0.2722918 1.517476 0.04194958 0.2344179
0.03298808 0.2891834 0.03495279 0.349618 1.490308 -0.01189805 0.3067428 1.551444 0.0417226 0.2343403
0.03340835 0.2894998 0.03401822 0.3501637 1.490307 -0.01409316 0.2836845 1.532222 0.04155521 0.2343241
0.03438814 0.2892524 0.03501901 0.35022 1.492859 -0.01986186 0.2538952 1.552714 0.04148206 0.2342833
0.03439529 0.2890771 0.03518444 0.3501825 1.490517 -0.0173395 0.2650863 1.5457 0.04139956 0.2342838
0.03417383 0.289925 0.03464221 0.3501652 1.490306 -0.01580065 0.2851677 1.54025 0.04129482 0.2342364
0.03467302 0.2893332 0.03511413 0.3498843 1.487895 -0.018639 0.2799602 1.545047 0.04120629 0.2341176
0.03514202 0.2895165 0.03451594 0.3502935 1.490198 -0.01274825 0.2817698 1.520687 0.04115607 0.2340557
0.03443893 0.288893 0.03440969 0.3498973 1.490382 -0.01658219 0.2802649 1.547222 0.04110404 0.234106
0.0353094 0.289803 0.03398089 0.3498561 1.488995 -0.008445434 0.309745 1.520333 0.04110137 0.2340544
0.03423854 0.289283 0.03412968 0.3499155 1.489867 -0.01588431 0.2776972 1.547667 0.0410531 0.234126
0.03462129 0.2891591 0.03457172 0.3495014 1.487484 -0.01424104 0.2657656 1.523111 0.04095721 0.2341172
0.03380614 0.288962 0.03338666 0.3497424 1.488758 -0.0179102 0.2551902 1.542667 0.04091404 0.2340057
0.03421112 0.2888827 0.03514322 0.3497128 1.488517 -0.014092 0.2884305 1.5367 0.04089989 0.2341146
0.03457092 0.2891371 0.03398632 0.3498704 1.489062 -0.0144182 0.2738963 1.536578 0.04085312 0.2341939
0.03418598 0.2923294 0.03349756 0.3534878 1.489746 -0.01461782 0.2759518 1.538852 0.04067037 0.2342741
0.03433868 0.2923726 0.0356097 0.3529258 1.4891 -0.007388789 0.3122716 1.53525 0.04055465 0.2344231
0.03296358 0.29196 0.03477908 0.3523429 1.485958 -0.01327036 0.2911588 1.523333 0.04036302 0.234461
0.03300947 0.2921609 0.03405507 0.3528311 1.488198 -0.01330879 0.2860514 1.544556 0.04021117 0.2345041
0.03345155 0.2921348 0.03481499 0.352489 1.487961 -0.01642572 0.2852521 1.5495 0.04021697 0.2344936
0.03328951 0.292003 0.03481575 0.3524411 1.48777 -0.01292961 0.2801647 1.5305 0.04014779 0.2344884
0.03307007 0.2928836 0.03373597 0.353056 1.488543 -0.01447055 0.2888556 1.537304 0.04013671 0.2345184
0.03316439 0.2922967 0.03366733 0.3538401 1.489233 -0.01496208 0.2759641 1.519478 0.04008173 0.2344745
0.03383379 0.2926665 0.03439049 0.3539202 1.490364 -0.001122147 0.3310358 1.555 0.03994498 0.2345053
0.03372505 0.2926834 0.0332633 0.3535501 1.489371 -0.0137113 0.2946666 1.541 0.03993033 0.234499
0.03331654 0.2924339 0.03382235 0.3537949 1.489754 -0.01364898 0.2942246 1.53325 0.03991972 0.2344672
0.0330046 0.2920698 0.03419066 0.3528377 1.488169 -0.01333445 0.2981832 1.538332 0.03992 0.2345155
0.03176251 0.2923417 0.03361002 0.3539005 1.488764 -0.01890668 0.2819015 1.544308 0.03979383 0.2346155
0.03389211 0.2921416 0.03393353 0.3536312 1.488975 -0.01553524 0.2647186 1.52381 0.03969438 0.2346273
0.03333981 0.2925337 0.03450326 0.353109 1.48858 -0.01195389 0.2969307 1.516105 0.03977591 0.2347069
0.03359297 0.2929997 0.03335168 0.353484 1.489055 -0.00693032 0.3130494 1.5307 0.03977264 0.2347073
0.03389809 0.2926084 0.03478667 0.3530133 1.4887 -0.01562754 0.2726322 1.522834 0.03974171 0.2346334
0.03295608 0.2923867 0.03444473 0.3528649 1.488982 -0.00666079 0.312193 1.528083 0.0396532 0.2346585
0.0335915 0.2918646 0.0350178 0.3525723 1.487508 -0.0231622 0.2606845 1.541 0.03970513 0.2345601
0.03397807 0.2923335 0.03598348 0.3527356 1.488919 -0.01380381 0.2707769 1.526556 0.03968114 0.2345688
0.03394265 0.2924826 0.03545044 0.3530597 1.490125 -0.006682599 0.309523 1.533 0.03967672 0.234552
0.03379539 0.2921342 0.03498679 0.3526282 1.48738 -0.01366208 0.2964598 1.53675 0.03967129 0.2345475
0.03276535 0.2926824 0.03422817 0.3530593 1.487923 -0.00831098 0.3128433 1.543714 0.03964334 0.2345439
