0.03542898 0.2821248 0.03733702 0.3430349 1.316048 0.04752363 0.2561724 1.35025 0.05543258 0.1997436
0.03522614 0.2864601 0.03560887 0.3527203 1.316016 0.04205444 0.2197796 1.3735 0.05543056 0.1997451
0.03468196 0.2852921 0.03461324 0.3497937 1.316442 0.04398536 0.2491514 1.3598 0.05534945 0.1999413
0.03385714 0.2835825 0.03351453 0.3461485 1.313542 0.03889731 0.2234137 1.3615 0.0549617 0.2009644
0.03373483 0.2841863 0.03340712 0.3462506 1.313497 0.03646412 0.2262091 1.365266 0.05438041 0.2026177
0.03367588 0.2845565 0.03359108 0.346209 1.313081 0.05586095 0.3488395 1.307 0.05377619 0.2043766
0.03374578 0.2853287 0.03423439 0.346567 1.312435 0.05704175 0.3249277 1.3204 0.05333229 0.2058978
0.03433197 0.2829987 0.03435178 0.3425904 1.31021 0.0360668 0.2274764 1.36 0.0532372 0.2064582
0.03534595 0.285642 0.03744947 0.3461452 1.309981 0.06572149 0.3483485 1.3085 0.05279348 0.2107547
0.03624662 0.2856792 0.03945211 0.3456681 1.309095 0.05627693 0.300252 1.319875 0.05273325 0.2110732
0.03723507 0.3098331 0.04242964 0.378514 1.312054 0.06959566 0.3586808 1.298 0.05110777 0.2235646
0.03813678 0.3095036 0.04311753 0.3789593 1.31193 0.06955093 0.3584488 1.297166 0.05079932 0.2269394
0.0373475 0.3140329 0.04281871 0.3812389 1.314395 0.06948245 0.359231 1.297973 0.04286099 0.2617854
0.03725051 0.3156886 0.04189346 0.3821566 1.315307 0.06949809 0.3591307 1.297449 0.04477036 0.2620531
0.0372536 0.3166063 0.04222642 0.381422 1.314851 0.06628402 0.3323197 1.291958 0.04506439 0.26309
0.03721276 0.3144293 0.04356996 0.3816955 1.314469 0.06782078 0.3463838 1.295658 0.04514827 0.26372
0.03696799 0.3137665 0.04447684 0.380614 1.312392 0.06919433 0.3596705 1.2975 0.04581432 0.257775
0.03663346 0.3139434 0.0415075 0.3814663 1.314009 0.06890947 0.3594915 1.296857 0.04602567 0.2519575
0.03629452 0.3129616 0.04111551 0.3799262 1.311294 0.06879808 0.3579166 1.29644 0.04606993 0.2490654
0.03607196 0.3124838 0.0401021 0.3769719 1.310444 0.06880123 0.3565294 1.296224 0.04628331 0.2467712
0.0359806 0.3126455 0.03951794 0.3768035 1.310152 0.0688355 0.35793 1.297347 0.04619466 0.2454961
0.03573637 0.3122329 0.04003052 0.3770605 1.310559 0.06879964 0.3575011 1.297039 0.04613141 0.2449226
0.03569095 0.3118221 0.04083452 0.3771077 1.31079 0.06881943 0.3566272 1.296836 0.04606452 0.2442476
0.03591927 0.3104493 0.04054084 0.3766411 1.308955 0.06873655 0.3560267 1.29582 0.0461042 0.2435803
0.03590573 0.310201 0.04131984 0.3769148 1.308544 0.06862465 0.3554742 1.295293 0.04612392 0.2428885
0.03603593 0.3101796 0.04083533 0.3765666 1.308108 0.06869785 0.35588 1.294973 0.04609309 0.2426289
0.03594989 0.3105067 0.04082875 0.3765761 1.308141 0.06870725 0.3559054 1.295237 0.04608622 0.2423988
0.03610378 0.3100454 0.04127306 0.3766352 1.307591 0.06870182 0.3558993 1.295049 0.04611783 0.2420201
0.03629266 0.3084583 0.04205648 0.3762031 1.307915 0.06867533 0.3559367 1.29405 0.04614685 0.2415611
0.03649455 0.3083596 0.04206895 0.3760707 1.308401 0.06872572 0.355559 1.294509 0.04618889 0.2412695
0.03660046 0.3075774 0.04317096 0.3759266 1.307738 0.06414621 0.3184605 1.284935 0.04639114 0.24048
0.03632589 0.3073321 0.04138721 0.3736329 1.305399 0.06933262 0.3547016 1.289579 0.04574377 0.2441743
0.03644986 0.3052976 0.04396277 0.3720191 1.305269 0.06684484 0.3280131 1.285167 0.0453744 0.2463627
0.03638922 0.3029508 0.04432834 0.3678463 1.302046 0.06405848 0.3109753 1.281409 0.04505422 0.2474533
0.0367402 0.3000979 0.04614121 0.3673711 1.301568 0.06576071 0.3159783 1.281848 0.04642306 0.2385405
0.03658729 0.2961614 0.04507761 0.3637101 1.300691 0.07135209 0.3514721 1.285462 0.04607492 0.2424538
0.0363435 0.2942416 0.0466462 0.3628414 1.299467 0.07082979 0.3501783 1.282917 0.04576892 0.2436567
0.0364886 0.2908721 0.04507186 0.3599662 1.300831 0.07072864 0.3481198 1.283939 0.04553561 0.2443375
0.03615109 0.2875085 0.04641697 0.3557676 1.29623 0.07004675 0.3448327 1.28155 0.04542671 0.2449108
0.03675054 0.285218 0.04847058 0.3547728 1.296001 0.06991724 0.3435926 1.283157 0.04543881 0.2453571
0.03657852 0.2805953 0.04630195 0.35144 1.294745 0.06733405 0.2611898 1.276429 0.04564013 0.2459247
0.03847938 0.2728453 0.04372454 0.3471722 1.293057 0.06857854 0.3395335 1.278667 0.04599347 0.2459838
0.03911899 0.2690078 0.0436631 0.3439629 1.290734 0.09087329 0.2081821 1.277125 0.04629264 0.2461829
0.04154536 0.2594224 0.04445912 0.3404143 1.290747 0.09125646 0.2056787 1.276471 0.05520653 0.193217
0.04376756 0.2567062 0.04380709 0.3375121 1.290831 0.1004658 0.2681994 1.284789 0.0553353 0.1930914
0.04471108 0.2520788 0.04094022 0.3337149 1.291237 0.1002348 0.2616478 1.281683 0.05555276 0.1924136
0.04667347 0.247417 0.04158407 0.3297033 1.289607 0.1052519 0.2892162 1.301222 0.05584311 0.1908649
0.04841193 0.2421508 0.04055731 0.325746 1.288207 0.1031108 0.2695704 1.288619 0.05665099 0.1880417
0.04948162 0.2359042 0.0404401 0.3184285 1.284988 0.1027712 0.2572743 1.284586 0.05811701 0.1821212
0.05013031 0.2302428 0.03926756 0.3130688 1.287382 0.1023519 0.2472873 1.280438 0.05952143 0.175572
0.05231161 0.2222128 0.03896908 0.3057851 1.286096 0.1021415 0.237298 1.278394 0.06114542 0.169314
0.05259566 0.2185873 0.03929674 0.3015738 1.283828 0.1073754 0.2653329 1.290667 0.06234983 0.1644142
0.05407333 0.213786 0.03876378 0.2979474 1.283319 0.1051586 0.2494971 1.283917 0.06215065 0.1605829
0.05529568 0.2100256 0.03918542 0.2937763 1.283339 0.104525 0.2409502 1.277563 0.06347464 0.1574352
0.05510459 0.206536 0.03899867 0.2910323 1.284282 0.1041483 0.2365395 1.2755 0.06333046 0.1543306
0.056373 0.2033176 0.03845627 0.2859431 1.282602 0.1035297 0.2290421 1.27363 0.06339999 0.1514191
0.05663733 0.1969732 0.03849319 0.2800963 1.279026 0.103079 0.2185623 1.272581 0.06344856 0.1471154
0.05784855 0.1936754 0.03854815 0.2766273 1.277587 0.1030963 0.217553 1.270683 0.06346767 0.1436994
0.05925282 0.190905 0.03903114 0.2741197 1.280171 0.1057007 0.2235932 1.27636 0.06375633 0.1404675
0.05984967 0.1880776 0.0391974 0.2700858 1.281257 0.1070098 0.2172548 1.278116 0.06388423 0.1372521
0.06026638 0.1847083 0.03910017 0.2676833 1.278232 0.10608 0.2107335 1.276258 0.06434417 0.1334257
0.0610926 0.1813594 0.03878611 0.2617373 1.276275 0.1052527 0.2095977 1.273146 0.06491812 0.1296785
0.0610201 0.1810144 0.03972173 0.2602444 1.277879 0.1052139 0.2061345 1.271178 0.06502569 0.1271925
0.06114824 0.1780319 0.03903309 0.2551642 1.27607 0.1053079 0.2049652 1.272977 0.06526724 0.1248232
0.06115099 0.178296 0.04727994 0.248944 1.273207 0.1044821 0.191214 1.272333 0.06522677 0.1233989
0.06097658 0.1762453 0.04858538 0.2472735 1.274384 0.1051113 0.2018126 1.273477 0.06502518 0.1221573
0.06088809 0.1748694 0.05015595 0.2451139 1.274011 0.1066961 0.1963478 1.274409 0.06482953 0.120408
0.06073216 0.1734879 0.05238062 0.2436128 1.272729 0.1066579 0.1865958 1.274893 0.06439218 0.1191313
0.06063074 0.1706603 0.05662569 0.2411483 1.268548 0.1061003 0.1836385 1.27332 0.06387412 0.1168325
0.06067662 0.167422 0.05693407 0.2391831 1.267695 0.102409 0.1688258 1.2728 0.06337887 0.1138528
0.06024976 0.1635982 0.06093846 0.235896 1.269352 0.1016782 0.1524389 1.275123 0.0623996 0.1098302
0.06022862 0.1583132 0.06771603 0.2279318 1.26683 0.1036323 0.1479636 1.282 0.06167964 0.1055735
0.05944034 0.1537311 0.06669349 0.2232067 1.264873 0.1021483 0.1561596 1.276322 0.06061328 0.1009706
0.05833822 0.1487101 0.06774002 0.2193877 1.264714 0.1012788 0.1362107 1.27824 0.05959651 0.09667396
0.05789564 0.1446991 0.06635306 0.2136863 1.264842 0.1002775 0.1309463 1.277769 0.05886733 0.09128954
0.05714284 0.1404617 0.06840438 0.2083777 1.265035 0.09703255 0.1182755 1.276263 0.05823115 0.0866392
0.0558197 0.1339893 0.06485838 0.2032529 1.263702 0.09113374 0.1156884 1.266327 0.05752882 0.08175336
0.0548734 0.1299703 0.06405303 0.1988886 1.265147 0.08727232 0.1020343 1.266084 0.05655333 0.07738224
0.05447613 0.1262252 0.06680651 0.1950646 1.263476 0.08263658 0.08624697 1.2671 0.05600538 0.07404475
0.0539134 0.1198416 0.06483687 0.1914074 1.262824 0.08616257 0.1060526 1.262048 0.05542833 0.07214852
0.05312714 0.1155456 0.06272491 0.1870188 1.260812 0.09063993 0.09980425 1.271789 0.05449305 0.06961951
0.05215336 0.1107625 0.06192192 0.1812332 1.261893 0.08667997 0.09199737 1.266795 0.05363585 0.06738215
0.05150112 0.1048405 0.06765591 0.1762131 1.257252 0.08295488 0.07690743 1.265437 0.05274636 0.06465957
0.05092767 0.1005314 0.06877565 0.1719639 1.25675 0.08449753 0.06323445 1.275556 0.05189002 0.06210004
0.05008629 0.09624644 0.06579745 0.1678474 1.255875 0.08044755 0.06314939 1.267977 0.04992057 0.04869455
0.04965903 0.09352119 0.06537636 0.1652451 1.2564 0.08390776 0.07222377 1.269911 0.0497499 0.04851344
0.04948302 0.09080856 0.06618916 0.1618526 1.258518 0.08304631 0.07029247 1.268262 0.04948121 0.0479974
0.04923666 0.08997656 0.06172442 0.1608086 1.256797 0.08209075 0.0666827 1.267039 0.04919661 0.0475425
0.04933453 0.08889001 0.06660959 0.1593303 1.255909 0.08235426 0.06709724 1.267586 0.04905895 0.0474019
0.04911938 0.08961155 0.06628145 0.1601281 1.257967 0.08067026 0.05989341 1.269987 0.04901121 0.04732911
0.0492302 0.09089673 0.06695769 0.1613655 1.257801 0.0816781 0.06305111 1.270915 0.04893836 0.04744393
0.04946367 0.09302286 0.06961093 0.162799 1.259032 0.08035696 0.05861881 1.274086 0.0488496 0.04572859
0.04966097 0.09555632 0.06967976 0.1639075 1.259864 0.08239588 0.06466454 1.273594 0.04894395 0.04746407
0.04963304 0.09905435 0.06908958 0.1653349 1.262117 0.08179711 0.06604162 1.271056 0.04928441 0.05097475
0.04970798 0.1026448 0.06963648 0.1675563 1.262269 0.08193588 0.06711157 1.271596 0.04984015 0.05421222
0.04974735 0.1100124 0.06627987 0.1759163 1.264066 0.07865659 0.08270937 1.26625 0.05024413 0.05580935
0.05003285 0.1163987 0.06493802 0.1826835 1.2655 0.0829755 0.09039755 1.271466 0.05083274 0.05898662
0.05038831 0.1230621 0.06434976 0.1903172 1.265028 0.08500262 0.1095053 1.269213 0.05153579 0.06425999
0.0507611 0.1316042 0.06485082 0.2011945 1.265452 0.08442732 0.1058576 1.270344 0.05228861 0.07255885
0.05133954 0.1400164 0.06097663 0.2085728 1.268616 0.08565488 0.1292242 1.26772 0.05331099 0.07977071
0.05173745 0.1508591 0.06205063 0.2220661 1.268102 0.08539985 0.1306154 1.269056 0.0543966 0.09032253
0.05265449 0.1614008 0.06243542 0.232335 1.270171 0.08639718 0.1412069 1.269222 0.05561881 0.1005402
0.05265192 0.1740184 0.06064436 0.2453677 1.270056 0.08716959 0.1544294 1.267255 0.05644544 0.1137202
0.05343367 0.181282 0.05952809 0.2529826 1.271455 0.0868399 0.1623128 1.265307 0.05723122 0.1205481
0.05374746 0.1915568 0.05771899 0.2639002 1.272347 0.08976108 0.1822554 1.268888 0.0580771 0.1303846
0.05372079 0.2008873 0.05635349 0.273004 1.274153 0.08834236 0.1840672 1.267884 0.05825385 0.1426484
0.05393111 0.2104456 0.0557403 0.2833246 1.275626 0.090751 0.204577 1.270504 0.05897725 0.1494097
0.05422816 0.2182626 0.05506762 0.2904923 1.275564 0.09067449 0.2112118 1.26955 0.06008421 0.1566032
0.05448096 0.228408 0.05549709 0.3012199 1.277201 0.09105941 0.2222053 1.270065 0.06108464 0.1664806
0.05465112 0.2374391 0.05626455 0.3116427 1.279463 0.09124834 0.2308337 1.269119 0.06148658 0.1743292
0.05544426 0.2452848 0.0563827 0.3189912 1.280667 0.09156163 0.2343869 1.270138 0.06326289 0.1834451
0.05568704 0.2527001 0.05430223 0.3255882 1.281516 0.09268888 0.2480743 1.270371 0.06457704 0.1902935
0.05575935 0.2603776 0.05246468 0.3335382 1.283996 0.09302024 0.2571745 1.271755 0.06555346 0.1994819
0.05576527 0.2690439 0.05096618 0.3408236 1.285287 0.09257247 0.2665103 1.272175 0.06646189 0.204243
0.05569829 0.2762326 0.04848444 0.3473569 1.285255 0.09248094 0.2758223 1.2734 0.0669506 0.2117462
0.05541077 0.283414 0.04849644 0.3551196 1.287187 0.0917592 0.2802063 1.27311 0.06686585 0.21987
0.05517616 0.2931021 0.05001757 0.366033 1.291388 0.09213756 0.2896336 1.276208 0.06707619 0.2274526
0.05469522 0.300147 0.04766558 0.3727298 1.290027 0.09178417 0.2958788 1.275627 0.06714429 0.2346103
0.05442351 0.3076797 0.04537585 0.3798725 1.291182 0.09152242 0.3080402 1.276042 0.06671718 0.2403964
0.05421858 0.3141821 0.04630361 0.3870347 1.292114 0.09142372 0.3125053 1.276021 0.06657287 0.2466838
0.05431594 0.3188668 0.0445332 0.3906631 1.291458 0.09120255 0.3196942 1.27629 0.0666256 0.2521251
0.05389889 0.3252332 0.0453173 0.3979354 1.29303 0.0908533 0.3218089 1.27625 0.06634412 0.2577122
0.05338767 0.3291126 0.04379814 0.4015767 1.293076 0.08987842 0.3278804 1.275279 0.06617385 0.262441
0.05246481 0.3354633 0.04391154 0.4084345 1.294709 0.08936279 0.3367433 1.276614 0.06567745 0.2680042
0.05228468 0.3384698 0.04343206 0.4116991 1.294304 0.08900437 0.341581 1.277654 0.06558473 0.270326
0.05207355 0.3388525 0.0421416 0.4120937 1.293779 0.08877014 0.3408117 1.277807 0.06550612 0.2721744
0.05140549 0.3406903 0.04183409 0.4149532 1.294086 0.08846694 0.3378736 1.277163 0.06544061 0.2737467
0.05090814 0.341355 0.04129042 0.4151641 1.293789 0.08853523 0.3384936 1.277265 0.06510586 0.2758653
0.05054956 0.3409605 0.04117422 0.4155707 1.29493 0.08857967 0.336087 1.277307 0.06503507 0.2762098
0.04982529 0.3402693 0.04042387 0.4143081 1.293889 0.08862942 0.3345091 1.276412 0.06489169 0.2765603
0.04950505 0.3388852 0.03902584 0.411114 1.293256 0.08691614 0.3406727 1.277564 0.06482927 0.2763543
0.04911581 0.3366997 0.03789822 0.4066239 1.289711 0.0875958 0.3367369 1.276143 0.06468537 0.2754065
0.04903129 0.3322895 0.03830666 0.4025059 1.289569 0.08811469 0.3348613 1.276291 0.06445812 0.2727012
0.04953912 0.3275878 0.04070617 0.3973137 1.286224 0.08766605 0.3329926 1.274452 0.06428576 0.268698
0.05021669 0.3229394 0.04165916 0.3908637 1.282523 0.08712332 0.337258 1.273478 0.06435074 0.2637293
0.05115765 0.3155074 0.04156041 0.3855962 1.28187 0.08842172 0.3216542 1.270329 0.06416236 0.2573685
0.05175654 0.3093969 0.0444405 0.3785604 1.277245 0.08920088 0.3053729 1.265225 0.06445611 0.2527861
0.05263429 0.3033328 0.04715918 0.373298 1.274851 0.08993696 0.3046921 1.264421 0.06510751 0.2474863
0.05354035 0.2965353 0.04676591 0.3658702 1.273388 0.09142403 0.2953096 1.264348 0.06556322 0.2420718
0.05455593 0.2895862 0.04895283 0.3603204 1.272056 0.09203445 0.2878166 1.262767 0.06587262 0.2378579
0.05495703 0.2856511 0.04926585 0.3552597 1.271347 0.09287872 0.2820212 1.261906 0.06684257 0.2297996
0.05575107 0.2785359 0.05086131 0.3481573 1.26854 0.09334859 0.2756539 1.259871 0.06762625 0.222614
0.05653088 0.2725865 0.05275669 0.3435549 1.266725 0.09334701 0.265881 1.258075 0.06823727 0.2179633
0.05707879 0.2673773 0.05327987 0.3361177 1.264467 0.09432867 0.2609426 1.256276 0.0686425 0.2119239
0.05717227 0.2609983 0.05479337 0.3304808 1.263588 0.09451248 0.2520314 1.25701 0.06879156 0.2068329
0.05725962 0.2565176 0.05479613 0.3250374 1.263133 0.09387173 0.2433688 1.255719 0.0684269 0.2020762
0.05686137 0.2516151 0.05456388 0.3192448 1.261265 0.09417775 0.2476324 1.255445 0.06808018 0.1977402
0.05721623 0.2459184 0.05573276 0.3145659 1.262197 0.09442092 0.2345281 1.256105 0.06775184 0.194401
0.05733832 0.2405651 0.05700205 0.3091726 1.261116 0.09469619 0.226163 1.254392 0.0673539 0.1906504
0.05754068 0.2347277 0.05826527 0.3040145 1.259074 0.09505651 0.2203365 1.254939 0.06686586 0.1869238
0.05706691 0.2301258 0.0550445 0.2976176 1.260456 0.09463079 0.2143747 1.253951 0.0664292 0.1811059
0.05647457 0.2231211 0.05463658 0.2920218 1.257105 0.09386025 0.203873 1.252119 0.06616041 0.1727016
0.05617537 0.216932 0.05819628 0.2875163 1.257972 0.09449126 0.2037974 1.25195 0.06575018 0.1683397
0.0562782 0.210023 0.057806 0.2803748 1.256588 0.0939679 0.1845092 1.251521 0.06544638 0.1646092
0.05708946 0.2057232 0.06001479 0.2753099 1.255063 0.1007256 0.186099 1.268091 0.06605767 0.155821
0.0574304 0.199623 0.05893062 0.2703523 1.255719 0.09419472 0.1944286 1.250734 0.06615423 0.1485852
0.05759332 0.1946361 0.06114598 0.2629703 1.254021 0.09680679 0.1574853 1.253 0.0660542 0.1436296
0.05782089 0.1875822 0.06193734 0.2561055 1.253328 0.09720448 0.1517507 1.254195 0.065959 0.137355
0.05780556 0.1793105 0.06312251 0.2485622 1.250252 0.09903114 0.1480349 1.258615 0.06529663 0.1302428
0.05769745 0.1697143 0.06345703 0.2400209 1.246601 0.09322113 0.1380544 1.246869 0.06477914 0.1214355
0.05760372 0.1596732 0.06541602 0.2307281 1.244877 0.09046253 0.1144743 1.247803 0.06393811 0.1101347
0.05604149 0.1498511 0.064234 0.2201378 1.242239 0.0905387 0.105682 1.249105 0.06304362 0.1020494
0.05458004 0.139847 0.06372634 0.2108224 1.241235 0.08668877 0.09331642 1.246344 0.0615049 0.09314586
0.05349773 0.1315054 0.06179228 0.2018822 1.238352 0.08694982 0.08732908 1.247393 0.06062379 0.08410493
0.05258807 0.1202166 0.06218629 0.1921472 1.239275 0.08893923 0.07557286 1.252406 0.05951979 0.07938018
0.05148731 0.1112308 0.06165344 0.1842053 1.235911 0.08207393 0.06383786 1.248391 0.05806561 0.07354402
0.05087386 0.1041585 0.06175662 0.1774112 1.236847 0.08248299 0.06088945 1.24844 0.056983 0.06874171
0.05049341 0.09753029 0.06189416 0.17077 1.236768 0.08198907 0.05591054 1.249575 0.05632111 0.06499886
0.05048941 0.09337678 0.06256294 0.1671967 1.237506 0.08395525 0.04836948 1.2544 0.05530983 0.04721121
0.0509968 0.0887415 0.06281446 0.1621812 1.236208 0.0830614 0.05502445 1.250416 0.0550508 0.04252708
0.05173907 0.08788295 0.06491034 0.1604546 1.23761 0.08307339 0.05387016 1.24977 0.05496649 0.04017426
0.05232363 0.08644895 0.06737554 0.1592012 1.238501 0.08377884 0.05525936 1.250749 0.05489129 0.03905985
0.05309792 0.08758844 0.06827164 0.1601936 1.239975 0.08442163 0.05866171 1.249128 0.05510749 0.03864223
0.05349994 0.09001566 0.0689781 0.1607357 1.242927 0.08475226 0.05955303 1.250399 0.05531676 0.0387282
0.05437049 0.09404971 0.07264172 0.1612253 1.244822 0.08450261 0.05827601 1.252036 0.0563432 0.04690289
0.0552475 0.09722383 0.07376155 0.1638153 1.246579 0.0858051 0.06115605 1.252566 0.05700633 0.05153527
0.0551834 0.1012271 0.07666976 0.1655588 1.246528 0.08696351 0.0667024 1.254428 0.05751939 0.05545387
0.05564955 0.1053279 0.07637796 0.1689232 1.248915 0.08747333 0.07123466 1.255358 0.05825622 0.05887407
0.05608874 0.1110779 0.07528415 0.1773255 1.248506 0.08695292 0.07744449 1.253828 0.05891281 0.06204951
0.05559159 0.1187082 0.07472184 0.1851724 1.251407 0.08918028 0.09149055 1.254451 0.05936423 0.06655212
0.05565277 0.1258186 0.07356969 0.1920284 1.252322 0.0881788 0.09388854 1.257164 0.05936088 0.07157911
0.0554961 0.1322885 0.0731465 0.1994811 1.252025 0.087713 0.1010964 1.255348 0.05955243 0.07659358
0.05493757 0.1407077 0.0717364 0.209859 1.254045 0.0878096 0.1129686 1.254542 0.05964434 0.08329713
0.05429882 0.1477712 0.07051208 0.2174472 1.254993 0.08707475 0.1197851 1.255035 0.0601952 0.09160084
0.05424171 0.1556427 0.06725093 0.2239485 1.25544 0.08872921 0.1322417 1.253219 0.05986526 0.09855575
0.05426928 0.1644388 0.06328791 0.2356462 1.256454 0.08839712 0.1470663 1.252326 0.05998689 0.1062207
0.05452937 0.1738909 0.06151418 0.2460925 1.255925 0.08833171 0.1544899 1.253062 0.06056135 0.1143488
0.05452527 0.1835803 0.05939918 0.2561686 1.258043 0.08803256 0.1601843 1.25302 0.05946829 0.138819
0.05488566 0.1912898 0.05870293 0.2641241 1.257848 0.08956729 0.1827277 1.250826 0.0596553 0.1421962
0.05549381 0.2004783 0.06037974 0.273462 1.259007 0.09112265 0.1840649 1.255024 0.06064838 0.1441327
0.05548255 0.2089786 0.06148617 0.2815867 1.261238 0.09052459 0.1963566 1.253824 0.06122926 0.1499487
0.05533724 0.2192854 0.058862 0.2911272 1.263388 0.09020644 0.2145973 1.253826 0.06222338 0.1594455
0.05494624 0.2296295 0.05753073 0.3017057 1.265919 0.0905776 0.2219386 1.257194 0.06324594 0.1684085
0.05479929 0.2374389 0.05690617 0.3085504 1.266553 0.09018892 0.2295298 1.258514 0.0637992 0.1755909
0.05401061 0.2455899 0.05501076 0.3173107 1.26824 0.08980491 0.2399095 1.259979 0.06433815 0.1829784
0.05313827 0.254998 0.0537831 0.327403 1.27014 0.08854232 0.2470334 1.261112 0.06438854 0.1919087
0.05217791 0.263468 0.05279091 0.3359185 1.273971 0.08994988 0.2594349 1.267948 0.06394933 0.1999555
0.05145013 0.2739424 0.05047511 0.3461927 1.276762 0.0866513 0.2652577 1.266694 0.06381948 0.208069
0.05009304 0.2810223 0.0488398 0.3539163 1.278961 0.0862079 0.2800514 1.268302 0.06379449 0.2153196
0.04941231 0.2900771 0.04718753 0.3623233 1.282153 0.08759914 0.2936995 1.274673 0.06328037 0.2242197
0.04856619 0.3003268 0.04623144 0.3722859 1.283599 0.08651583 0.301094 1.274893 0.06269752 0.2329094
0.04802356 0.3074024 0.04440633 0.3797062 1.285947 0.08582385 0.3125441 1.278083 0.06232987 0.2407662
0.04759009 0.3144047 0.04394014 0.3862482 1.286227 0.08355917 0.3071458 1.272681 0.06194872 0.2458719
0.04738722 0.3188365 0.04367648 0.3912829 1.287493 0.08294614 0.3132892 1.274266 0.06144992 0.250759
0.04685383 0.3255397 0.04299954 0.3980424 1.289818 0.0834118 0.3223422 1.278163 0.06096547 0.257652
0.04652388 0.3291472 0.0422214 0.4013934 1.28941 0.08306238 0.3249464 1.277725 0.06066117 0.2618634
0.04634254 0.3318661 0.04177343 0.4037896 1.290831 0.08311971 0.328169 1.279253 0.06045584 0.2648752
0.04641779 0.3346506 0.04272154 0.4069436 1.291858 0.0836101 0.3374012 1.281478 0.06025656 0.2674837
0.04634543 0.33477 0.04253845 0.4071822 1.290642 0.08281083 0.335178 1.278013 0.06020924 0.2684816
0.04687027 0.334241 0.04425478 0.4062574 1.289415 0.08355676 0.3325616 1.278634 0.06019819 0.2689565
0.04689835 0.3337978 0.04416888 0.4060349 1.289031 0.08341619 0.3308965 1.277468 0.06017904 0.269075
0.04691415 0.3317336 0.04398919 0.40323 1.285706 0.08336572 0.3299304 1.276064 0.06018573 0.2689675
0.04698036 0.3293886 0.04435032 0.3995873 1.282953 0.08350773 0.3296129 1.27448 0.06026513 0.2679459
0.04731917 0.3272561 0.04398027 0.3951282 1.281225 0.08379388 0.3306456 1.275517 0.06035323 0.2659652
0.048462 0.323121 0.04578729 0.3918056 1.279498 0.08498939 0.3228683 1.274241 0.06072367 0.2624455
0.04895084 0.3151454 0.04335304 0.3848272 1.277203 0.08595911 0.3174728 1.2706 0.06140946 0.2582419
0.04991561 0.3105341 0.04588758 0.3795319 1.275727 0.0860597 0.313809 1.267872 0.06237245 0.2527432
0.05067878 0.303068 0.04620946 0.3721173 1.272088 0.08683044 0.3064205 1.264918 0.06293382 0.2468768
0.05160254 0.2967251 0.04678278 0.3659936 1.271036 0.08848125 0.2932221 1.266011 0.06405378 0.2399392
0.05226101 0.2898351 0.04793803 0.3595039 1.270835 0.08866902 0.2904755 1.264235 0.06495724 0.2334785
0.05316404 0.2828629 0.04734053 0.3526561 1.270903 0.08924725 0.2817958 1.26132 0.0654701 0.2268482
0.05347098 0.2758088 0.04871756 0.3467044 1.273389 0.09009343 0.2820748 1.262614 0.06552623 0.2215124
0.05400729 0.2709632 0.05182619 0.3414406 1.27283 0.09072139 0.2643283 1.261697 0.06624236 0.2146095
0.05437101 0.2637115 0.05223204 0.3342326 1.271872 0.09003162 0.2628815 1.258368 0.06630549 0.2083499
0.05495278 0.2570875 0.05406246 0.3280082 1.271813 0.09119055 0.2452221 1.257979 0.06601307 0.2024774
0.05523364 0.2527015 0.05490415 0.3227113 1.271004 0.09149209 0.2406481 1.257202 0.06588451 0.1982472
0.05583703 0.2478811 0.05554375 0.3171332 1.268383 0.09172817 0.2343632 1.254787 0.06582972 0.1937355
0.05632264 0.2437748 0.05715574 0.3115057 1.265937 0.091757 0.2284275 1.25234 0.06546783 0.189049
0.05656266 0.2382113 0.05788096 0.3084579 1.264766 0.09188216 0.2244099 1.251567 0.06518398 0.1844342
0.05663997 0.2332186 0.0576348 0.3030325 1.264675 0.09180944 0.2128872 1.249914 0.06496119 0.1810127
0.05647496 0.2273116 0.05871824 0.2971944 1.261923 0.09190175 0.2127125 1.250337 0.0645693 0.1774117
0.05645692 0.2224916 0.05904802 0.2912426 1.260606 0.09495338 0.2040785 1.253574 0.06412986 0.1713983
0.05575291 0.2159401 0.0587563 0.2845462 1.257316 0.09075141 0.1873719 1.247518 0.06356369 0.1665985
0.05487955 0.2093757 0.05780319 0.2777974 1.255935 0.08968022 0.1818649 1.245909 0.06269519 0.1629648
0.05470886 0.202118 0.05672103 0.2706917 1.252505 0.09002436 0.1681545 1.246761 0.06195592 0.1528823
0.05439248 0.1948019 0.05971304 0.2635929 1.248954 0.08717193 0.168121 1.240072 0.06132768 0.1459512
0.05387127 0.1871119 0.05954449 0.2549006 1.24674 0.09115057 0.1568192 1.248314 0.06083755 0.1364144
0.0525938 0.1779197 0.05847417 0.2463039 1.243724 0.08864704 0.1402424 1.246205 0.06009131 0.1289936
0.05198583 0.1681999 0.0606498 0.2378591 1.24117 0.08504461 0.1272342 1.2426 0.05949255 0.1187078
0.05153542 0.1594555 0.0586831 0.2296651 1.240215 0.08580352 0.1225468 1.243683 0.05862777 0.1103845
0.05096639 0.1524069 0.06092831 0.2229175 1.238765 0.085763 0.1117049 1.248028 0.05755612 0.1025537
0.04959013 0.1442467 0.06267749 0.216145 1.236569 0.08011596 0.1014738 1.242462 0.05660502 0.09690312
0.0486726 0.1394817 0.05923893 0.208717 1.239829 0.07776631 0.09431568 1.244307 0.05590789 0.092608
0.04819943 0.1338769 0.05958345 0.2054387 1.237402 0.08113071 0.133821 1.234182 0.0553404 0.08958223
0.04833405 0.129261 0.06015185 0.1994462 1.238933 0.08246639 0.0948752 1.248812 0.05476819 0.08577812
0.04878853 0.1233639 0.06233577 0.1941316 1.236879 0.08344227 0.09034257 1.249708 0.05421408 0.08169401
0.04908223 0.11926 0.06070815 0.188593 1.237184 0.08110044 0.09243838 1.24038 0.05372418 0.07838792
0.04962059 0.1153226 0.06647994 0.1852045 1.235913 0.07922519 0.07090582 1.245737 0.05332369 0.07487236
0.04970571 0.1082422 0.06355762 0.1794368 1.237629 0.07738344 0.06222615 1.247734 0.053299 0.07121056
0.04979407 0.1054715 0.06560837 0.1769138 1.237021 0.07818599 0.06109086 1.248672 0.05332664 0.06857572
0.05008626 0.1032952 0.06595156 0.1761573 1.23802 0.07601777 0.06108445 1.2482 0.05336763 0.06677775
0.04991876 0.1032762 0.06460182 0.1760217 1.239458 0.07841148 0.0648516 1.248637 0.05331817 0.06557327
0.05013742 0.1042942 0.06394054 0.1753693 1.240386 0.07858835 0.07010321 1.246792 0.05336195 0.06523502
0.05003805 0.1049004 0.06791985 0.1764288 1.240805 0.08132975 0.08064578 1.248282 0.05336444 0.06527463
0.05028964 0.1091443 0.06755485 0.1821939 1.240745 0.07950255 0.07242896 1.248142 0.05345744 0.06558241
0.04937024 0.1106991 0.06437363 0.1806612 1.247893 0.0843496 0.1030777 1.247707 0.05364544 0.06711
0.04879247 0.1161939 0.06625658 0.1845843 1.248358 0.08223126 0.09215146 1.247941 0.05376856 0.06987377
0.04807624 0.1224783 0.06280474 0.1898446 1.248167 0.08377469 0.1199213 1.245421 0.05391713 0.07319656
0.04764163 0.1306837 0.0629578 0.2014902 1.247017 0.08193836 0.1208299 1.246048 0.0541416 0.07821574
0.0470731 0.1404847 0.06404674 0.2131845 1.247795 0.07970355 0.1200877 1.248258 0.05425179 0.08384629
0.04557792 0.1481455 0.05554043 0.2178069 1.249978 0.08091892 0.1436029 1.247578 0.05362165 0.09159125
0.04486781 0.1586098 0.05231082 0.2285397 1.252073 0.07996719 0.1529297 1.248296 0.05255105 0.1026823
0.04403586 0.1708285 0.05163122 0.2416746 1.252496 0.0793541 0.1629585 1.24753 0.05229104 0.1106943
0.04385274 0.181152 0.05044843 0.252258 1.25432 0.07556726 0.1559795 1.245965 0.05229814 0.1225895
0.04361751 0.1932511 0.05192285 0.2656596 1.255713 0.07491164 0.1642318 1.244618 0.05096464 0.1400687
0.04360872 0.2009685 0.04913005 0.2730101 1.255499 0.07931353 0.1938536 1.247396 0.05140238 0.1456723
0.0434935 0.2129071 0.04923492 0.2853734 1.256107 0.07917462 0.2009954 1.248381 0.05192064 0.1532712
0.04380215 0.2231132 0.04712421 0.2968071 1.259687 0.07945775 0.2106591 1.251423 0.0529981 0.1622685
0.04417598 0.2311553 0.0463845 0.3038691 1.261134 0.07994517 0.2230867 1.252041 0.05395993 0.1706483
0.04505533 0.240501 0.04767568 0.3140738 1.263916 0.08165205 0.2271319 1.254096 0.05539249 0.1787841
0.04595895 0.2488914 0.04612514 0.3216953 1.265021 0.08259849 0.2416142 1.258039 0.05663393 0.1863229
0.04697818 0.2567402 0.04519223 0.3301884 1.268193 0.08474066 0.2545785 1.259743 0.05803806 0.1954187
0.04745503 0.264779 0.04612452 0.3382919 1.270364 0.08698137 0.2684058 1.264822 0.05886893 0.2036277
0.04792814 0.2721449 0.04442478 0.3455571 1.271788 0.08772022 0.2761649 1.266372 0.06089176 0.2103576
0.04882333 0.2820499 0.04406908 0.3556329 1.274014 0.0867243 0.2823429 1.263071 0.06267878 0.2186033
0.04994262 0.2914728 0.04605907 0.3653874 1.277118 0.08664645 0.2854638 1.263711 0.06366895 0.227211
0.05076813 0.2983694 0.04611981 0.3730915 1.279782 0.09030059 0.2967966 1.271103 0.06459381 0.2348038
0.05115392 0.305593 0.04771733 0.3804665 1.28334 0.09020594 0.3055473 1.271739 0.06525907 0.2416534
0.05155272 0.3126432 0.04806115 0.3881179 1.28717 0.08949196 0.3103506 1.272971 0.06577852 0.2477804
0.05233758 0.3175481 0.04844833 0.3924925 1.287478 0.08894923 0.3151847 1.273402 0.06602885 0.2534207
0.05225433 0.3229821 0.04846715 0.3989474 1.28987 0.08953767 0.3156861 1.274372 0.06625769 0.257951
0.05189874 0.3283808 0.04785369 0.4034069 1.291846 0.08911555 0.3202055 1.275384 0.0663319 0.2621899
0.05164477 0.3320999 0.0484178 0.4068255 1.292161 0.0891575 0.3267775 1.276528 0.06637318 0.265436
0.05149529 0.332402 0.04858768 0.4068984 1.293029 0.08891192 0.3267114 1.276354 0.06641489 0.2675704
0.05154649 0.3329486 0.04876883 0.4071417 1.29448 0.08842289 0.3239141 1.275684 0.0664086 0.2685771
0.05113393 0.3328696 0.04818884 0.4069089 1.292881 0.08794441 0.3418627 1.279091 0.06640113 0.2688771
0.05080301 0.3317937 0.04628003 0.4047536 1.292062 0.08811262 0.3308169 1.277035 0.06637266 0.2688357
0.05037767 0.3301975 0.04619576 0.4014662 1.290516 0.0867275 0.3452443 1.280568 0.06628489 0.2684719
0.05034592 0.3284367 0.04679487 0.3984849 1.291111 0.08688218 0.3449323 1.283412 0.06614636 0.2669346
0.05000484 0.3243874 0.04672554 0.394301 1.289359 0.0873627 0.3368022 1.279075 0.06588069 0.2642437
0.05040563 0.3200078 0.04690929 0.3879979 1.286672 0.08750856 0.3370854 1.279156 0.06580207 0.2610494
0.05074596 0.3154614 0.04789023 0.3832605 1.284566 0.08707434 0.3311636 1.276749 0.06595802 0.2565027
0.05141161 0.3073095 0.04897728 0.377132 1.283185 0.0881409 0.3127608 1.273017 0.06640719 0.2504479
0.05173763 0.3004509 0.05001566 0.370851 1.278367 0.08902754 0.306112 1.271213 0.06736269 0.2414933
0.05258389 0.2939686 0.05068795 0.3645675 1.275845 0.08963018 0.2945698 1.269174 0.0676072 0.237039
0.05334457 0.2872621 0.05181202 0.3591499 1.275061 0.08949333 0.2852355 1.265869 0.06803137 0.2323839
0.0538701 0.2823865 0.05213922 0.3519731 1.273417 0.09030356 0.286438 1.265619 0.06770612 0.2294407
0.05466669 0.2757754 0.05341081 0.3451593 1.268323 0.09269664 0.2833351 1.267592 0.06800064 0.2223316
0.05543937 0.2696723 0.05649558 0.3405517 1.268257 0.09204751 0.2605658 1.2638 0.06775311 0.2190698
0.0560875 0.264105 0.05694308 0.3337087 1.266801 0.09210056 0.2506296 1.260255 0.06803366 0.2118874
0.05652108 0.257339 0.05728619 0.3269379 1.265173 0.09265527 0.2493168 1.259915 0.06838644 0.2065894
0.05760111 0.2509533 0.05659207 0.3202262 1.263892 0.09307945 0.2403433 1.259048 0.06814346 0.2015905
0.05837229 0.2455866 0.06068005 0.3139564 1.261029 0.0941344 0.2315225 1.258346 0.06815802 0.1964064
0.05861865 0.2388996 0.06190253 0.307687 1.259051 0.09439595 0.2206607 1.257558 0.06794723 0.1913495
0.05948287 0.232373 0.06175568 0.3012025 1.260893 0.09512712 0.2211609 1.257745 0.06770255 0.1861188
0.06011706 0.2267381 0.06323845 0.2939459 1.258227 0.09477522 0.230337 1.257777 0.06740894 0.1795092
0.06067218 0.2200915 0.06397547 0.2871841 1.25871 0.1027523 0.2165329 1.273389 0.06697279 0.1701776
0.06112369 0.2142569 0.06434692 0.2809717 1.259278 0.09471425 0.1894426 1.253979 0.06756476 0.16214
0.06159017 0.2074029 0.06378811 0.274754 1.258608 0.09640814 0.1934822 1.258357 0.06783983 0.1553557
0.06236706 0.2008529 0.06666313 0.2694503 1.257037 0.09391747 0.17013 1.254083 0.06806508 0.1495095
0.06315922 0.196366 0.06844091 0.2640576 1.258873 0.1038588 0.177107 1.272214 0.06824181 0.145414
0.06379683 0.1900573 0.06928378 0.2562379 1.257092 0.1025562 0.1721401 1.266471 0.06868868 0.1395928
0.06456564 0.1851781 0.07023223 0.2526775 1.255512 0.1040359 0.1609331 1.270792 0.06910476 0.1348547
0.06467094 0.1791341 0.07116473 0.245456 1.255184 0.09427634 0.138668 1.2553 0.0693055 0.1296795
0.06447294 0.1724985 0.07230897 0.2389662 1.252895 0.1026252 0.1533004 1.264605 0.06877482 0.1238191
0.06418406 0.1639841 0.07375962 0.2320981 1.250991 0.09822479 0.1298061 1.26217 0.06842636 0.1139562
0.06365893 0.1568723 0.0742154 0.2252626 1.249982 0.09602723 0.1177706 1.26 0.06801854 0.1073053
0.06361869 0.150208 0.07516453 0.218336 1.248569 0.09661566 0.1082779 1.262097 0.06760135 0.1009878
0.06325819 0.1435334 0.07378627 0.2111214 1.245953 0.09451832 0.1017116 1.259392 0.06717358 0.09530744
0.06308297 0.1379385 0.0752665 0.2064488 1.246331 0.09541577 0.09987289 1.2606 0.06654562 0.09061795
0.06259333 0.1332639 0.07538574 0.2008262 1.245051 0.09650063 0.1026392 1.260849 0.06612557 0.08607467
0.062453 0.1280064 0.07763711 0.1969071 1.244874 0.09789161 0.1066767 1.263338 0.06577468 0.08188366
0.0616333 0.122042 0.07365902 0.191495 1.246125 0.09665972 0.09670032 1.262128 0.06526825 0.07740323
0.06168269 0.1183331 0.07417759 0.1873479 1.244994 0.08993495 0.07483622 1.258323 0.06481406 0.07389066
0.06144044 0.1129617 0.07433935 0.1833114 1.243976 0.09795713 0.09439576 1.265357 0.06428458 0.07047588
0.06097428 0.1095484 0.07430504 0.1792242 1.244461 0.09132484 0.07522552 1.257224 0.06370945 0.06797053
0.06079077 0.107097 0.07392121 0.1772088 1.245067 0.0891597 0.06657057 1.260122 0.06345171 0.06634346
0.0605878 0.1078766 0.0747565 0.1787293 1.245133 0.08697221 0.06661058 1.258425 0.06326085 0.06561548
0.06098378 0.1087968 0.07511669 0.1793073 1.246685 0.09079482 0.07658234 1.2591 0.06322078 0.06534478
0.06114404 0.1112721 0.07471382 0.1822202 1.245456 0.09321514 0.0906304 1.256558 0.06325101 0.06539474
0.06127961 0.1169202 0.07464106 0.1856031 1.252027 0.0947262 0.1030388 1.256464 0.06339065 0.06704047
0.06134825 0.1235532 0.07729606 0.1898691 1.251637 0.09262779 0.09249753 1.25811 0.06369817 0.07017352
0.0612202 0.1316435 0.07702787 0.1970496 1.251586 0.09172975 0.1045263 1.257013 0.06400704 0.07556709
0.06122452 0.1410666 0.07737114 0.2070177 1.251529 0.09255736 0.1181375 1.255037 0.06467202 0.08594353
0.06147604 0.1507043 0.07648121 0.2178287 1.250234 0.09381067 0.1343877 1.252965 0.06586254 0.09431017
0.06187301 0.1600417 0.07459555 0.2296606 1.250934 0.09377599 0.1404131 1.254204 0.06652947 0.1028309
0.06239628 0.169739 0.07288184 0.2382925 1.248902 0.09271123 0.1533621 1.246915 0.06708619 0.1113744
0.06275692 0.1819374 0.07199461 0.2522811 1.247914 0.09537866 0.1653145 1.250673 0.0678771 0.123641
0.06270641 0.1912991 0.07199911 0.2620819 1.247586 0.09578534 0.175602 1.249632 0.06814582 0.1305757
0.06293937 0.199723 0.07038711 0.2700036 1.247955 0.09491701 0.1879244 1.246252 0.06784327 0.144072
0.06312136 0.2092852 0.07017648 0.2794471 1.24942 0.09669817 0.1934361 1.249919 0.0682525 0.1553461
0.06291456 0.2191369 0.06936801 0.2896776 1.250441 0.0963161 0.2098039 1.24851 0.0689583 0.16254
0.06269369 0.2271108 0.06662949 0.2968111 1.253356 0.09577807 0.2155128 1.249424 0.06988584 0.1696645
0.06273664 0.2373193 0.06626342 0.3068321 1.254543 0.09545989 0.2260855 1.249106 0.07116102 0.1788624
0.06281108 0.2454083 0.06532326 0.3139361 1.257027 0.09759074 0.2444568 1.252592 0.07215875 0.1871239
0.0626674 0.255275 0.06284872 0.3251857 1.258018 0.09580908 0.2415698 1.253148 0.07312106 0.197605
0.06258365 0.2634615 0.06403746 0.3322506 1.261322 0.09553492 0.2578389 1.253223 0.0736585 0.2048268
0.06251466 0.2732866 0.06208504 0.3429882 1.261606 0.09856093 0.2693418 1.258014 0.07405932 0.2113941
0.06236933 0.28287 0.06179296 0.3537356 1.263884 0.09897421 0.2736152 1.261016 0.07379263 0.2214276
0.06199507 0.2904536 0.05959001 0.3610166 1.265217 0.09824673 0.2849233 1.260029 0.07401434 0.2270363
0.06177157 0.3002302 0.05951649 0.3706158 1.268282 0.09861317 0.2936925 1.264416 0.07408051 0.2339926
0.06051538 0.3071708 0.05895766 0.3775989 1.270429 0.09525958 0.297904 1.262315 0.07379003 0.2414413
0.05908115 0.3140256 0.05701539 0.3851775 1.272355 0.0938094 0.3092642 1.261589 0.07303724 0.2485115
0.05861993 0.3203723 0.0558481 0.3915932 1.273278 0.09468349 0.319829 1.266742 0.0725092 0.2539787
0.05752743 0.3240507 0.05450799 0.3954422 1.273676 0.09243993 0.3131644 1.262683 0.07177728 0.2580278
0.05589319 0.3285696 0.05358851 0.3998503 1.276107 0.09108429 0.3230683 1.26523 0.07074486 0.2627256
0.05450628 0.3316205 0.05096123 0.4035736 1.277498 0.08906271 0.3283853 1.265365 0.06977861 0.2670448
0.05252227 0.3342666 0.04853259 0.406683 1.277167 0.0884734 0.3239551 1.265723 0.06916137 0.268706
0.0512693 0.3344993 0.0468826 0.4069525 1.278118 0.08675705 0.3314566 1.267487 0.0683822 0.2705727
0.04999037 0.3362698 0.0453052 0.4095291 1.278341 0.08502819 0.3312011 1.26685 0.06779499 0.2715382
0.04864683 0.3351706 0.04407432 0.4082877 1.277771 0.08371846 0.3361479 1.266646 0.06733879 0.2718043
0.04735477 0.3338397 0.04376376 0.405219 1.27633 0.08439396 0.3287756 1.265187 0.06692842 0.2716959
0.04630006 0.3305979 0.04141587 0.4017018 1.2762 0.08317332 0.3285908 1.265196 0.06630424 0.2711661
0.04539803 0.3277115 0.04145997 0.3976067 1.274773 0.08280864 0.3284629 1.265474 0.06549388 0.2695397
0.04500424 0.3231444 0.04066756 0.3927295 1.271922 0.08080073 0.3167819 1.263555 0.06467102 0.2669154
0.04483342 0.3167273 0.04146081 0.3861084 1.269621 0.08050454 0.3136678 1.261741 0.06382801 0.2619091
0.04437657 0.3120729 0.03891615 0.3809223 1.267669 0.08072302 0.3192652 1.262005 0.06311156 0.2568136
0.04403969 0.3056456 0.03989462 0.3740605 1.265187 0.07982015 0.3104376 1.258806 0.06262231 0.2508889
0.04397101 0.2995994 0.03957702 0.369701 1.264403 0.07965465 0.3074323 1.259898 0.06222555 0.2449855
0.04425929 0.2925655 0.03910515 0.3618365 1.26113 0.07947063 0.3023384 1.256824 0.06222484 0.237972
0.04450362 0.2876963 0.04261621 0.3559035 1.259455 0.08031044 0.2878678 1.256415 0.06226087 0.2326722
0.04485577 0.2802366 0.04185906 0.3481695 1.25446 0.08093667 0.2844692 1.253835 0.06140407 0.2272161
0.04506559 0.2732872 0.04200184 0.3415517 1.253598 0.08138899 0.2695099 1.252359 0.06084089 0.2218468
0.04551471 0.2682369 0.04559155 0.3361771 1.250075 0.08108217 0.2648974 1.248142 0.06035466 0.2151648
0.04564239 0.2610296 0.0455827 0.3285449 1.248346 0.08112894 0.251793 1.245914 0.06003315 0.2076773
0.04577115 0.2539847 0.04708091 0.3212343 1.24572 0.08152334 0.2423014 1.243705 0.05988462 0.2020573
0.04718018 0.2483926 0.04705283 0.3135539 1.24106 0.08296815 0.2448955 1.242421 0.05969562 0.1960883
0.04818901 0.2404862 0.04894839 0.3057459 1.237495 0.08396393 0.2386286 1.238031 0.05974441 0.1894264
0.04885108 0.2305597 0.05171986 0.2962307 1.235911 0.08476922 0.2169407 1.236618 0.05961043 0.1829059
0.04885052 0.2209006 0.05161021 0.2884355 1.233483 0.08508675 0.2011849 1.234986 0.0591158 0.1731895
0.04880976 0.2127732 0.05157436 0.2786433 1.231253 0.08434402 0.1855267 1.233906 0.05854688 0.1668689
0.04828421 0.2037507 0.05196477 0.2701494 1.228466 0.08774924 0.1718286 1.238594 0.05773913 0.1612124
0.04790169 0.1939641 0.05053851 0.2610144 1.22551 0.08331715 0.1666148 1.230216 0.05682841 0.1557248
0.04767256 0.1866358 0.05283616 0.2528224 1.222496 0.08170298 0.1529767 1.227624 0.05737786 0.1425566
0.0475874 0.1778248 0.05432262 0.2453924 1.220392 0.08002926 0.1724744 1.220962 0.05606426 0.140693
0.04734265 0.1709959 0.052922 0.2385089 1.219494 0.08063072 0.1348066 1.226264 0.05603473 0.1262048
0.04725768 0.1639758 0.05056418 0.2313936 1.219293 0.08003832 0.1232599 1.22675 0.05571385 0.1205447
0.04731235 0.157287 0.05367454 0.2253337 1.216477 0.08158979 0.1191528 1.229334 0.05523741 0.1150395
0.04706036 0.1502414 0.05524763 0.2187066 1.214623 0.07968023 0.1043263 1.229117 0.05476012 0.1107999
0.04691362 0.141329 0.05277767 0.2090433 1.21445 0.08125732 0.09988638 1.228909 0.05441484 0.1014255
0.04554114 0.1338634 0.05237199 0.2015651 1.213538 0.0768811 0.08887155 1.225771 0.05425448 0.09503112
0.04441873 0.124934 0.05443691 0.193918 1.209985 0.07710314 0.07735372 1.22622 0.05351358 0.08965294
0.04362432 0.1151369 0.05317554 0.1844179 1.208989 0.07467075 0.06915785 1.227969 0.05180017 0.0825425
0.04137363 0.1054465 0.05292239 0.1739234 1.206897 0.07265762 0.06159178 1.228063 0.04929034 0.0742049
0.03959941 0.09577453 0.05035807 0.1663292 1.208174 0.06801938 0.05760345 1.225403 0.04773021 0.06764594
0.03786992 0.08668914 0.05167544 0.1564493 1.206716 0.06830705 0.05164992 1.225811 0.04420204 0.03453753
0.03718942 0.08002598 0.05063054 0.150515 1.205495 0.06641824 0.04716453 1.223813 0.04334688 0.03209024
0.03685275 0.07376986 0.05049883 0.1437483 1.204764 0.06834578 0.04415526 1.225716 0.0419795 0.0270013
0.03686652 0.06986079 0.05079637 0.1392056 1.204932 0.06628781 0.0457224 1.220459 0.04119218 0.02153076
0.03685414 0.06752612 0.05127531 0.1366849 1.203771 0.06610666 0.03815041 1.222338 0.04087797 0.01972525
0.03756286 0.06770143 0.04964505 0.1374851 1.20602 0.06800408 0.04797164 1.222819 0.0408752 0.01884763
0.03902875 0.06802959 0.05313504 0.1369108 1.206653 0.06838694 0.04787481 1.223039 0.04104915 0.01808194
0.03965842 0.07054812 0.05273142 0.1402675 1.206443 0.06968318 0.04626263 1.225086 0.04125932 0.01814162
0.04032885 0.07369198 0.05426533 0.1436638 1.207286 0.06904691 0.04848862 1.224398 0.04156695 0.01902668
0.04196694 0.07672927 0.05677458 0.1427686 1.213427 0.06939753 0.04867523 1.225567 0.04271607 0.02073507
0.04315707 0.08143985 0.05820565 0.1446545 1.216525 0.07492662 0.05757027 1.228043 0.04445586 0.02481515
0.04454442 0.09217592 0.05939588 0.1594417 1.213717 0.07451033 0.06245271 1.225519 0.04722363 0.05311289
0.04626123 0.1008508 0.05989505 0.1705559 1.215205 0.07839116 0.07873309 1.226803 0.04861376 0.0584126
0.0474584 0.1091455 0.05953993 0.1772358 1.21752 0.08032196 0.08606764 1.229309 0.05004307 0.0635941
0.04833256 0.1192336 0.05863313 0.1874018 1.2198 0.08071055 0.09505874 1.228269 0.05189254 0.07193959
0.04962217 0.1282541 0.06087597 0.1972884 1.22151 0.08199466 0.1053138 1.229263 0.05323303 0.07807441
0.05006289 0.1362526 0.06163036 0.2041509 1.22291 0.08319891 0.113116 1.229868 0.05405867 0.08669785
0.05107803 0.1451539 0.06111011 0.2133821 1.224747 0.08409429 0.1330221 1.2286 0.05501507 0.09379797
0.0513657 0.1546982 0.06099003 0.2241408 1.223582 0.08411156 0.1351466 1.230612 0.05594188 0.1015854
0.05194709 0.1643626 0.06106186 0.2338457 1.22426 0.08542707 0.1494915 1.230133 0.05678221 0.1079416
0.05240235 0.1735987 0.06110856 0.2436154 1.224929 0.08614495 0.1594041 1.230148 0.05754878 0.1142647
0.05316521 0.1837329 0.06281852 0.2534488 1.228604 0.08624247 0.1645378 1.232792 0.05785119 0.1390522
0.05412863 0.192943 0.06239042 0.2632801 1.230688 0.08737477 0.1740336 1.23315 0.0586419 0.1398818
0.05494658 0.2010018 0.06114846 0.2714832 1.232317 0.08967081 0.1928862 1.231827 0.0599427 0.1465879
0.05681697 0.2100369 0.06385864 0.2811309 1.233349 0.09139651 0.1994338 1.23403 0.0620143 0.1566574
0.05861185 0.2209834 0.06385008 0.2910891 1.235596 0.0924897 0.1988947 1.23627 0.0641315 0.1650032
0.06041324 0.229575 0.06470965 0.3013703 1.238192 0.09301899 0.2038259 1.235641 0.06681821 0.171392
0.06350853 0.2381826 0.06463604 0.3090472 1.240595 0.09973994 0.2329881 1.238778 0.07097769 0.1832466
0.06647721 0.2458069 0.06671128 0.3167755 1.243756 0.1016226 0.2434288 1.241244 0.07417912 0.1928767
0.06895386 0.2555027 0.0695335 0.3276401 1.245914 0.1003958 0.2334632 1.238733 0.07711684 0.2010261
0.0719628 0.2640405 0.07226518 0.3349547 1.248384 0.1073277 0.2563465 1.243854 0.07982802 0.2080701
0.07415861 0.2731314 0.07380606 0.3442172 1.250213 0.1107893 0.2649219 1.248149 0.08235704 0.2125103
0.07616972 0.2802947 0.07633182 0.3519128 1.254053 0.1116891 0.2691367 1.249923 0.084714 0.2176472
0.07745746 0.2845609 0.0754491 0.3547616 1.256107 0.1131057 0.2829972 1.250108 0.08647753 0.2221269
0.07756007 0.2909764 0.07548735 0.3617128 1.257774 0.1128798 0.2850345 1.25096 0.08781783 0.2268908
0.07752372 0.2944039 0.07572278 0.365322 1.259048 0.1131561 0.2899823 1.25209 0.08853868 0.2312391
0.07726982 0.2979822 0.07528118 0.3683862 1.260481 0.1120028 0.2843061 1.251884 0.08886233 0.2338236
0.0768836 0.2981007 0.07503004 0.3681139 1.261489 0.1120687 0.2887732 1.253355 0.08907414 0.2351896
0.07653365 0.2977668 0.07582872 0.3679977 1.258836 0.1118495 0.2940437 1.252141 0.08909823 0.2356341
0.07602214 0.2981176 0.07621706 0.3691564 1.257705 0.1138079 0.2924827 1.255598 0.08907449 0.2357601
0.07578622 0.2947794 0.07479255 0.3655012 1.255798 0.1126876 0.2904031 1.252773 0.08902492 0.2355656
0.0757173 0.2928135 0.07573172 0.3634458 1.25506 0.112466 0.2869046 1.252099 0.08895285 0.2347933
0.07580367 0.2909568 0.07429945 0.3588532 1.253934 0.1126467 0.2923111 1.251111 0.08897448 0.2330331
0.07581396 0.2876914 0.07545249 0.3560762 1.251981 0.1118682 0.2863922 1.249775 0.08892935 0.2311022
0.07493598 0.2841813 0.0756396 0.3519823 1.25058 0.1112812 0.2861686 1.247439 0.08873086 0.228734
0.07414105 0.2811043 0.07545223 0.3496377 1.251658 0.1102743 0.2744605 1.247977 0.08851743 0.2263354
0.07278708 0.2772578 0.07230395 0.3462898 1.249582 0.1080367 0.2688987 1.24454 0.08783614 0.2247039
0.07150191 0.2741026 0.07292082 0.3427361 1.249752 0.107972 0.273501 1.246854 0.0871118 0.2230486
0.06967679 0.2701669 0.06988411 0.3383867 1.24923 0.1048687 0.2570885 1.2455 0.0859322 0.2202816
0.06843813 0.2665535 0.07067803 0.3347134 1.246378 0.1036892 0.2550719 1.244123 0.08478955 0.2177007
0.06725433 0.2634821 0.06909789 0.3316912 1.247777 0.1031647 0.2439609 1.247175 0.08364459 0.2153997
0.06633759 0.2605118 0.06832433 0.32925 1.249476 0.101679 0.2494178 1.245728 0.08260547 0.2131483
0.0659145 0.2574198 0.06761531 0.3258401 1.247984 0.1014016 0.2455048 1.248 0.08145279 0.2103602
0.06548598 0.2539676 0.06757159 0.3226263 1.249028 0.09927849 0.2586323 1.243112 0.08057784 0.2077411
0.06490985 0.250271 0.06633036 0.3190546 1.247257 0.1000714 0.2366138 1.247878 0.07973821 0.2052406
0.06423885 0.2460306 0.06728235 0.314097 1.245058 0.0996486 0.2306876 1.245759 0.07867167 0.2015057
0.06424341 0.2425168 0.06850066 0.3103014 1.245733 0.1002633 0.2362477 1.246599 0.07787661 0.1991289
0.06415937 0.2388355 0.06852134 0.3062047 1.245158 0.09990177 0.2248283 1.248671 0.07698874 0.1946728
0.06353019 0.2346342 0.06681935 0.3009615 1.24417 0.09888671 0.2187165 1.247476 0.0757798 0.1885716
0.06274808 0.2309432 0.06774869 0.2977574 1.244576 0.09856045 0.2158878 1.248209 0.07459778 0.1842536
0.06198516 0.2268382 0.07004611 0.2926436 1.242454 0.09623232 0.1911117 1.24875 0.07345258 0.1807434
0.06141669 0.2222644 0.06696864 0.287683 1.242076 0.09711149 0.1999398 1.248585 0.07206618 0.1777982
0.0606488 0.2164123 0.06782067 0.2831108 1.239769 0.09382924 0.190698 1.244661 0.0704051 0.1730161
0.05929912 0.2125419 0.0650317 0.2768154 1.238364 0.09583444 0.1984657 1.246749 0.06922857 0.1693824
0.05840192 0.2087809 0.06438312 0.2728972 1.240608 0.09399086 0.1882194 1.246043 0.068205 0.1661123
0.05787644 0.2046911 0.06347107 0.2690816 1.238052 0.09347914 0.1720972 1.250081 0.06715646 0.1629957
0.05723716 0.1992722 0.06324926 0.2652727 1.237567 0.09298223 0.1842878 1.245957 0.06623072 0.1601179
0.05564089 0.1955823 0.06310014 0.2601703 1.23601 0.08959555 0.1668749 1.245143 0.06511041 0.1570712
0.0546515 0.1915679 0.06266084 0.2557973 1.235159 0.08650433 0.1487193 1.247816 0.06428435 0.1472691
0.05415558 0.1867493 0.0631489 0.2524395 1.236757 0.08830763 0.159897 1.246781 0.06352604 0.1433311
0.05270591 0.182002 0.06161393 0.2464066 1.236496 0.08747355 0.1557646 1.248503 0.06291826 0.1404717
0.05143699 0.1762496 0.06057112 0.241781 1.235424 0.08616494 0.1527974 1.248933 0.06194935 0.1366529
0.05093284 0.1727226 0.05924183 0.2372284 1.236181 0.08592495 0.1379714 1.254772 0.0602369 0.1366577
0.05017678 0.1674032 0.05869322 0.2330015 1.23411 0.0838678 0.141874 1.24915 0.05872686 0.1273082
0.04947632 0.1636166 0.0608568 0.2288252 1.234769 0.08196154 0.1313921 1.252087 0.05813732 0.1199275
0.0488404 0.159008 0.05973602 0.2262025 1.236812 0.08289637 0.1363752 1.251506 0.05778566 0.1147539
0.04812681 0.1555931 0.05780045 0.2224493 1.237338 0.07896856 0.121648 1.250946 0.05720843 0.1129928
0.0478202 0.152824 0.0597739 0.2211797 1.237603 0.08183388 0.1313721 1.251353 0.05665649 0.1113482
0.04733692 0.1513184 0.0601862 0.2193506 1.236929 0.0794243 0.1201382 1.252031 0.05590754 0.1087481
0.04703959 0.1492395 0.05753324 0.2169332 1.237075 0.08153053 0.1297267 1.251364 0.05566398 0.1050309
0.04698542 0.1492058 0.05694055 0.2169148 1.238637 0.07800692 0.1199641 1.25139 0.05552726 0.10251
0.04668123 0.1476597 0.05747103 0.2162845 1.238814 0.07791786 0.1177891 1.251283 0.05537208 0.1023227
0.04688578 0.1476315 0.05878286 0.2166073 1.238279 0.07928772 0.1204278 1.252435 0.05524452 0.1023857
0.04733037 0.1478913 0.057878 0.2168941 1.239198 0.08046824 0.1269551 1.251823 0.05529329 0.1018623
0.04821656 0.14833 0.05766095 0.2170185 1.239906 0.08064912 0.125748 1.252463 0.05527796 0.1018939
0.04970238 0.1490838 0.05933605 0.2171465 1.239613 0.08046778 0.1247169 1.251966 0.05531222 0.1021226
0.05110458 0.1483739 0.0621353 0.2186449 1.239197 0.08151136 0.123349 1.252261 0.05557014 0.1023766
0.05346384 0.1492185 0.06275871 0.2187376 1.238414 0.08410023 0.1258585 1.253125 0.05584938 0.1025654
0.05532031 0.1490115 0.0657401 0.2178854 1.23968 0.08682302 0.1251702 1.254944 0.056459 0.1027325
0.05762714 0.1492413 0.06596293 0.2186481 1.239464 0.08754972 0.1198062 1.250814 0.0577929 0.1033829
0.06028362 0.1493596 0.06985545 0.218906 1.240368 0.09253414 0.1220815 1.254517 0.05898584 0.1038629
0.06292786 0.1495449 0.07288012 0.2187627 1.241976 0.09592423 0.1305831 1.255545 0.06123207 0.1032229
0.06539845 0.150132 0.07394661 0.2201028 1.243157 0.09845599 0.1278574 1.257076 0.06305178 0.1040768
0.06876009 0.1507239 0.077984 0.2206745 1.243137 0.09756239 0.1169969 1.255949 0.06759831 0.1027987
0.07222346 0.1510211 0.07864296 0.2197905 1.242493 0.1051655 0.1361536 1.254045 0.07111696 0.101997
0.07602308 0.1525075 0.08410579 0.2224362 1.243403 0.1107496 0.1396165 1.256505 0.07469209 0.1025089
0.07888078 0.1526496 0.08658479 0.2231633 1.244511 0.1128506 0.1373548 1.255106 0.07761192 0.1021512
0.08187252 0.1526898 0.09215263 0.2230775 1.243329 0.1145814 0.1303373 1.256386 0.08020346 0.1022968
0.08492853 0.1529201 0.09669904 0.2225729 1.245314 0.1175311 0.1251509 1.25835 0.08330426 0.1022846
0.0890949 0.15353 0.1030415 0.2229009 1.24511 0.1206509 0.1231254 1.259079 0.08670085 0.1023806
0.09311234 0.1547813 0.1039482 0.2238735 1.246295 0.1240473 0.1203549 1.262627 0.0901379 0.1036849
0.09767476 0.155058 0.1101024 0.2240207 1.246499 0.1392897 0.15848 1.276158 0.09359678 0.1041264
0.1018763 0.1553832 0.1128025 0.2240941 1.247198 0.1297788 0.1158265 1.263371 0.09699523 0.1038585
0.1059176 0.1553486 0.1181891 0.2247831 1.247764 0.1364886 0.1261976 1.265725 0.1009677 0.1044534
0.1107772 0.1554608 0.1235367 0.225746 1.249225 0.1422546 0.123816 1.269176 0.104808 0.1053936
0.1159106 0.1562846 0.1303525 0.226849 1.249689 0.1420806 0.1104944 1.268108 0.1086629 0.1064838
0.1212086 0.1581421 0.1337213 0.2277222 1.251742 0.1603409 0.1326799 1.28275 0.1126014 0.1073198
0.1269137 0.1590037 0.1387143 0.2287675 1.251168 0.164736 0.1385665 1.27771 0.1173753 0.1087406
0.1324128 0.1591496 0.1465636 0.2294135 1.251422 0.1724784 0.1422131 1.287643 0.1222169 0.1097525
0.1384773 0.1593364 0.1530171 0.2307147 1.25434 0.1780439 0.1424345 1.28653 0.1285768 0.1098311
0.1438743 0.1604048 0.1561032 0.2310154 1.254296 0.1861145 0.1667507 1.290556 0.1340455 0.1099172
0.1496459 0.1607938 0.1637329 0.2313644 1.256384 0.1741626 0.1143171 1.273542 0.1387776 0.1103688
0.1549262 0.1607591 0.1695397 0.2315044 1.256654 0.1954679 0.1588298 1.291833 0.1434976 0.1098167
0.1601086 0.1609671 0.1702093 0.23145 1.26014 0.1981781 0.1516371 1.2835 0.1482811 0.1094801
0.1656525 0.161101 0.1764576 0.2314103 1.260883 0.2025179 0.1390719 1.285536 0.1529726 0.1087603
0.1709834 0.1614293 0.1830072 0.2310792 1.262619 0.2049207 0.1321374 1.284954 0.1574274 0.1084397
0.1762739 0.1622319 0.1872417 0.231229 1.26555 0.2112878 0.1321949 1.289778 0.1622158 0.1076605
0.1810313 0.1605203 0.1909458 0.2298831 1.2684 0.2161013 0.1335039 1.291278 0.1670316 0.1070645
0.1859514 0.160863 0.1970016 0.2297276 1.268928 0.2211406 0.1375891 1.291421 0.1705902 0.1065545
0.1903473 0.1610141 0.2034071 0.2296218 1.268256 0.2213966 0.1235763 1.289048 0.1747461 0.1053187
0.194151 0.1605585 0.2078381 0.229341 1.270597 0.2286173 0.1334549 1.291043 0.1782384 0.1043945
0.1973203 0.1604286 0.2106481 0.2294021 1.271002 0.2297082 0.124484 1.293206 0.1815687 0.1026992
0.2013681 0.1602954 0.2138061 0.2285461 1.270649 0.2324235 0.1199537 1.292368 0.1844235 0.1013652
0.2060266 0.1597747 0.2206118 0.2292359 1.271489 0.2364328 0.1198607 1.292622 0.1877548 0.09950256
0.2108327 0.1592327 0.2260148 0.2280388 1.268972 0.2417598 0.1269682 1.290521 0.1906067 0.09795407
0.21445 0.158475 0.2301089 0.2262539 1.269452 0.2418725 0.1152495 1.289261 0.1928424 0.09696615
0.2152763 0.1585794 0.2318854 0.2252551 1.269493 0.2410267 0.1100423 1.287487 0.1943076 0.09623621
0.2131868 0.1585876 0.2318859 0.2258716 1.269857 0.2384899 0.1121508 1.285963 0.1949195 0.09605101
0.2094653 0.1592094 0.2287603 0.2273865 1.268733 0.2337974 0.1112721 1.283321 0.1949774 0.0959829
0.2045526 0.1591818 0.2230142 0.2276365 1.267992 0.2283934 0.1127832 1.280367 0.1947825 0.0962959
0.1975902 0.1588136 0.2167981 0.2285612 1.265252 0.2204875 0.1128008 1.27735 0.1933696 0.09748624
0.1907633 0.1596856 0.2106138 0.2298782 1.264798 0.2142259 0.1136162 1.276714 0.1896121 0.1015239
0.1836331 0.1625227 0.2040138 0.2339546 1.265389 0.2087177 0.124929 1.273953 0.1849963 0.1049583
0.1757299 0.1655668 0.1962684 0.2370082 1.262655 0.1993752 0.1158203 1.273556 0.178818 0.1084637
0.167775 0.166399 0.1864996 0.2377477 1.264262 0.192238 0.1218681 1.272354 0.1730441 0.111663
0.1603029 0.1716561 0.1781011 0.2426633 1.262743 0.1857307 0.1237499 1.271 0.1667175 0.1151252
0.1532586 0.172785 0.1707909 0.2436378 1.264601 0.182795 0.1346395 1.26995 0.1614131 0.1169629
0.1459648 0.175755 0.1626878 0.2462456 1.262741 0.1735869 0.1335414 1.269536 0.154852 0.1211365
0.1385162 0.1780617 0.1564924 0.2490682 1.260178 0.1675879 0.1351509 1.266919 0.1489329 0.1231159
0.1310759 0.1786186 0.1480646 0.2490602 1.259868 0.1594212 0.1374643 1.264289 0.141134 0.12507
0.1234237 0.181347 0.1381585 0.2512601 1.258038 0.1508522 0.1364755 1.263105 0.1343977 0.1273505
0.1155108 0.1833183 0.1319491 0.2539693 1.254692 0.1427165 0.1386266 1.260782 0.1276173 0.1289658
0.1072046 0.1836322 0.1213086 0.2542228 1.253873 0.1360436 0.1436714 1.258021 0.1196243 0.1303681
0.09934861 0.1853303 0.1145802 0.2561217 1.248403 0.1276548 0.1389553 1.256684 0.1134724 0.1308662
0.09080223 0.1851757 0.1038088 0.2564885 1.248109 0.1213979 0.1460566 1.249441 0.1063927 0.1319647
0.08253138 0.1846725 0.0944433 0.256746 1.243897 0.1158966 0.1497388 1.251413 0.09876917 0.1328043
0.07404698 0.1869341 0.08514923 0.2569122 1.242978 0.1059872 0.1444799 1.248582 0.09123857 0.1334991
0.06618968 0.1868104 0.07503542 0.2571699 1.243402 0.09763115 0.1448748 1.250492 0.07821091 0.1406886
0.05893539 0.1850149 0.06697074 0.2558593 1.242932 0.09172486 0.1537702 1.247513 0.07527717 0.1393815
0.05187558 0.1851576 0.05891033 0.2558758 1.240509 0.0858537 0.1538365 1.246676 0.06722736 0.1416935
0.04453395 0.1867714 0.05483219 0.2565542 1.238389 0.07854047 0.1549406 1.241744 0.06127425 0.1421333
0.03685927 0.1844375 0.04511788 0.2543214 1.235016 0.07118405 0.1568665 1.239924 0.05367634 0.142845
0.0290309 0.1836417 0.03646176 0.2539368 1.234062 0.06242914 0.1476515 1.238864 0.04758151 0.1373905
0.02156279 0.1836276 0.02744644 0.2538362 1.233088 0.05703468 0.1467929 1.238658 0.04183275 0.133169
0.01432014 0.1834473 0.02069269 0.2526118 1.230996 0.04853738 0.1603519 1.23464 0.03488095 0.1316441
0.00656673 0.1829005 0.01098781 0.2530179 1.23039 0.04185509 0.1679938 1.231349 0.027984 0.1305114
-0.001290507 0.1813272 0.003113012 0.2516993 1.230367 0.0388756 0.1939851 1.215429 0.02139908 0.1302257
-0.009103646 0.1805907 -0.004596152 0.2505359 1.228328 0.02666147 0.1701674 1.229944 0.01014585 0.1348471
-0.01624273 0.178488 -0.01358872 0.2492863 1.228752 0.01938815 0.1765559 1.228258 0.005926061 0.1343005
-0.02331107 0.1787784 -0.02039462 0.248831 1.228271 0.01247182 0.1744145 1.228 -0.0001734904 0.1341811
-0.0291681 0.1773148 -0.02738561 0.2466838 1.228869 0.006560002 0.1738718 1.226476 -0.005392988 0.1348705
-0.0291681 0.1773148 -0.02738561 0.2466838 1.228869 0.006560002 0.1738718 1.226476 -0.005392988 0.1348705
-0.0291681 0.1773148 -0.02738561 0.2466838 1.228869 0.006560002 0.1738718 1.226476 -0.005392988 0.1348705
-0.0291681 0.1773148 -0.02738561 0.2466838 1.228869 0.006560002 0.1738718 1.226476 -0.005392988 0.1348705
-0.03469845 0.17368 -0.03525792 0.2419609 1.230416 -0.0007066652 0.1662252 1.225918 -0.01129032 0.1365836
-0.03917835 0.1740211 -0.03837764 0.2416913 1.227865 -0.005993918 0.152774 1.228031 -0.02736853 0.1482098
-0.03917835 0.1740211 -0.03837764 0.2416913 1.227865 -0.005993918 0.152774 1.228031 -0.02736853 0.1482098
-0.03917835 0.1740211 -0.03837764 0.2416913 1.227865 -0.005993918 0.152774 1.228031 -0.02736853 0.1482098
-0.04344202 0.1739364 -0.04384214 0.2409775 1.229772 -0.00884119 0.172125 1.22624 -0.02889421 0.1488023
-0.04698036 0.1720372 -0.0484498 0.2382898 1.230732 -0.0121545 0.175713 1.225042 -0.03336979 0.1512727
-0.04698036 0.1720372 -0.0484498 0.2382898 1.230732 -0.0121545 0.175713 1.225042 -0.03336979 0.1512727
-0.04698036 0.1720372 -0.0484498 0.2382898 1.230732 -0.0121545 0.175713 1.225042 -0.03336979 0.1512727
-0.05075912 0.1742361 -0.05218601 0.2418885 1.230127 -0.01555017 0.1748523 1.223989 -0.03639802 0.1532404
-0.05364483 0.1775095 -0.05361987 0.2466301 1.228209 -0.01797793 0.1824372 1.223725 -0.04017258 0.1553411
-0.05364483 0.1775095 -0.05361987 0.2466301 1.228209 -0.01797793 0.1824372 1.223725 -0.04017258 0.1553411
-0.05364483 0.1775095 -0.05361987 0.2466301 1.228209 -0.01797793 0.1824372 1.223725 -0.04017258 0.1553411
-0.05568556 0.1772749 -0.05546305 0.2464211 1.228247 -0.02158006 0.1674127 1.225096 -0.0421099 0.1564421
-0.05668861 0.1773238 -0.05712936 0.2457884 1.227483 -0.02127261 0.1805052 1.222096 -0.04353962 0.1571291
-0.05668861 0.1773238 -0.05712936 0.2457884 1.227483 -0.02127261 0.1805052 1.222096 -0.04353962 0.1571291
-0.05668861 0.1773238 -0.05712936 0.2457884 1.227483 -0.02127261 0.1805052 1.222096 -0.04353962 0.1571291
-0.05658787 0.1795304 -0.05603021 0.2490075 1.22785 -0.02024457 0.1784098 1.22431 -0.04437957 0.1575655
-0.05465894 0.1793772 -0.05528029 0.248861 1.227858 -0.01770735 0.1808526 1.225217 -0.04490721 0.1578903
-0.05218592 0.1784829 -0.05177998 0.248028 1.226051 -0.01622353 0.1804986 1.223805 -0.04495462 0.1578885
-0.04938953 0.1762958 -0.05004799 0.2467815 1.22591 -0.01462334 0.1730273 1.224559 -0.04483937 0.1578793
-0.04543991 0.1755933 -0.04660359 0.2463417 1.22642 -0.009488893 0.1698889 1.226401 -0.04412794 0.1575286
-0.04130819 0.1729649 -0.04268864 0.2434353 1.22598 -0.004797441 0.1677209 1.227061 -0.03732125 0.1503962
-0.03598643 0.1722591 -0.03808885 0.2427192 1.225134 0.0003577156 0.1663261 1.228448 -0.03158179 0.146
-0.03598643 0.1722591 -0.03808885 0.2427192 1.225134 0.0003577156 0.1663261 1.228448 -0.03158179 0.146
-0.03598643 0.1722591 -0.03808885 0.2427192 1.225134 0.0003577156 0.1663261 1.228448 -0.03158179 0.146
-0.03111294 0.1711565 -0.03137434 0.2422224 1.2238 0.00581064 0.1678021 1.2267 -0.02578352 0.1418969
-0.02499298 0.1707962 -0.02693173 0.2418309 1.225295 0.01226299 0.1702604 1.228493 -0.02127668 0.1391778
-0.02499298 0.1707962 -0.02693173 0.2418309 1.225295 0.01226299 0.1702604 1.228493 -0.02127668 0.1391778
-0.02499298 0.1707962 -0.02693173 0.2418309 1.225295 0.01226299 0.1702604 1.228493 -0.02127668 0.1391778
-0.01893351 0.1686747 -0.02276515 0.2388413 1.226363 0.01650923 0.1639161 1.228885 -0.01491637 0.1349982
-0.01893351 0.1686747 -0.02276515 0.2388413 1.226363 0.01650923 0.1639161 1.228885 -0.01491637 0.1349982
-0.01893351 0.1686747 -0.02276515 0.2388413 1.226363 0.01650923 0.1639161 1.228885 -0.01491637 0.1349982
-0.01377489 0.1675033 -0.01490861 0.2384839 1.225846 0.02265743 0.1681453 1.228613 -0.009788343 0.1316004
-0.007426748 0.1667133 -0.008158267 0.2382975 1.22484 0.02934258 0.1662754 1.23131 -0.005446545 0.1294402
-0.007426748 0.1667133 -0.008158267 0.2382975 1.22484 0.02934258 0.1662754 1.23131 -0.005446545 0.1294402
-0.007426748 0.1667133 -0.008158267 0.2382975 1.22484 0.02934258 0.1662754 1.23131 -0.005446545 0.1294402
-0.001869666 0.1662689 -0.001476396 0.2366794 1.225079 0.03400082 0.1634982 1.232106 -8.067829E-05 0.1270345
0.003596652 0.1657382 0.004760107 0.2355558 1.225603 0.03940015 0.162969 1.232171 0.00501566 0.1246862
0.003596652 0.1657382 0.004760107 0.2355558 1.225603 0.03940015 0.162969 1.232171 0.00501566 0.1246862
0.009465353 0.1639385 0.01157437 0.2342163 1.226757 0.04488468 0.1566103 1.234429 0.009194237 0.1233653
0.01412615 0.1626737 0.01543446 0.2328332 1.225962 0.05005444 0.1569295 1.234809 0.01408156 0.1218434
0.01967876 0.1628103 0.02182653 0.23358 1.228317 0.05292578 0.147062 1.235195 0.02123391 0.1176862
0.02496138 0.1615659 0.02794137 0.2322129 1.228191 0.06101883 0.1574187 1.238506 0.02608324 0.116582
0.0301594 0.1607592 0.03434166 0.232248 1.228739 0.06417812 0.148827 1.237898 0.03165653 0.1149087
0.03611679 0.1612176 0.04219477 0.2325972 1.229103 0.07088675 0.14832 1.241423 0.03765779 0.1136634
0.04155341 0.1610602 0.04628651 0.2315425 1.229604 0.07593925 0.1452736 1.243441 0.04208861 0.1136692
0.04652502 0.160753 0.05173328 0.2319627 1.23043 0.08167573 0.1473552 1.245019 0.0458033 0.1141295
0.05278732 0.1612246 0.05657932 0.2311212 1.233513 0.0882652 0.1537475 1.247225 0.05026672 0.114538
0.05767521 0.1616964 0.06366958 0.2322065 1.234847 0.09225842 0.1483292 1.247907 0.05707683 0.1136672
0.06353188 0.1643831 0.0694937 0.2343843 1.233883 0.09796482 0.1511131 1.248981 0.06126982 0.1153994
0.06955352 0.1648741 0.07505785 0.2353579 1.237261 0.1045466 0.1561614 1.250693 0.06788287 0.1148324
0.07613876 0.165107 0.08089948 0.2355225 1.238072 0.109075 0.1438124 1.249682 0.07321361 0.1147357
0.08053539 0.1662685 0.08793501 0.2370693 1.240986 0.1156906 0.1498859 1.253712 0.07775927 0.1156438
0.08543564 0.1662927 0.09555182 0.2371896 1.240193 0.1187267 0.1380958 1.255276 0.08147082 0.1161152
0.09242935 0.1671286 0.1033273 0.2372718 1.239651 0.1248459 0.1360594 1.257013 0.08637974 0.1164684
0.09861881 0.1673139 0.1082756 0.2365564 1.242303 0.1393848 0.1699623 1.268792 0.09123062 0.1168783
0.1044756 0.167398 0.1153314 0.2362474 1.244195 0.1351202 0.1345846 1.262 0.095843 0.116591
0.1101924 0.1668787 0.1201192 0.2358781 1.246208 0.1404999 0.1341158 1.26408 0.101116 0.1166369
0.1160908 0.1668593 0.1267556 0.2358855 1.246571 0.1547123 0.1611487 1.270105 0.1058864 0.1168893
0.1219426 0.1665541 0.1360299 0.2354791 1.246473 0.1616648 0.1647784 1.27475 0.1110765 0.1167015
0.1275225 0.1663542 0.1430462 0.2363792 1.247685 0.1670258 0.1558433 1.278684 0.1159013 0.1169991
0.1330246 0.1661807 0.1478749 0.235559 1.248752 0.1713768 0.1498714 1.281105 0.1207809 0.1170204
0.138225 0.164873 0.1515088 0.2348675 1.25162 0.1756216 0.1572025 1.276629 0.1254438 0.1171892
0.1436068 0.1650902 0.1569178 0.2341854 1.251314 0.1833837 0.1663106 1.281217 0.1297389 0.1171796
0.1480746 0.1645468 0.1627225 0.2336282 1.252177 0.1851497 0.1531123 1.278633 0.1365836 0.1143262
0.1531926 0.1644185 0.1671173 0.2330497 1.253848 0.1952526 0.1767125 1.28675 0.1410025 0.113787
0.1583559 0.1636793 0.1719311 0.2325463 1.255624 0.1954072 0.1509607 1.283812 0.1444499 0.1143892
0.1639706 0.1624106 0.1779461 0.2323748 1.25648 0.2026201 0.1593497 1.287083 0.1484844 0.113586
0.1694446 0.1609363 0.1858033 0.2298967 1.25764 0.2053744 0.1478107 1.286657 0.1543217 0.1106667
0.1744842 0.160123 0.1893342 0.2296148 1.259078 0.2122822 0.1573929 1.285267 0.158703 0.1097185
0.1801015 0.1599889 0.1938779 0.2296959 1.259177 0.2165205 0.1467675 1.290333 0.1632856 0.1089398
0.1852634 0.1582223 0.2017478 0.2279834 1.259924 0.2212136 0.1469266 1.28875 0.1675447 0.107871
0.1913616 0.1597475 0.2071104 0.2285682 1.264202 0.2269424 0.1473389 1.291412 0.1732049 0.1060314
0.1967001 0.1608973 0.211968 0.2290647 1.265161 0.2319328 0.1442554 1.293962 0.1773912 0.108521
0.202242 0.1616676 0.2195684 0.2305091 1.267889 0.2353746 0.1392945 1.295176 0.181854 0.1104902
0.2071261 0.1616918 0.223267 0.2291607 1.270651 0.2405178 0.142545 1.295892 0.1866917 0.1065638
0.2119736 0.1625068 0.2290059 0.2305839 1.272206 0.2444239 0.1367851 1.298852 0.1902631 0.1043384
0.2161367 0.1629272 0.2327053 0.2317038 1.272782 0.2457133 0.1337895 1.295929 0.1939331 0.1032912
0.2202416 0.1636148 0.2368921 0.2321277 1.274858 0.2508888 0.1339212 1.300759 0.1968977 0.1019908
0.2236023 0.1642663 0.2403818 0.2335724 1.276117 0.2545489 0.1375501 1.300207 0.1995588 0.1013433
0.2265898 0.165031 0.2439505 0.2343081 1.277133 0.2548691 0.1341274 1.297324 0.2018453 0.1007223
0.2296458 0.1669824 0.2476898 0.2359398 1.278195 0.2602334 0.1402929 1.301 0.2041672 0.1007383
0.2319876 0.1674947 0.2509587 0.237144 1.278285 0.2615941 0.1350614 1.30325 0.2066267 0.1011689
0.2348347 0.1681436 0.2539295 0.2383805 1.279449 0.2645027 0.1366315 1.304037 0.2089943 0.1019435
0.2374839 0.1691293 0.2562478 0.2387295 1.281412 0.2695188 0.1471623 1.306044 0.2115563 0.1033332
0.2394687 0.1707668 0.2580779 0.2399024 1.282014 0.2654846 0.1356615 1.303192 0.2135655 0.1041968
0.2420454 0.1715394 0.260147 0.2406986 1.282278 0.2675258 0.1323142 1.302711 0.2152226 0.1048395
0.2446281 0.1720827 0.2630838 0.2420728 1.282203 0.2751859 0.1406552 1.31065 0.2165279 0.1051248
0.2472294 0.1727508 0.2649903 0.2428184 1.282115 0.2816682 0.153011 1.313 0.2180201 0.1054605
0.2500248 0.174837 0.2685353 0.2437318 1.283621 0.2759775 0.1389509 1.304376 0.2198823 0.1061854
0.2530681 0.1752908 0.2706568 0.2442409 1.282734 0.28332 0.1487747 1.305636 0.2219036 0.1069448
0.2565837 0.1754379 0.2751306 0.2447772 1.283019 0.2836769 0.139329 1.304237 0.2242747 0.107532
0.2605919 0.1756031 0.2784831 0.2453168 1.284088 0.2889284 0.1429223 1.307474 0.2399989 0.117187
0.2644665 0.1763029 0.2822315 0.2447672 1.285449 0.2919504 0.1413603 1.307632 0.2430597 0.118458
0.2676488 0.1766107 0.2857287 0.2461262 1.286624 0.297543 0.1437164 1.31192 0.2462628 0.1197403
0.2706632 0.1775568 0.2883226 0.2473243 1.288398 0.3010741 0.1538818 1.308849 0.248724 0.1205182
0.2729287 0.1789303 0.291122 0.2474112 1.287996 0.3036497 0.1466893 1.312944 0.2509194 0.1210286
0.2752213 0.1792728 0.2935222 0.2483709 1.287721 0.3047711 0.142541 1.3124 0.2524782 0.1213289
0.2768584 0.1796547 0.2961135 0.2493155 1.289357 0.3016476 0.1411618 1.30693 0.2541023 0.121903
0.2776645 0.1802796 0.2955703 0.249739 1.289985 0.3040876 0.1437343 1.308232 0.255569 0.1224262
0.2794946 0.1827655 0.2972206 0.2523254 1.29127 0.3054315 0.1377933 1.310893 0.2569651 0.1230515
0.2802503 0.1833917 0.2985177 0.2531684 1.289561 0.3035742 0.1436152 1.306351 0.2578272 0.1233181
0.2805879 0.1835178 0.2991313 0.2534533 1.290734 0.3029337 0.1427259 1.305723 0.2590463 0.1240916
0.2800426 0.1840401 0.2994612 0.2540543 1.291613 0.3093748 0.1414249 1.316182 0.259575 0.1245797
0.2778936 0.1839993 0.2977135 0.2542012 1.290968 0.3027382 0.1420097 1.307029 0.2599062 0.1250534
0.2752639 0.1834814 0.2942325 0.2539701 1.288974 0.3048291 0.1476343 1.312262 0.2599688 0.1253909
0.2718922 0.1834572 0.2914642 0.2535862 1.288039 0.2979069 0.1468698 1.30259 0.2597366 0.1256953
0.2677241 0.1826437 0.2880192 0.2531773 1.286398 0.2910891 0.1374771 1.299462 0.2589091 0.1262481
0.2625799 0.1817222 0.2816878 0.253122 1.283579 0.2752562 0.1267091 1.29225 0.25693 0.1267294
0.2570511 0.1836326 0.276373 0.2534875 1.284108 0.2812626 0.1346353 1.295355 0.2425953 0.1206152
0.2508526 0.183247 0.2705762 0.252638 1.283228 0.2744249 0.1359961 1.293538 0.2398824 0.120172
0.244076 0.1831321 0.2623609 0.253921 1.279038 0.2674653 0.1347664 1.289854 0.234831 0.1195953
0.2373899 0.1817289 0.2565424 0.2525288 1.279491 0.2609033 0.1349763 1.289562 0.2298566 0.1186735
0.2309505 0.1815562 0.2496385 0.252572 1.279597 0.2550035 0.1317486 1.289455 0.2255867 0.1190006
0.2245247 0.1833544 0.24225 0.2542052 1.27895 0.2489729 0.1362397 1.288073 0.2208202 0.1195984
0.217706 0.1836327 0.235098 0.2544579 1.279257 0.2415862 0.1364817 1.287222 0.2153803 0.1196189
0.2105561 0.1841768 0.2278505 0.2560508 1.276564 0.2325577 0.1317839 1.285522 0.2101494 0.1201212
0.2042758 0.1848719 0.2202609 0.256507 1.277075 0.2291927 0.1321062 1.286286 0.2050047 0.1207341
0.1980102 0.187593 0.2137152 0.2584467 1.27719 0.2196063 0.1347284 1.285572 0.1940429 0.1192821
0.1915054 0.1880365 0.2068775 0.2599153 1.277221 0.217408 0.1409438 1.282855 0.1905241 0.1229497
0.1851699 0.1887027 0.1991207 0.2604927 1.279004 0.2117978 0.1402694 1.285096 0.184704 0.1288197
0.1782923 0.1886958 0.1915767 0.2596289 1.277213 0.1934709 0.1364419 1.280483 0.1812562 0.1297377
0.1721571 0.1905626 0.1858306 0.2613001 1.276855 0.1991897 0.1434209 1.281261 0.1770891 0.1310112
0.1664331 0.1911178 0.1788109 0.2626391 1.278837 0.194024 0.1447302 1.28288 0.1731675 0.1319314
0.1596094 0.1915146 0.1728959 0.2633415 1.277617 0.1816123 0.1412043 1.281802 0.1686835 0.1325536
0.1531138 0.1918999 0.1664103 0.2628339 1.277312 0.1814116 0.1430514 1.282979 0.1593138 0.135076
0.1467458 0.1932309 0.1602714 0.2638209 1.277745 0.1741983 0.1413103 1.280864 0.1536928 0.1365993
0.1402494 0.1938443 0.1549842 0.2656609 1.276624 0.1688998 0.1454881 1.28296 0.1484594 0.1376047
0.1337705 0.194291 0.1456569 0.2644724 1.278099 0.1628974 0.1492188 1.282 0.1449755 0.1374185
0.1275492 0.1949628 0.1391819 0.2649684 1.279711 0.1555387 0.1540336 1.282874 0.1380749 0.1386296
0.1208686 0.1954339 0.1337262 0.2669464 1.277178 0.1487648 0.146117 1.28407 0.1328284 0.139097
0.1151245 0.1955836 0.1266945 0.2675728 1.278859 0.1474922 0.1555769 1.280639 0.1271926 0.139366
0.1090274 0.1976486 0.1197647 0.2676863 1.278146 0.1381453 0.1523392 1.283223 0.1211567 0.1399268
0.1022205 0.1976697 0.1128175 0.2679945 1.277328 0.1313855 0.1464178 1.282166 0.1149192 0.1408072
0.0954091 0.1978902 0.1056373 0.2681597 1.276975 0.1297927 0.2014815 1.265385 0.1096518 0.1410964
0.08859094 0.1977983 0.09875762 0.2685046 1.276014 0.1184759 0.1488229 1.279585 0.1046843 0.1415103
0.08258087 0.1967838 0.09213535 0.2676648 1.272693 0.117807 0.1505408 1.278983 0.09884416 0.1409376
0.07456349 0.1973255 0.08370683 0.2672814 1.274158 0.1082116 0.160183 1.275875 0.09282409 0.14157
0.06743369 0.1983295 0.07701211 0.2672067 1.273099 0.0979731 0.1525722 1.278203 0.08124399 0.1464736
0.06035721 0.196366 0.0705346 0.2657528 1.271217 0.09396174 0.1630489 1.274886 0.07783457 0.1443987
0.05366106 0.1948872 0.06312936 0.2648991 1.269088 0.08765873 0.16334 1.273392 0.07304645 0.1424647
0.04689723 0.1945717 0.05525466 0.2633482 1.26981 0.07821149 0.1512329 1.275 0.06446148 0.1447462
0.04082344 0.1942503 0.04962394 0.2629326 1.267822 0.07200935 0.1522906 1.271334 0.06056173 0.1423373
0.03495485 0.1922024 0.04299122 0.2616896 1.266773 0.06766707 0.1512218 1.272236 0.05571898 0.1390762
0.0289363 0.1913749 0.03593697 0.2607737 1.267269 0.06149896 0.1535237 1.270325 0.04576079 0.1411945
0.02179189 0.1914903 0.03023976 0.2607664 1.26367 0.05252181 0.1476395 1.268058 0.04237181 0.1383836
0.01499392 0.1899093 0.02237248 0.2594314 1.262976 0.04833595 0.1542275 1.264555 0.03370128 0.1399944
0.008315324 0.1915408 0.01493814 0.2604708 1.263307 0.04134218 0.1549778 1.264632 0.03010382 0.1384935
0.001574696 0.1914642 0.009079381 0.2602175 1.262064 0.03537114 0.1694061 1.259013 0.02503674 0.1367493
0.001574696 0.1914642 0.009079381 0.2602175 1.262064 0.03537114 0.1694061 1.259013 0.02503674 0.1367493
0.001574696 0.1914642 0.009079381 0.2602175 1.262064 0.03537114 0.1694061 1.259013 0.02503674 0.1367493
-0.004328444 0.1911283 0.002261768 0.2601631 1.261454 0.02972727 0.1637284 1.260069 0.01919941 0.1348929
-0.009834739 0.1914948 -0.005495368 0.2603463 1.261404 0.02056098 0.1439898 1.261905 0.01395661 0.1334901
-0.009834739 0.1914948 -0.005495368 0.2603463 1.261404 0.02056098 0.1439898 1.261905 0.01395661 0.1334901
-0.009834739 0.1914948 -0.005495368 0.2603463 1.261404 0.02056098 0.1439898 1.261905 0.01395661 0.1334901
-0.01488563 0.191409 -0.01052233 0.2610888 1.261732 0.01864395 0.176245 1.254738 0.00963669 0.1327946
-0.01994469 0.1913965 -0.01702392 0.2609106 1.26054 0.01385222 0.1735452 1.255898 0.005106509 0.131852
-0.01994469 0.1913965 -0.01702392 0.2609106 1.26054 0.01385222 0.1735452 1.255898 0.005106509 0.131852
-0.01994469 0.1913965 -0.01702392 0.2609106 1.26054 0.01385222 0.1735452 1.255898 0.005106509 0.131852
-0.01994469 0.1913965 -0.01702392 0.2609106 1.26054 0.01385222 0.1735452 1.255898 0.005106509 0.131852
-0.02450597 0.1901233 -0.02149726 0.2599154 1.260685 0.008601695 0.1832351 1.252914 -6.954967E-05 0.1326032
-0.02818107 0.190032 -0.02628747 0.2603493 1.260582 0.004911596 0.1842685 1.251805 -0.004085234 0.1335492
-0.02818107 0.190032 -0.02628747 0.2603493 1.260582 0.004911596 0.1842685 1.251805 -0.004085234 0.1335492
-0.02818107 0.190032 -0.02628747 0.2603493 1.260582 0.004911596 0.1842685 1.251805 -0.004085234 0.1335492
-0.03111799 0.1899193 -0.02979249 0.2600196 1.261228 0.002920141 0.1748303 1.255204 -0.007564927 0.1350067
-0.03244347 0.1880902 -0.03304368 0.2575693 1.261586 0.0001620151 0.1877377 1.25311 -0.009836929 0.1355961
-0.03244347 0.1880902 -0.03304368 0.2575693 1.261586 0.0001620151 0.1877377 1.25311 -0.009836929 0.1355961
-0.03244347 0.1880902 -0.03304368 0.2575693 1.261586 0.0001620151 0.1877377 1.25311 -0.009836929 0.1355961
-0.03315021 0.1879053 -0.0333329 0.2569393 1.260058 0.001168524 0.1823721 1.252533 -0.01136357 0.1359826
-0.03168846 0.1874341 -0.0316261 0.256354 1.25835 0.003384456 0.1792367 1.252801 -0.01230313 0.1362681
-0.02907995 0.187273 -0.02920319 0.2564118 1.255913 0.005193309 0.179984 1.25275 -0.01245235 0.1361986
-0.02907995 0.187273 -0.02920319 0.2564118 1.255913 0.005193309 0.179984 1.25275 -0.01245235 0.1361986
-0.02560653 0.1864466 -0.02551686 0.2553437 1.254089 0.007124425 0.1791657 1.252289 -0.01219892 0.1358797
-0.02560653 0.1864466 -0.02551686 0.2553437 1.254089 0.007124425 0.1791657 1.252289 -0.01219892 0.1358797
-0.02112348 0.1857218 -0.02144092 0.2557463 1.25386 0.01015294 0.1812903 1.247451 -0.01132967 0.1352805
-0.01645171 0.1839945 -0.01645595 0.2548053 1.250479 0.01565746 0.1751082 1.246975 -0.008449281 0.1334059
-0.01645171 0.1839945 -0.01645595 0.2548053 1.250479 0.01565746 0.1751082 1.246975 -0.008449281 0.1334059
-0.01645171 0.1839945 -0.01645595 0.2548053 1.250479 0.01565746 0.1751082 1.246975 -0.008449281 0.1334059
-0.01081843 0.183455 -0.01020171 0.2545219 1.248791 0.02263369 0.1714975 1.248824 -0.005529219 0.1331805
-0.005064352 0.1823469 -0.004071163 0.2534555 1.246908 0.02858756 0.1693091 1.248735 -0.001366295 0.1313306
-0.005064352 0.1823469 -0.004071163 0.2534555 1.246908 0.02858756 0.1693091 1.248735 -0.001366295 0.1313306
-0.005064352 0.1823469 -0.004071163 0.2534555 1.246908 0.02858756 0.1693091 1.248735 -0.001366295 0.1313306
0.001251842 0.1813489 0.002287969 0.2522755 1.245463 0.03478293 0.1724763 1.246977 0.003981556 0.1294012
0.008166946 0.1806125 0.01029352 0.2507356 1.245287 0.04212865 0.1700219 1.248484 0.008106888 0.1321542
0.008166946 0.1806125 0.01029352 0.2507356 1.245287 0.04212865 0.1700219 1.248484 0.008106888 0.1321542
0.008166946 0.1806125 0.01029352 0.2507356 1.245287 0.04212865 0.1700219 1.248484 0.008106888 0.1321542
0.01538264 0.1786592 0.0178753 0.2482409 1.242844 0.0482908 0.1618788 1.246846 0.01768286 0.1266242
0.02167995 0.1779405 0.02552136 0.2472606 1.242948 0.05529111 0.1629118 1.246 0.0239349 0.1239544
0.02167995 0.1779405 0.02552136 0.2472606 1.242948 0.05529111 0.1629118 1.246 0.0239349 0.1239544
0.02167995 0.1779405 0.02552136 0.2472606 1.242948 0.05529111 0.1629118 1.246 0.0239349 0.1239544
0.02167995 0.1779405 0.02552136 0.2472606 1.242948 0.05529111 0.1629118 1.246 0.0239349 0.1239544
0.02838409 0.1770528 0.03119684 0.2464789 1.241696 0.06208954 0.156343 1.247794 0.03033021 0.1226593
0.03549862 0.1750768 0.04031661 0.2448828 1.23938 0.06867077 0.1565172 1.246463 0.03630358 0.1213153
0.0422137 0.174365 0.04639683 0.2441764 1.239251 0.07487281 0.1483162 1.247932 0.04193986 0.1203547
0.04885063 0.1738058 0.05488963 0.2434097 1.238422 0.08172906 0.1452609 1.250053 0.04706435 0.1199061
0.05560918 0.1737157 0.06275255 0.2426065 1.239005 0.08642897 0.1358334 1.249836 0.05379616 0.1200243
0.06209432 0.1731081 0.06816983 0.2419597 1.238423 0.09460611 0.1403769 1.251614 0.0593545 0.1194896
0.0685379 0.1713449 0.076071 0.2406898 1.237769 0.1022451 0.1548566 1.248136 0.06563525 0.1188906
0.07608948 0.1709067 0.08290182 0.2411935 1.237663 0.1052711 0.1328119 1.249445 0.07237857 0.1189087
0.0813934 0.1707397 0.08889669 0.2402483 1.239628 0.1143365 0.142674 1.2496 0.07725233 0.1186068
0.08773682 0.1711253 0.09770737 0.2400061 1.238725 0.1195132 0.136379 1.251282 0.08202793 0.1191959
0.09490246 0.1703124 0.1041379 0.2392522 1.237013 0.1261077 0.13056 1.25388 0.08688524 0.119175
0.1020447 0.1705066 0.1122198 0.2384607 1.238939 0.132363 0.1329095 1.254946 0.09225284 0.1193172
0.1086011 0.1707088 0.1195902 0.238751 1.240911 0.1389915 0.1308245 1.259359 0.09796427 0.1198924
0.1148235 0.1706518 0.1271425 0.2388712 1.239603 0.1488372 0.1321551 1.263195 0.1036016 0.119692
0.1209366 0.170915 0.134049 0.23868 1.240345 0.1588885 0.1469711 1.268591 0.109704 0.1195654
0.1267181 0.1713365 0.1414995 0.239662 1.240054 0.16316 0.1503036 1.267806 0.1147177 0.1199743
0.1314147 0.1709873 0.1464195 0.2387502 1.242171 0.1670647 0.1378828 1.270071 0.119246 0.1201066
0.1365278 0.1711632 0.1502549 0.2383426 1.243472 0.1696732 0.1333988 1.268205 0.1235233 0.1205483
0.1414808 0.1711189 0.1553615 0.2381235 1.244274 0.1736523 0.1330073 1.267432 0.1281149 0.1208731
0.1460556 0.1705686 0.1610073 0.2373177 1.244097 0.1816074 0.1379822 1.274565 0.1317447 0.1206195
0.1515539 0.1692272 0.165709 0.2373725 1.246262 0.175803 0.1218642 1.264791 0.1392313 0.1181616
0.156614 0.1683935 0.1717138 0.235333 1.245076 0.1916413 0.1429016 1.273125 0.1436257 0.1174769
0.1617101 0.1684618 0.1785665 0.2352801 1.246457 0.19383 0.1301835 1.273849 0.1469159 0.1184238
0.1664376 0.1664083 0.1831405 0.2342015 1.246137 0.1999364 0.1344268 1.274923 0.152333 0.1151065
0.1716478 0.1661305 0.1873648 0.2331532 1.248636 0.2054872 0.1397198 1.276514 0.1563722 0.1140991
0.1766487 0.1658396 0.1962786 0.232842 1.24944 0.2067192 0.1258428 1.276025 0.1605944 0.1132515
0.1817954 0.1638253 0.1984834 0.2314252 1.250731 0.2186429 0.1468211 1.283143 0.1647868 0.1121863
0.1871675 0.1632241 0.2046681 0.2304232 1.248932 0.2204368 0.1369599 1.278029 0.1692309 0.1110047
0.1930009 0.163063 0.2115343 0.2302715 1.249925 0.2229456 0.1289506 1.276545 0.1745466 0.1089748
0.1994348 0.1631941 0.2175172 0.2302284 1.252028 0.2299967 0.1306048 1.279536 0.1798437 0.1073432
0.2060439 0.1617922 0.2232428 0.2290676 1.252873 0.2386244 0.1384992 1.281647 0.1850381 0.1050213
0.212368 0.1615544 0.2295414 0.2290971 1.253903 0.2449829 0.1342584 1.286857 0.189584 0.1040245
0.2190667 0.1618026 0.2384728 0.229287 1.255952 0.2423132 0.1213031 1.278404 0.1947496 0.1032124
0.2251557 0.160898 0.2456286 0.2278702 1.256014 0.2564755 0.1334742 1.285967 0.1993173 0.1021791
0.2323269 0.161115 0.2523353 0.2281621 1.25783 0.2640325 0.1372285 1.287032 0.2046748 0.1021594
0.2393345 0.1598154 0.258749 0.2254561 1.255535 0.2708019 0.1365434 1.286438 0.2098825 0.101241
0.2461267 0.1591439 0.2699194 0.2250392 1.257584 0.2761401 0.1278454 1.29064 0.2145071 0.09944288
0.2513759 0.1575221 0.2749795 0.2235003 1.258518 0.28049 0.1323745 1.285861 0.2185661 0.0984102
0.2556478 0.1568757 0.2793776 0.2219189 1.261107 0.2819477 0.1218035 1.289758 0.2219691 0.09766465
0.2594521 0.1564503 0.2832261 0.2210837 1.260075 0.2848552 0.1200144 1.288281 0.2247757 0.09714203
0.2642452 0.1561607 0.2896871 0.2201118 1.261817 0.291636 0.1231863 1.292033 0.2279863 0.09562816
0.2691847 0.1556869 0.2946391 0.2189436 1.262444 0.2957462 0.1239957 1.289719 0.2434373 0.1003081
0.2741672 0.1554042 0.2998663 0.2192567 1.263944 0.2981325 0.1191925 1.29 0.2474038 0.1008676
0.2783762 0.1555676 0.3062746 0.2190091 1.263339 0.3026095 0.1185153 1.290304 0.250641 0.1014623
0.2826646 0.1556782 0.3120393 0.2194712 1.266722 0.3041442 0.1143914 1.290667 0.2524288 0.1005408
0.2853796 0.1555599 0.3143019 0.2196233 1.266416 0.3073926 0.1158539 1.29037 0.2543048 0.09990142
0.287316 0.1556522 0.3164368 0.2188683 1.266995 0.310383 0.1199322 1.289516 0.2557395 0.0999286
0.2876569 0.156264 0.3170508 0.2197923 1.266463 0.3066151 0.1168775 1.288258 0.2565542 0.1000385
0.2872099 0.1567348 0.3171267 0.2209697 1.270509 0.3083821 0.1212002 1.290205 0.2572095 0.1002679
0.2852354 0.1573821 0.3170788 0.2219708 1.272663 0.2996803 0.113991 1.285766 0.2576752 0.1007023
0.2816505 0.1586075 0.3135411 0.2239266 1.273927 0.2840737 0.1109653 1.278316 0.2581815 0.1014914
0.2768168 0.159532 0.3114762 0.2251845 1.273815 0.2934895 0.1160571 1.283869 0.2580317 0.1024549
0.2702005 0.1617646 0.3031258 0.2271416 1.271707 0.2846471 0.1149498 1.28213 0.2569381 0.1049503
0.2625585 0.1630404 0.2957965 0.2287879 1.271176 0.2768862 0.1157837 1.279953 0.2525323 0.1068305
0.254072 0.1667193 0.2855959 0.2316187 1.270348 0.2685605 0.1156365 1.278323 0.2372298 0.1073057
0.2447988 0.1679992 0.2741097 0.2336244 1.26913 0.2615485 0.1184399 1.275433 0.2320807 0.1076132
0.2347367 0.1695524 0.2642828 0.2355727 1.265174 0.2505512 0.1203333 1.273488 0.2242205 0.1070606
0.2245362 0.1700596 0.2522882 0.2358681 1.261663 0.2462935 0.1286044 1.265267 0.216741 0.1078876
0.2145433 0.1705246 0.2427779 0.2369374 1.261826 0.2370794 0.1257899 1.267222 0.2092277 0.1091719
0.2048809 0.1715729 0.2314098 0.2384661 1.259076 0.2286507 0.1291062 1.258778 0.2011062 0.110612
0.1955823 0.1713185 0.2227486 0.2379668 1.254654 0.2185301 0.1326289 1.263303 0.193543 0.113224
0.1856195 0.1707395 0.2118145 0.2375951 1.250337 0.2080909 0.1227247 1.261633 0.1857542 0.1142143
0.1766592 0.1705153 0.2021736 0.235987 1.24928 0.1983684 0.1241785 1.262372 0.1781788 0.1147295
0.1672353 0.1681276 0.1926095 0.2336164 1.245004 0.1877656 0.121137 1.259697 0.1676542 0.1149297
0.1583848 0.1679364 0.1832001 0.2338521 1.243268 0.1874863 0.1385306 1.247778 0.160443 0.1159962
0.1499512 0.1692046 0.1735002 0.2352812 1.238782 0.1726249 0.1206391 1.255245 0.1533648 0.116929
0.1416193 0.1687804 0.1636929 0.2340473 1.23655 0.1659446 0.1200102 1.25404 0.1461681 0.1175065
0.1332566 0.1682863 0.157229 0.235586 1.231449 0.1562641 0.1194444 1.252797 0.13953 0.1175048
0.1247522 0.1682415 0.1463424 0.2348162 1.229845 0.1536846 0.1273004 1.240833 0.1315413 0.1177622
0.1153092 0.1680002 0.1368519 0.2347361 1.226051 0.1394005 0.1173907 1.247525 0.1243356 0.1178669
0.1065043 0.168247 0.1265148 0.2339538 1.225535 0.1322671 0.1197284 1.244828 0.116741 0.1176643
0.09761111 0.167825 0.1145653 0.2359888 1.225571 0.1266811 0.1181087 1.24493 0.1091029 0.117052
0.08952 0.1697227 0.1030581 0.2374844 1.225809 0.1194029 0.1261946 1.238018 0.1025416 0.1172926
0.08270843 0.1698258 0.09625948 0.2379101 1.225301 0.1115933 0.1226284 1.243209 0.0966038 0.1179865
0.07609195 0.1700906 0.08542933 0.240182 1.226539 0.1089154 0.1391705 1.238125 0.09138302 0.1181522
0.06771162 0.1708467 0.07727771 0.2405512 1.225953 0.1002485 0.1401204 1.236294 0.08510561 0.1188398
0.06081411 0.1726222 0.07279032 0.241113 1.224093 0.09221604 0.1283811 1.2395 0.07939421 0.1197395
0.05334229 0.1728166 0.06302056 0.2419888 1.22393 0.08308212 0.1268607 1.241156 0.07371769 0.1197047
0.04609887 0.1725993 0.05424737 0.2418509 1.223194 0.07667951 0.1295552 1.240211 0.06724837 0.1195079
0.03967735 0.172382 0.04467028 0.2425326 1.224117 0.07241607 0.1365012 1.238051 0.06177259 0.1193468
0.03967735 0.172382 0.04467028 0.2425326 1.224117 0.07241607 0.1365012 1.238051 0.06177259 0.1193468
0.03967735 0.172382 0.04467028 0.2425326 1.224117 0.07241607 0.1365012 1.238051 0.06177259 0.1193468
0.03371771 0.1729411 0.03613064 0.2418778 1.227174 0.06789139 0.1483635 1.237298 0.05652336 0.119379
0.02798761 0.1731748 0.03120162 0.2433479 1.227046 0.06211652 0.1381461 1.240156 0.05089628 0.1205339
0.02798761 0.1731748 0.03120162 0.2433479 1.227046 0.06211652 0.1381461 1.240156 0.05089628 0.1205339
0.02798761 0.1731748 0.03120162 0.2433479 1.227046 0.06211652 0.1381461 1.240156 0.05089628 0.1205339
0.02378121 0.1742665 0.02605162 0.24328 1.228409 0.05751807 0.1358526 1.240683 0.03941787 0.1300712
0.02045908 0.1748833 0.02289372 0.2450039 1.228839 0.05262686 0.1389011 1.238092 0.03795917 0.1292789
0.02045908 0.1748833 0.02289372 0.2450039 1.228839 0.05262686 0.1389011 1.238092 0.03795917 0.1292789
0.02045908 0.1748833 0.02289372 0.2450039 1.228839 0.05262686 0.1389011 1.238092 0.03795917 0.1292789
0.01718894 0.175954 0.01754723 0.2461344 1.230096 0.05148961 0.1547519 1.236 0.03681932 0.1286716
0.0140577 0.1780718 0.01478658 0.2484071 1.230081 0.04802132 0.1521286 1.237069 0.034951 0.1282282
0.01087154 0.1790611 0.0105262 0.2500614 1.231469 0.04486968 0.1543705 1.23753 0.03306193 0.1278214
0.01087154 0.1790611 0.0105262 0.2500614 1.231469 0.04486968 0.1543705 1.23753 0.03306193 0.1278214
0.007251386 0.1811454 0.00657864 0.2510292 1.233775 0.040904 0.1575 1.238797 0.02964335 0.1287018
0.003636064 0.1814966 0.0007879077 0.2516537 1.234998 0.03676232 0.1682424 1.237535 0.02694005 0.1289756
0.003636064 0.1814966 0.0007879077 0.2516537 1.234998 0.03676232 0.1682424 1.237535 0.02694005 0.1289756
0.003636064 0.1814966 0.0007879077 0.2516537 1.234998 0.03676232 0.1682424 1.237535 0.02694005 0.1289756
0.0003438355 0.1823172 -0.00258052 0.2522709 1.234108 0.03386139 0.1653385 1.236578 0.02406789 0.1295161
-0.001810889 0.184769 -0.004378391 0.2557693 1.237322 0.03116245 0.1698894 1.236771 0.02143281 0.1307215
-0.001810889 0.184769 -0.004378391 0.2557693 1.237322 0.03116245 0.1698894 1.236771 0.02143281 0.1307215
-0.001810889 0.184769 -0.004378391 0.2557693 1.237322 0.03116245 0.1698894 1.236771 0.02143281 0.1307215
-0.001810889 0.184769 -0.004378391 0.2557693 1.237322 0.03116245 0.1698894 1.236771 0.02143281 0.1307215
-0.002547396 0.1849042 -0.006049804 0.255466 1.236091 0.03249891 0.1653424 1.236654 0.01975533 0.1316057
-0.00165116 0.1847757 -0.004753573 0.2550107 1.235001 0.03251426 0.1722128 1.2366 0.01883124 0.1319309
0.0005670934 0.1848267 -0.003596165 0.254744 1.234069 0.03404524 0.1704333 1.23524 0.01874939 0.1319533
0.0005670934 0.1848267 -0.003596165 0.254744 1.234069 0.03404524 0.1704333 1.23524 0.01874939 0.1319533
0.003608538 0.1849067 5.967333E-05 0.2545807 1.231176 0.03741989 0.1685272 1.235967 0.0171081 0.1368106
0.007649341 0.1842065 0.00480437 0.2541305 1.229786 0.04090459 0.1758196 1.232649 0.01739034 0.1388699
0.007649341 0.1842065 0.00480437 0.2541305 1.229786 0.04090459 0.1758196 1.232649 0.01739034 0.1388699
0.007649341 0.1842065 0.00480437 0.2541305 1.229786 0.04090459 0.1758196 1.232649 0.01739034 0.1388699
0.01168955 0.1839971 0.008565114 0.2540207 1.227148 0.04548411 0.1695816 1.233174 0.01817715 0.1398673
0.01690408 0.1835202 0.01370449 0.2533033 1.225471 0.05120744 0.1716375 1.231163 0.02080577 0.140278
0.0224999 0.1830099 0.01973533 0.2525395 1.223435 0.05638739 0.1680399 1.229721 0.02426543 0.1416979
0.0224999 0.1830099 0.01973533 0.2525395 1.223435 0.05638739 0.1680399 1.229721 0.02426543 0.1416979
0.0224999 0.1830099 0.01973533 0.2525395 1.223435 0.05638739 0.1680399 1.229721 0.02426543 0.1416979
0.02834124 0.1821167 0.02581891 0.2513078 1.220054 0.06329837 0.1636339 1.228906 0.02882261 0.142758
0.03465375 0.1805266 0.03277653 0.2501613 1.219187 0.07026318 0.1549182 1.231667 0.03399728 0.1432285
0.03465375 0.1805266 0.03277653 0.2501613 1.219187 0.07026318 0.1549182 1.231667 0.03399728 0.1432285
0.03465375 0.1805266 0.03277653 0.2501613 1.219187 0.07026318 0.1549182 1.231667 0.03399728 0.1432285
0.04095185 0.1800637 0.0389047 0.2495934 1.216567 0.0767573 0.1543914 1.230616 0.04349508 0.1384729
0.04760055 0.179604 0.04642957 0.2490629 1.213326 0.0835916 0.1536951 1.229388 0.04889289 0.1372174
0.04760055 0.179604 0.04642957 0.2490629 1.213326 0.0835916 0.1536951 1.229388 0.04889289 0.1372174
0.04760055 0.179604 0.04642957 0.2490629 1.213326 0.0835916 0.1536951 1.229388 0.04889289 0.1372174
0.05455503 0.1810254 0.05436986 0.2499506 1.212798 0.09011642 0.1558297 1.22708 0.05573492 0.1350912
0.06145337 0.1814544 0.06356356 0.2504612 1.21117 0.1011718 0.1507477 1.235929 0.06119975 0.1398913
0.06145337 0.1814544 0.06356356 0.2504612 1.21117 0.1011718 0.1507477 1.235929 0.06119975 0.1398913
0.06145337 0.1814544 0.06356356 0.2504612 1.21117 0.1011718 0.1507477 1.235929 0.06119975 0.1398913
0.06849843 0.1816612 0.06762408 0.2515093 1.210343 0.09684782 0.2052204 1.210844 0.06851483 0.1374857
0.07493602 0.1834268 0.07540351 0.2525122 1.209488 0.1099345 0.148054 1.224119 0.07402827 0.13593
0.08003575 0.1846842 0.08328017 0.2535639 1.209105 0.1123119 0.1487769 1.223674 0.07787428 0.1357625
0.08613871 0.1850009 0.0880039 0.2540735 1.20755 0.1266524 0.1518984 1.230178 0.08287349 0.1344783
0.09176412 0.1855928 0.09469738 0.2553667 1.206371 0.1266682 0.1478462 1.225974 0.08740895 0.1344483
0.09755814 0.1858368 0.09932628 0.2554628 1.205353 0.1384366 0.1809705 1.236125 0.09177542 0.1351571
0.1028599 0.1862191 0.1034868 0.2554531 1.204972 0.1380914 0.1455978 1.226043 0.09649108 0.1351035
0.1089801 0.1885391 0.1110569 0.2573428 1.206804 0.1458273 0.1506225 1.228845 0.1024463 0.1361525
0.1150872 0.1882129 0.1173454 0.2569383 1.202249 0.1528952 0.154854 1.226911 0.1103875 0.1378188
0.1213686 0.1882725 0.1262849 0.2564559 1.199996 0.1607742 0.1607395 1.226967 0.115383 0.1369138
0.1282904 0.1873912 0.1350237 0.256356 1.196203 0.1656096 0.1453523 1.225333 0.120831 0.1358228
0.135332 0.18622 0.1420645 0.2547674 1.195003 0.1730489 0.1459977 1.225917 0.1270038 0.1344249
0.1428245 0.1858383 0.1474017 0.252492 1.19257 0.1800739 0.1485037 1.223515 0.1331634 0.1325649
0.1504659 0.1839945 0.1596898 0.2525629 1.189883 0.1916061 0.1506505 1.232 0.1390115 0.1307956
0.1579745 0.1830112 0.16696 0.2508056 1.186159 0.1923237 0.1440337 1.2169 0.1450655 0.128592
0.1649662 0.1820606 0.1733513 0.2482451 1.185581 0.202404 0.1511832 1.22 0.1494981 0.1275638
0.1714236 0.180736 0.1810223 0.2461555 1.183828 0.2043695 0.1419303 1.213264 0.1540764 0.1261094
0.1772338 0.1801526 0.1900233 0.2459329 1.182726 0.2138983 0.1448102 1.220346 0.1587576 0.1251702
0.1827912 0.1794233 0.1952839 0.2450968 1.181581 0.2128325 0.1356033 1.210192 0.1629598 0.1241661
0.187992 0.1788589 0.2019854 0.2444866 1.179573 0.2235317 0.1380597 1.219882 0.1676923 0.123836
0.1926951 0.1777875 0.2056353 0.2439126 1.17888 0.2240683 0.1353162 1.211718 0.1732759 0.124925
0.1967766 0.1784142 0.2083959 0.2430143 1.177342 0.2319807 0.1458988 1.215 0.1763366 0.124351
0.2012078 0.1774306 0.2148459 0.2430134 1.175548 0.232015 0.1382379 1.208022 0.1800808 0.1234285
0.2055595 0.1766197 0.2205221 0.2415119 1.172769 0.2361666 0.1354919 1.20673 0.1836648 0.1223485
0.2101396 0.1756899 0.2256569 0.2412264 1.171825 0.242149 0.1419475 1.20625 0.1893311 0.1229033
0.2148413 0.1750694 0.2329647 0.2403264 1.169269 0.2461795 0.141386 1.204925 0.1926576 0.1217843
0.2200533 0.1747147 0.2372288 0.2395818 1.168834 0.2535678 0.1449185 1.209 0.1960474 0.1200737
0.2248281 0.1737023 0.2434032 0.2379406 1.165709 0.2551006 0.1424387 1.199512 0.1998077 0.1189425
0.2307058 0.1728333 0.2496456 0.2364146 1.164294 0.2585415 0.1362142 1.199478 0.2035968 0.1181634
0.2366768 0.1722365 0.2578256 0.2358169 1.16306 0.2671601 0.141311 1.2027 0.2071419 0.1175821
0.2420802 0.1721961 0.2627068 0.2356092 1.161443 0.2678028 0.1334982 1.197829 0.2105639 0.1167537
0.247728 0.1714465 0.2700638 0.2348492 1.16039 0.2742599 0.137135 1.196596 0.2141591 0.1163004
0.2536752 0.1711323 0.2789074 0.2336817 1.16003 0.2786927 0.1306394 1.196943 0.2174907 0.1152376
0.2597103 0.1692336 0.2831239 0.2324323 1.156759 0.2852035 0.130279 1.196583 0.2303969 0.1208241
0.2674518 0.1686757 0.2941985 0.2312832 1.157171 0.2941986 0.1326908 1.200043 0.2352332 0.1218137
0.2748442 0.1678538 0.3024917 0.2297993 1.153194 0.3006096 0.1350283 1.192179 0.2393083 0.12127
0.2831209 0.1658996 0.3109633 0.2282434 1.150525 0.3096731 0.1393592 1.187133 0.2417886 0.1123929
0.2915167 0.1642102 0.3215912 0.2269511 1.146594 0.3142501 0.1300643 1.185342 0.2473533 0.1081504
0.2995897 0.1619939 0.330087 0.225008 1.140932 0.3247354 0.1335985 1.182074 0.2511073 0.1047211
0.3076909 0.1607235 0.3396483 0.2238079 1.134994 0.3337314 0.1377683 1.172182 0.2631819 0.1021829
0.3163015 0.159596 0.3488151 0.2216346 1.13127 0.3379639 0.1249158 1.170926 0.2668137 0.1024829
0.3229732 0.1567399 0.3566681 0.2180416 1.123821 0.3469428 0.1366494 1.1535 0.2794534 0.1039202
0.3285993 0.1545263 0.3612484 0.2144428 1.114032 0.3474069 0.1331183 1.138647 0.2874528 0.1014413
0.3319581 0.1513963 0.3658037 0.2074167 1.101451 0.3035517 0.0957505 1.10724 0.2980649 0.09872574
0.3313628 0.1421317 0.3647451 0.1957747 1.078505 0.3583774 0.1383166 1.104193 0.2992354 0.09072261
0.3273161 0.129688 0.3580338 0.1836504 1.051438 0.3313062 0.08004161 1.081286 0.297712 0.0768903
0.3242804 0.116331 0.3551031 0.1650792 1.021006 0.3282657 0.06635356 1.054125 0.2954699 0.06255078
0.3199809 0.09884781 0.3479052 0.1428167 0.9835822 0.3258842 0.05131123 1.020072 0.2931634 0.04502362
0.3171882 0.08044809 0.342086 0.1203968 0.9467413 0.3216841 0.03174562 0.9849092 0.3001854 0.04429727
0.3155593 0.06094907 0.3357668 0.09507786 0.9028511 0.3215463 0.01547516 0.9491667 0.301177 0.03514526
0.3140609 0.0394144 0.3295986 0.07229643 0.8632945 0.3218948 -0.001385403 0.9158947 0.3015462 0.0004941162
0.3123795 0.01817254 0.3256294 0.04595127 0.8201752 0.3206885 -0.02330754 0.8791333 0.3062453 -0.01374345
0.3106444 -0.005706212 0.3205325 0.01953957 0.7787627 0.3178963 -0.04635911 0.8448462 0.3079394 -0.03648614
0.3081772 -0.02908824 0.3138204 -0.002566137 0.7324864 0.3346554 -0.03305646 0.76652 0.3074205 -0.04736635
0.3049171 -0.05108038 0.3102058 -0.03087996 0.6980745 0.3361321 -0.06333457 0.7447144 0.3048358 -0.05078097
0.302404 -0.07444829 0.3059972 -0.05612523 0.6640441 0.3230989 -0.08928733 0.7083332 0.304761 -0.1030338
0.3017501 -0.09713879 0.3040746 -0.08076852 0.6293712 0.3426982 -0.098271 0.6722857 0.3287354 -0.1362361
0.2989876 -0.1123469 0.3039466 -0.1004332 0.5996651 0.3340511 -0.1122176 0.6317693 0.3038211 -0.09956364
0.2963929 -0.1362615 0.3038963 -0.121935 0.5688108 0.3242173 -0.1384871 0.6201 0.2962684 -0.1631817
0.2950692 -0.1469702 0.298544 -0.1323121 0.5542859 0.3327125 -0.1435208 0.5613334 0.2958607 -0.1796449
0.2953129 -0.1700179 0.3021963 -0.2782722 0.5375922 0.2816283 -0.2736214 0.53625 0.3283226 -0.1867957
0.2906007 -0.1799781 0.2726682 -0.277947 0.5293584 0.2508572 -0.2579191 0.552 0.296892 -0.163529
0.2910358 -0.2019293 0.268604 -0.2811837 0.5273014 0.2687685 -0.2610248 0.5567144 0.2987052 -0.1776478
0.2909113 -0.2234032 0.2748597 -0.2865 0.5232437 0.2435459 -0.3172853 0.574 0.3030823 -0.1846632
0.2853298 -0.2416151 0.2735471 -0.2963996 0.5186842 0.2441607 -0.3197519 0.5750488 0.3058604 -0.1912311
0.3002133 -0.2258191 0.2792131 -0.251981 0.5281619 0.2358058 -0.2927793 0.576 0.3076642 -0.1965964
0.2978361 -0.24042 0.2828073 -0.2700106 0.523544 0.2281067 -0.2947227 0.5716667 0.3095152 -0.2044639
0.2987937 -0.2463551 0.2780355 -0.2759764 0.5227903 0.2367943 -0.3009518 0.5757306 0.310965 -0.2060474
0.301578 -0.2455608 0.266987 -0.2761429 0.5275719 0.2406229 -0.3034514 0.584 0.3122738 -0.2077816
0.3049068 -0.244001 0.2563554 -0.2813194 0.5390599 0.2620547 -0.3053603 0.6068462 0.3128171 -0.208834
0.3073179 -0.2427206 0.2405201 -0.2870299 0.5499142 0.2574903 -0.2874405 0.6169199 0.3138214 -0.2096365
0.3061478 -0.2450815 0.2472177 -0.2873777 0.5483655 0.2468683 -0.2918642 0.6003449 0.3145658 -0.2100133
0.3058911 -0.2444166 0.2466682 -0.2889622 0.5472292 0.2578444 -0.2828524 0.6164722 0.3153117 -0.2106723
0.3006595 -0.2489524 0.2427673 -0.2946831 0.5490185 0.2830089 -0.3088256 0.6185715 0.3149015 -0.2140232
0.3006471 -0.2477679 0.2383086 -0.2982292 0.5537296 0.2594813 -0.2868983 0.6143334 0.3153361 -0.2148772
0.2990791 -0.2506927 0.2428465 -0.2938765 0.541979 0.3030998 -0.3527671 0.638 0.3155002 -0.2167354
0.3001478 -0.2508408 0.2521957 -0.2940208 0.536341 0.2706136 -0.3066133 0.6058437 0.3156021 -0.2180253
0.2990399 -0.2546801 0.2476773 -0.2986047 0.5450474 0.3024095 -0.3521671 0.626 0.3153662 -0.2203491
0.2997594 -0.2547942 0.2490903 -0.2976493 0.5427094 0.3035044 -0.3496466 0.625253 0.3155894 -0.2205249
0.2995858 -0.2557704 0.2464404 -0.2990603 0.539366 0.3058391 -0.3493924 0.6237698 0.3161578 -0.2202578
0.2995857 -0.2556813 0.2412291 -0.3003447 0.5475165 0.3073391 -0.3386886 0.6255 0.3163988 -0.2203373
0.2991571 -0.2569109 0.252925 -0.2990319 0.5403616 0.3051708 -0.3487574 0.6228503 0.3161009 -0.2221756
0.2996514 -0.2559506 0.2490595 -0.2942314 0.5316409 0.3040503 -0.3474821 0.6241244 0.3162392 -0.2225723
0.3005954 -0.2554622 0.2513365 -0.3026946 0.5404729 0.3011378 -0.3476666 0.6230621 0.3160658 -0.2231849
0.3005139 -0.2557969 0.2439106 -0.3037207 0.5466387 0.2995548 -0.3476733 0.6255892 0.3163055 -0.2230927
0.3003819 -0.2578931 0.2566133 -0.3034087 0.5355487 0.3022563 -0.3484977 0.6236529 0.3163879 -0.2231316
0.2996469 -0.2590637 0.2530853 -0.3046647 0.5420474 0.3034503 -0.348141 0.6247329 0.3161944 -0.2240134
0.2986493 -0.2628738 0.2534191 -0.3041294 0.5398238 0.3100113 -0.3476931 0.6208354 0.3157571 -0.2255748
0.2985554 -0.2634609 0.2525732 -0.3077629 0.5375834 0.3054494 -0.3503445 0.6233318 0.3155332 -0.2264188
0.2969777 -0.2635444 0.243405 -0.299419 0.5349845 0.2964149 -0.3438674 0.6152501 0.3154679 -0.2268037